2276
1 1
2 2
1 4
2 5
2 7
1 5
6 9
2 15
4 17
1 2
3 21
2 24
4 26
4 30
1 34
2 35
2 37
1 39
1 40
1 21
22 41
1 63
3 64
1 67
1 68
6 69
1 7
8 75
4 9
13 83
7 96
1 103
2 104
2 106
3 108
3 111
3 114
2 117
1 119
1 120
1 121
2 122
3 124
2 127
4 129
3 133
2 136
1 138
1 139
3 140
5 143
1 148
7 149
1 156
4 157
7 161
1 168
3 169
2 172
2 174
1 176
1 9
10 177
3 187
3 190
3 193
6 196
1 202
1 203
7 204
2 211
3 213
5 216
1 221
1 222
1 223
3 224
4 227
2 231
4 233
3 237
1 240
5 241
1 246
2 247
7 249
2 256
2 258
1 260
3 261
1 264
4 265
6 269
1 10
11 275
3 286
2 289
5 291
1 296
3 297
10 300
4 310
7 314
2 321
4 323
1 327
2 328
7 330
1 337
1 338
1 339
6 340
4 346
5 350
3 355
2 358
5 360
7 365
1 372
4 373
3 377
4 380
10 384
1 394
2 395
4 397
4 401
3 405
5 408
8 413
2 421
8 423
2 431
3 433
3 436
2 439
4 441
1 445
1 11
12 446
3 458
2 461
2 463
1 465
3 466
1 469
2 470
1 472
3 473
1 476
7 477
2 484
2 486
1 488
6 489
5 495
2 500
1 502
1 503
3 504
2 507
5 509
10 514
4 524
4 528
2 532
3 534
2 537
5 539
1 544
4 545
4 549
9 553
6 562
1 568
4 569
1 573
11 574
5 585
6 590
3 596
3 599
2 602
3 604
4 607
11 611
2 622
5 624
13 629
1 642
5 643
1 648
2 649
2 651
2 653
6 655
1 661
5 662
2 667
2 669
1 671
7 672
1 679
4 680
3 684
1 687
3 688
1 691
7 692
5 699
1 704
1 705
3 706
1 709
1 710
1 711
5 712
1 717
1 718
4 719
3 723
9 726
2 735
1 737
3 738
5 741
1 746
2 747
2 749
3 751
1 754
3 17
20 755
1 775
10 776
1 786
2 787
2 789
1 791
3 792
3 795
1 798
1 799
3 800
2 803
1 805
1 806
2 807
5 809
2 814
3 816
1 819
3 820
1 823
3 824
6 827
2 833
6 835
1 841
1 842
3 843
2 846
2 848
1 850
1 851
1 852
2 853
4 855
4 859
5 863
7 868
7 875
4 882
2 886
2 888
1 890
1 891
2 892
4 894
4 898
4 902
1 906
1 907
2 908
1 910
7 911
1 918
1 919
5 920
1 925
3 926
6 929
1 935
4 936
6 940
4 946
6 950
2 956
1 958
10 959
2 969
3 971
2 974
1 976
1 977
3 978
1 981
5 982
2 987
2 989
8 991
1 441
442 999
1441 1441
2882 2882
7 514
521 5764
211 1441
1652 6285
12 41
53 2882
2935 7937
10 41
51 999
1050 1652
2702 7937
10639 10872
2 340
342 2935
3277 21511
848 1652
2500 24788
1 377
378 1050
1428 27288
4 291
295 3277
3572 28716
3 265
268 1652
1920 32288
204 34208
6 1920
1926 34412
12 999
1011 36338
7 41
48 5764
5812 37349
5 43161
1 545
546 3572
4118 43166
4 350
354 47284
83 3277
3360 10872
14232 47638
1 53
54 3277
3331 61870
64 1050
1114 65201
5 96
101 2935
3036 66315
2 26
28 1441
1469 69351
296 70820
2 397
399 4118
4517 71116
1 140
141 4517
4658 75633
2 149
151 3572
3723 80291
6 477
483 1926
2409 84014
2 611
613 4658
5271 86423
2 413
415 7937
8352 91694
2 108
110 2500
2610 10872
13482 100046
1 51
52 6285
6337 113528
3 204
207 3360
3567 119865
1 211
212 3036
3248 123432
2 408
410 6337
6747 126680
149 133427
486 8352
8838 133576
5 54
59 4118
4177 142414
718 146591
124 5271
5395 147309
2 355
357 1926
2283 152704
1 75
76 154987
1 83
84 5271
5355 155063
121 3723
3844 160418
1 24
25 1050
1075 164262
3 41
44 8352
8396 165337
3 96
99 2702
2801 173733
3 176534
84 4177
4261 176537
211 5812
6023 180798
1 330
331 186821
35 4658
4693 187152
34 2801
2835 191845
6 2283
2289 194680
2 405
407 6337
6744 196969
7 423
430 203713
1 114
115 1469
1584 204143
37 2835
2872 205727
792 208599
971 209391
121 4517
4638 210362
1 143
144 215000
196 4261
4457 215144
13 1469
1482 219601
67 1926
1993 221083
11 755
766 223076
1 169
170 1652
1822 223842
1 124
125 1993
2118 225664
10 1075
1085 227782
7 2801
2808 228867
4 1822
1826 231675
1 289
290 4693
4983 233501
35 6747
6782 238484
2 978
980 6782
7762 245266
1 651
652 13482
14134 253028
2 64
66 2289
2355 267162
177 7937
8114 269517
5 1482
1487 277631
3 1487
1490 279118
8 3572
3580 280608
4 314
318 13482
13800 284188
8 2118
2126 297988
1 37
38 4177
4215 300114
1 204
205 1114
1319 304329
7 300
307 5395
5702 305648
2 76
78 5395
5473 311350
136 2126
2262 316823
3 59
62 1319
1381 10872
12253 319085
7 1381
1388 331338
2 69
71 2126
2197 332726
59 1584
1643 334923
989 336566
69 337555
2 157
159 337624
67 1114
1181 337783
11 2935
2946 338964
5 489
494 341910
108 6782
6890 342404
405 349294
1 22
23 2500
2523 349699
101 352222
405 352323
22 6890
6912 352728
20 5395
5415 359640
1 15
16 1085
1101 365055
7 84
91 1993
2084 366156
2 84
86 368240
4 2610
2614 368326
52 2614
2666 370940
2 144
146 1652
1798 373606
2 719
721 6912
7633 375404
30 383037
1 26
27 2946
2973 383067
34 2973
3007 386040
2 133
135 3844
3979 389047
1 151
152 6912
7064 393026
2 30
32 400090
15 1926
1941 400122
1 117
118 3979
4097 402063
23 7064
7087 406160
3 1381
1384 413247
3 4658
4661 414631
3 71
74 5473
5547 419292
3 590
593 424839
39 1490
1529 425432
3 1584
1587 426961
6 5355
5361 428548
51 3360
3411 433909
1 1075
1076 437320
25 1181
1206 438396
156 4261
4417 439602
265 444019
118 3723
3841 444284
1 30
31 1206
1237 8838
10075 448125
1 607
608 458200
1 528
529 14232
14761 458808
127 3844
3971 473569
1 174
175 477540
1 101
102 13482
13584 477715
53 2355
2408 491299
3 950
953 493707
1 96
97 4261
4358 494660
318 499018
4 1011
1015 499336
27 500351
41 1993
2034 500378
75 3411
3486 502412
10 2355
2365 505898
1 17
18 2666
2684 508263
30 5473
5503 510947
3 920
923 516450
3 859
862 517373
34 2126
2160 518235
4 868
872 520395
1 514
515 521267
32 7087
7119 521782
5 446
451 10075
10526 528901
395 539427
2 48
50 2614
2664 539822
34 1993
2027 542486
91 544513
1 28
29 2523
2552 544604
1 256
257 547156
157 7762
7919 547413
6 1941
1947 555332
1 602
603 557279
141 3036
3177 557882
569 561059
18 4358
4376 561628
2 4638
4640 566004
1 7919
7920 570644
2 2552
2554 578564
35 3036
3071 581118
1 2500
2501 584189
3 129
132 1652
1784 586690
16 1114
1130 588474
8 2501
2509 589604
29 2126
2155 592113
108 1652
1760 594268
8 613
621 8838
9459 596028
1 1085
1086 605487
22 4417
4439 606573
51 3486
3537 611012
24 1237
1261 614549
8 3331
3339 615810
8 4358
4366 619149
2408 623515
1584 625923
4 726
730 627507
3 275
278 628237
1 436
437 628515
2 41
43 1130
1173 628952
1075 630125
4 585
589 631200
84 631789
275 631873
569 632148
241 632717
622 632958
24 4215
4239 633580
755 637819
1 231
232 4983
5215 638574
5 940
945 643789
1428 644734
24 3844
3868 646162
96 2702
2798 650030
27 3360
3387 652828
25 2973
2998 656215
4 161
165 4693
4858 659213
258 664071
706 664329
2 1469
1471 665035
1 32
33 7119
7152 666506
39 2197
2236 673658
27 1490
1517 675894
4 1643
1647 677411
350 679058
1 800
801 679408
11 1441
1452 680209
1 13
14 2409
2423 681661
27 3248
3275 684084
68 8396
8464 687359
1 86
87 3071
3158 695823
38 4457
4495 698981
22 8352
8374 703476
29 2197
2226 711850
25 1130
1155 714076
470 715231
17 2666
2683 715701
2160 718384
4 699
703 720544
257 6337
6594 721247
4 1482
1486 727841
18 1206
1224 729327
40 4858
4898 730551
5 2973
2978 735449
5 3339
3344 738427
5 384
389 12253
12642 741771
5 2365
2370 754413
1 2289
2290 756783
2 161
163 6023
6186 759073
17 3036
3053 765259
54 768312
1 76
77 768366
35 1529
1564 768443
237 8464
8701 770007
1 35
36 4517
4553 778708
9 8838
8847 783261
7 1173
1180 792108
1 71
72 9459
9531 793288
1 54
55 4983
5038 802819
15 2614
2629 807857
30 2882
2912 810486
3 196
199 8114
8313 813398
1 2610
2611 821711
20 4239
4259 824322
3 55
58 1826
1884 21511
23395 828581
20 6186
6206 851976
754 858182
240 858936
549 859176
7 4118
4125 859725
337 863850
14 8374
8388 864187
2 911
913 872575
5 3868
3873 873488
3 152
155 13584
13739 877361
3 741
744 891100
38 5038
5076 891844
2 87
89 8464
8553 896920
2 835
837 905473
1 2666
2667 906310
37 5215
5252 908977
32 1652
1684 914229
1 408
409 915913
13 3873
3886 916322
48 1587
1635 920208
331 921843
2 1760
1762 922174
4 712
716 923936
2 152
154 5812
5966 924652
35 4125
4160 930618
15 3344
3359 934778
24 2523
2547 938137
3 882
885 940684
29 4517
4546 941569
21 1947
1968 946115
1 3873
3874 948083
20 2262
2282 951957
5 655
660 954239
24 2835
2859 954899
1 3979
3980 14761
18741 957758
3 3411
3414 976499
1173 979913
574 981086
6 3360
3366 981660
54 3580
3634 985026
1 78
79 988660
1 59
60 2290
2350 988739
51 5547
5598 991089
12 1652
1664 996687
998351 998351
1996702 1996702
3993404 3993404
261 203713
203974 1996702
2200676 7986808
7 1206
1213 765259
766472 2200676
2967148 10187484
923 438396
439319 998351
1437670 13154632
9 1155
1164 91694
92858 7986808
8079666 14592302
2 265
267 425432
425699 998351
1424050 22671968
5 1086
1091 334923
336014 1437670
1773684 24096018
2 655
657 508263
508920 2200676
2709596 25869702
4 1261
1265 727841
729106 28579298
494 365055
365549 2200676
2566225 29308404
35 2160
2195 916322
918517 2967148
3885665 3993404
7879069 31874629
5 574
579 12642
13221 47638
60859 1996702
2057561 39753698
14 5395
5409 196969
202378 998351
1200729 41811259
2 2798
2800 160418
163218 43011988
17 1762
1779 133576
135355 1200729
1336084 43175206
6 2290
2296 269517
271813 2200676
2472489 44511290
380 14232
14612 46983779
40 1587
1627 126680
128307 1200729
1329036 46998391
1 133
134 5812
5946 48327427
307 221083
221390 1773684
1995074 48333373
114 759073
759187 2967148
3726335 3993404
7719739 50328447
1 48
49 2423
2472 58048186
1 60
61 10639
10700 828581
839281 10187484
11026765 58050658
16 2835
2851 28716
31567 2472489
2504056 69077423
49 1319
1368 21511
22879 2504056
2526935 71581479
87 6337
6424 1200729
1207153 74108414
155 8847
9002 2057561
2066563 75315567
27 7119
7146 47638
54784 3726335
3781119 77382130
50 5076
5126 37349
42475 1996702
2039177 81163249
25 4125
4150 113528
117678 1207153
1324831 83202426
17 2684
2701 633580
636281 84527257
3 776
779 215144
215923 2967148
3183071 85163538
660 66315
66975 2967148
3034123 88346609
12 1684
1696 147309
149005 1773684
1922689 91380732
1 84
85 6912
6997 3993404
4000401 93303421
4 2296
2300 119865
122165 1437670
1559835 4000401
5560236 97303822
3 1237
1240 684084
685324 102864058
3 2300
2303 793288
795591 8079666
8875257 103549382
1 569
570 91694
92264 2709596
2801860 112424639
746 34412
35158 1559835
1594993 115226499
24 7762
7786 703476
711262 116821492
1 1164
1165 75633
76798 1207153
1283951 117532754
4 331
335 21511
21846 1594993
1616839 118816705
37 3486
3523 135355
138878 120433544
24 2126
2150 43166
45316 1922689
1968005 5560236
7528241 120572422
463 66315
66778 1437670
1504448 128100663
3 4150
4153 1207153
1211306 129605111
141 10872
11013 100046
111059 998351
1109410 11026765
12136175 130816417
1 41
42 3177
3219 985026
988245 142952592
3 310
313 623515
623828 143940837
1 855
856 402063
402919 3183071
3585990 144564665
48 3414
3462 1594993
1598455 5560236
7158691 148150655
16 3634
3650 3885665
3889315 155309346
1 451
452 7152
7604 165337
172941 159198661
2 473
475 542486
542961 5560236
6103197 159371602
2 1165
1167 180798
181965 3183071
3365036 165474799
196 66975
67171 1211306
1278477 168839835
193 13800
13993 957758
971751 170118312
30 1587
1617 76798
78415 1616839
1695254 171090063
55 6912
6967 406160
413127 172785317
3 1762
1765 92858
94623 998351
1092974 173198444
4 177
181 22879
23060 1504448
1527508 174291418
8 6206
6214 1109410
1115624 4000401
5116025 175818926
2 1388
1390 623828
625218 180934951
79 3071
3150 128307
131457 3183071
3314528 181560169
20 1947
1967 698981
700948 184874697
35 2370
2405 924652
927057 185575645
787 122165
122952 2801860
2924812 186502702
43 12253
12296 741771
754067 189427514
34 4376
4410 638574
642984 190181581
2 227
229 23395
23624 998351
1021975 190824565
3 755
758 24788
25546 1996702
2022248 191846540
1 18
19 2034
2053 54784
56837 1437670
1494507 193868788
2 129
131 11013
11144 458808
469952 195363295
13 13221
13234 1115624
1128858 195833247
13 2084
2097 196969
199066 3365036
3564102 196962105
28 4661
4689 86423
91112 3365036
3456148 200526207
91 13584
13675 1996702
2010377 203982355
436 23624
24060 1616839
1640899 205992732
115 13993
14108 253028
267136 4000401
4267537 207633631
730 94623
95353 3456148
3551501 211901168
2 241
243 21511
21754 215452669
24 1968
1992 592113
594105 215474423
26 3219
3245 216068528
1 843
844 316823
317667 6103197
6420864 216071773
2 816
818 491299
492117 222492637
39 2423
2462 37349
39811 2967148
3006959 222984754
5 1920
1925 393026
394951 225991713
9531 1616839
1626370 226386664
2 1487
1489 319085
320574 228013034
5 1471
1476 126680
128156 2200676
2328832 228333608
31 320574
320605 230662440
853 628952
629805 230983045
122 5812
5934 100046
105980 231612850
12 9002
9014 828581
837595 231718830
12 2262
2274 123432
125706 3585990
3711696 232556425
3 44
47 1265
1312 1594993
1596305 236268121
20 1884
1904 730551
732455 237864426
8 3634
3642 253028
256670 238596881
12 2554
2566 1128858
1131424 238853551
1 229
230 9531
9761 998351
1008112 239984975
1 908
909 304329
305238 4267537
4572775 240993087
31 3650
3681 14761
18442 1437670
1456112 245565862
1 87
88 8847
8935 998351
1007286 247021974
331 7152
7483 570644
578127 8875257
9453384 248029260
23 1265
1288 56837
58125 2200676
2258801 257482644
4 730
734 176537
177271 259741445
233 24060
24293 1456112
1480405 259918716
27 3414
3441 1131424
1134865 261399121
709 56837
57546 1336084
1393630 262533986
20 1050
1070 521782
522852 263927616
1 433
434 180798
181232 264450468
4 1130
1134 35158
36292 1922689
1958981 264631700
643 39811
40454 4572775
4613229 266590681
2 946
948 215923
216871 271203910
7 1101
1108 131457
132565 3034123
3166688 271420781
36 2702
2738 1695254
1697992 274587469
68 11144
11212 3889315
3900527 276285461
26 1587
1613 1697992
1699605 280185988
5 6890
6895 375404
382299 281885593
35 368326
368361 282267892
29 3277
3306 927057
930363 282636253
68 7483
7551 1958981
1966532 283566616
27 11212
11239 1092974
1104213 285533148
1 546
547 61870
62417 1021975
1084392 286637361
17 3248
3265 95353
98618 1773684
1872302 287721753
11 3053
3064 14761
17825 289594055
1 2365
2366 1109410
1111776 289611880
2523 177271
179794 4000401
4180195 290723656
44 1696
1740 896920
898660 294903851
14 2882
2896 394951
397847 4613229
5011076 295802511
15 3844
3859 3183071
3186930 300813587
2 2851
2853 181965
184818 304000517
1 129
130 7152
7282 256670
263952 304185335
7 1181
1188 86423
87611 3781119
3868730 304449287
62 14761
14823 1134865
1149688 308318017
466 24788
25254 2066563
2091817 309467705
22 12296
12318 311559522
134 8114
8248 2022248
2030496 311571840
2 190
192 58125
58317 3456148
3514465 313602336
119 7152
7271 1115624
1122895 317116801
6 672
678 138878
139556 9453384
9592940 318239696
5 1993
1998 18741
20739 2801860
2822599 327832636
20 1319
1339 14823
16162 1640899
1657061 330655235
16 3886
3902 47638
51540 2566225
2617765 332312296
23 1339
1362 54784
56146 1336084
1392230 334930061
1487 16162
17649 1437670
1455319 336322291
12 4177
4189 311350
315539 337777610
1 524
525 458200
458725 338093149
47 5812
5859 2801860
2807719 338551874
3414 47638
51052 1699605
1750657 341359593
21 2236
2257 810486
812743 343110250
8 2262
2270 51540
53810 5011076
5064886 343922993
4 1108
1112 3006959
3008071 348987879
67 24788
24855 2200676
2225531 351995950
50 6214
6264 245266
251530 354221481
104 14232
14336 2617765
2632101 354473011
4 269
273 40454
40727 1283951
1324678 357105112
43 2738
2781 28716
31497 1922689
1954186 358429790
2270 359640
361910 360383976
437 47638
48075 3585990
3634065 360745886
737 209391
210128 4267537
4477665 364379951
1 1224
1225 700948
702173 368857616
74 10872
10946 1092974
1103920 369559789
4 216
220 181232
181452 7528241
7709693 370663709
34 4457
4491 1626370
1630861 378373402
1 470
471 735449
735920 380004263
1884 518235
520119 380740183
5 2197
2202 149005
151207 5560236
5711443 381260302
2 4491
4493 3166688
3171181 386971745
23 71116
71139 2632101
2703240 390142926
25 2053
2078 119865
121943 4613229
4735172 392846166
1 953
954 35158
36112 1021975
1058087 397581338
9 2872
2881 375404
378285 10187484
10565769 398639425
1487 51540
53027 2709596
2762623 409205194
10 4693
4703 3993404
3998107 411967817
3 613
616 666506
667122 415965924
3 1339
1342 32288
33630 2709596
2743226 416633046
956 65201
66157 2091817
2157974 419376272
4 477
481 37349
37830 3781119
3818949 421534246
88 12642
12730 2258801
2271531 425353195
12 5038
5050 477715
482765 427624726
11 13234
13245 877361
890606 428107491
232 24855
25087 2709596
2734683 428998097
122 269517
269639 431732780
3 1390
1393 859725
861118 432002419
1 122
123 7633
7756 482765
490521 432863537
2 1564
1566 25546
27112 2225531
2252643 433354058
26 3177
3203 95353
98556 1773684
1872240 435606701
60 125706
125766 7719739
7845505 437478941
2 1647
1649 80291
81940 4267537
4349477 445324446
1 1101
1102 81940
83042 2328832
2411874 449673923
1 859
860 113528
114388 7158691
7273079 452085797
17 4125
4142 667122
671264 459358876
1 360
361 21846
22207 1393630
1415837 460030140
5 2084
2089 1329036
1331125 461445977
2 361
363 48075
48438 2091817
2140255 462777102
15 4983
4998 2252643
2257641 464917357
6 779
785 43166
43951 3314528
3358479 467174998
103 40454
40557 4267537
4308094 470533477
18 6967
6985 547413
554398 474841571
1 946
947 386040
386987 475395969
14 1529
1543 2328832
2330375 475782956
1 146
147 1527508
1527655 478113331
4 4858
4862 165337
170199 479640986
1 434
435 75633
76068 2330375
2406443 479811185
155 6023
6178 721247
727425 482217628
1 55
56 1826
1882 233501
235383 4735172
4970555 482945053
104 1958981
1959085 487915608
1 187
188 21846
22034 1021975
1044009 489874693
1 466
467 251530
251997 490918702
11 1587
1598 78415
80013 1773684
1853697 491170699
11 3007
3018 3726335
3729353 493024396
1 692
693 373606
374299 496753749
227 23060
23287 2822599
2845886 497128048
21 1798
1819 2967148
2968967 499973934
5 6206
6211 458808
465019 502942901
18 164262
164280 503407920
72 4553
4625 105980
110605 4000401
4111006 503572200
3 181
184 51540
51724 2411874
2463598 507683206
22 4862
4884 256670
261554 510146804
33 22207
22240 2066563
2088803 510408358
4 1114
1118 4735172
4736290 512497161
5 629
634 951957
952591 517233451
13 6594
6607 5011076
5017683 518186042
17 4661
4678 465019
469697 523203725
835 28716
29551 1922689
1952240 523673422
17 1543
1560 1058087
1059647 525625662
1 89
90 9014
9104 1456112
1465216 526685309
823 62417
63240 6420864
6484104 528150525
35 3723
3758 305648
309406 534634629
1 181
182 10075
10257 1559835
1570092 534944035
1 5702
5703 406160
411863 536514127
15 1826
1841 18741
20582 4180195
4200777 536925990
2 2350
2352 735920
738272 541126767
1 693
694 547413
548107 541865039
1 3150
3151 802819
805970 542413146
85 10700
10785 2010377
2021162 543219116
2 726
728 32288
33016 545240278
14 3844
3858 566004
569862 11026765
11596627 545273294
2 629
631 1626370
1627001 556869921
741 702173
702914 558496922
16 1798
1814 754413
756227 559199836
1 152
153 22879
23032 3818949
3841981 559956063
680 27288
27968 1283951
1311919 563798044
13 4125
4138 1494507
1498645 565109963
176 36338
36514 5560236
5596750 566608608
477 147309
147786 6103197
6250983 572205358
1 149
150 155063
155213 11596627
11751840 578456341
19 2523
2542 48438
50980 3186930
3237910 590208181
1 310
311 42475
42786 1211306
1254092 593446091
41 78415
78456 6250983
6329439 594700183
15 7064
7079 1092974
1100053 601029622
3 380
383 715701
716084 602129675
1 2409
2410 482765
485175 6484104
6969279 602845759
2 1134
1136 2807719
2808855 609815038
2 1368
1370 196969
198339 4736290
4934629 612623893
1 1118
1119 14823
15942 3034123
3050065 617558522
9 1452
1461 1149688
1151149 620608587
2 940
942 14823
15765 1151149
1166914 621759736
3 79
82 34412
34494 6420864
6455358 622926650
2 868
870 71139
72009 3634065
3706074 629382008
26 51540
51566 7879069
7930635 633088082
361 27968
28329 4613229
4641558 641018717
115 9104
9219 1424050
1433269 645660275
18 1136
1154 43951
45105 3634065
3679170 647093544
13 3177
3190 342404
345594 650772714
16 1490
1506 63240
64746 5596750
5661496 651118308
3580 155213
158793 656779804
68 6424
6492 320605
327097 656938597
6 2097
2103 1059647
1061750 657265694
4 2501
2505 320605
323110 658327444
165 14823
14988 3034123
3049111 658650554
115 24060
24175 1283951
1308126 661699665
227 36514
36741 4572775
4609516 663007791
38 24293
24331 2200676
2225007 667617307
43 13584
13627 1504448
1518075 669842314
5 2303
2308 84014
86322 3050065
3136387 671360389
6 1587
1593 837595
839188 674496776
265 24331
24596 6250983
6275579 675335964
72 10700
10772 1061750
1072522 681611543
8 6264
6272 1211306
1217578 682684065
7 1188
1195 58317
59512 4200777
4260289 683901643
657 3008071
3008728 688161932
20 6607
6627 957758
964385 691170660
6 249
255 22240
22495 3841981
3864476 692135045
104 11013
11117 839281
850398 695999521
49 6285
6334 528901
535235 696849919
11 3758
3769 1336084
1339853 697385154
15 60859
60874 6484104
6544978 698725007
16 4998
5014 284188
289202 705269985
12 17649
17661 4308094
4325755 705559187
12 3387
3399 1278477
1281876 709884942
38 3071
3109 87611
90720 711166818
2089 414631
416720 711257538
141 10075
10216 1393630
1403846 711674258
3 1941
1944 72009
73953 3365036
3438989 713078104
1 547
548 261554
262102 6544978
6807080 716517093
1 721
722 535235
535957 8079666
8615623 723324173
331 727841
728172 731939796
1 7920
7921 596028
603949 732667968
1584 95353
96937 4000401
4097338 733271917
6 634
640 34494
35134 3514465
3549599 737369255
3 346
349 59512
59861 740918854
747 3706074
3706821 740978715
6 4417
4423 1283951
1288374 744685536
211 735920
736131 745973910
2 570
572 45316
45888 3900527
3946415 746710041
415 805970
806385 750656456
4 91
95 738427
738522 751462841
5 4439
4444 1122895
1127339 752201363
20 5415
5435 687359
692794 753328702
3 8396
8399 1773684
1782083 754021496
19 1265
1284 16162
17446 4349477
4366923 755803579
859 687359
688218 760170502
1 1108
1109 18741
19850 3900527
3920377 760858720
17 1740
1757 3034123
3035880 764779097
805 53810
54615 4200777
4255392 767814977
547 87611
88158 772070369
6 1841
1847 160418
162265 772158527
3 365
368 28716
29084 1527655
1556739 772320792
738 170199
170937 12136175
12307112 773877531
616 199066
199682 786184643
147 81940
82087 786384325
313 22495
22808 3136387
3159195 786466412
5503 1773684
1779187 789625607
1 616
617 76068
76685 4641558
4718243 791404794
69 14823
14892 2039177
2054069 796123037
1 735
736 11239
11975 2566225
2578200 798177106
40 12253
12293 6250983
6263276 800755306
1 159
160 43951
44111 2330375
2374486 807018582
7 13234
13241 1437670
1450911 809393068
481 25546
26027 3314528
3340555 810843979
111 66157
66268 5711443
5777711 814184534
1 758
759 20739
21498 6484104
6505602 819962245
58 3980
4038 659213
663251 826467847
246 493707
493953 827131098
300 12318
12618 2200676
2213294 827625051
21 3723
3744 187152
190896 829838345
2 1598
1600 271813
273413 10565769
10839182 830029241
2 1050
1052 199682
200734 840868423
706 1494507
1495213 841069157
24 1015
1039 891844
892883 842564370
1 106
107 10075
10182 2200676
2210858 843457253
2 549
551 100046
100597 7273079
7373676 845668111
1 2027
2028 338964
340992 853041787
3874 7719739
7723613 853382779
12 1696
1708 1570092
1571800 861106392
95 9219
9314 5777711
5787025 862678192
14 3462
3476 561628
565104 868465217
3 1841
1844 1278477
1280321 869030321
15 4160
4175 1134865
1139040 870310642
61 7152
7213 2057561
2064774 871449682
2 562
564 714076
714640 873514456
177 16162
16339 1339853
1356192 874229096
267 2257641
2257908 875585288
3441 256670
260111 877843196
147 23395
23542 7723613
7747155 878103307
12 1319
1331 142414
143745 5116025
5259770 885850462
135 11239
11374 2258801
2270175 891110232
24 2160
2184 465019
467203 8875257
9342460 893380407
3 574
577 1433269
1433846 902722867
1 662
663 569862
570525 904156713
5 1452
1457 40727
42184 4366923
4409107 904727238
172 29551
29723 1782083
1811806 909136345
1 593
594 795591
796185 910948151
12 3071
3083 105980
109063 6969279
7078342 911744336
1 1362
1363 754413
755776 918822678
2 3248
3250 1072522
1075772 919578454
9 1136
1145 721247
722392 920654226
3 564
567 11374
11941 4349477
4361418 921376618
1 111
112 58317
58429 4000401
4058830 925738036
1 91
92 10257
10349 3729353
3739702 929796866
3 384
387 33630
34017 933536568
3 1363
1366 305648
307014 933570585
30 6285
6315 5017683
5023998 933877599
152 44111
44263 4736290
4780553 938901597
3 323
326 57546
57872 4111006
4168878 943682150
1 161
162 16339
16501 1166914
1183415 947851028
1 64
65 21846
21911 1699605
1721516 949034443
154 47284
47438 5064886
5112324 950755959
3 21846
21849 1021975
1043824 955868283
207 14336
14543 2330375
2344918 956912107
3248 273413
276661 959257025
1 814
815 2566225
2567040 959533686
85 18442
18527 3841981
3860508 962100726
4 2523
2527 389047
391574 965961234
69 27968
28037 1217578
1245615 966352808
1 2160
2161 927057
929218 967598423
50 8847
8897 839281
848178 968527641
894 88158
89052 969375819
211 9761
9972 3841981
3851953 969464871
3 1461
1464 861118
862582 973316824
3 959
962 245266
246228 5787025
6033253 974179406
6 7937
7943 783261
791204 980212659
981 86423
87404 6969279
7056683 981003863
202 36741
36943 6969279
7006222 988060546
153 414631
414784 995066768
7 2667
2674 770007
772681 995481552
65 5598
5663 2140255
2145918 996254233
14 3036
3050 473569
476619 998400151
