2299
1 1
1 2
1 3
1 4
1 5
1 6
1 7
1 8
1 9
1 10
1 11
1 12
1 13
1 14
1 15
1 16
1 17
1 18
1 19
1 20
1 21
1 22
1 23
1 24
1 25
1 26
1 27
1 28
1 29
1 30
1 31
1 32
1 33
1 34
1 35
1 36
1 37
1 38
1 39
1 40
1 41
1 42
1 43
1 44
1 45
1 46
1 47
1 48
1 49
1 50
1 51
1 52
1 53
1 54
1 55
1 56
1 57
1 58
1 59
1 60
1 61
1 62
1 63
1 64
1 65
1 66
1 67
1 68
1 69
1 70
1 71
1 72
1 73
1 74
1 75
1 76
1 77
1 78
1 79
1 80
1 81
1 82
1 83
1 84
1 85
1 86
1 87
1 88
1 89
1 90
1 91
1 92
1 93
1 94
1 95
1 96
1 97
1 98
1 99
100 100
200 200
400 400
800 800
1600 1600
3200 3200
6400 6400
12800 12800
25600 25600
51200 12800
64000 6400
70400 3200
73600 1600
75200 400
75600 33
100 3
103 1
104 2
106 2
108 3
111 3
114 3
117 2
119 1
120 1
121 1
122 2
124 3
127 2
129 4
133 3
136 2
138 1
139 1
140 3
143 5
148 1
149 7
156 1
157 4
161 7
168 1
169 3
172 2
174 2
176 1
177 10
187 3
190 3
193 3
200 2
202 1
203 1
204 7
211 2
213 87
213 8
221 1
222 1
223 1
224 3
227 4
231 2
233 4
237 3
240 1
241 5
246 1
247 2
249 7
256 2
258 2
260 1
261 3
264 1
265 4
269 6
275 11
75633 75633
151266 151266
302532 302532
605064 605064
1210128 1210128
2420256 2420256
4840512 4840512
9681024 9681024
19362048 19362048
38724096 38724096
77448192 77448192
154896384 38724096
193620480 19362048
212982528 9681024
222663552 4840512
227504064 2420256
229924320 1210128
231134448 302532
231436980 151266
231588246 12800
231601046 6400
231607446 3200
231610646 1600
231612246 400
231612646 204
286 5
291 5
296 1
213 3
300 10
310 4
314 7
321 2
323 4
231612850 231612850
463225700 154896384
618122084 2420256
620542340 1210128
621752468 6400
621758868 800
621759668 68
327 3
330 7
337 1
338 1
339 1
400 76
476 63
340 15
355 3
358 2
360 5
365 7
372 1
373 4
377 3
380 4
384 10
394 1
395 2
621759736 231612850
853372586 19362048
872734634 4840512
877575146 302532
877877678 151266
878028944 73600
878102544 539
878103083 224
400 5
405 3
408 5
413 8
421 2
423 8
431 2
433 3
436 3
439 2
441 4
445 1
446 12
458 3
461 2
463 2
465 1
466 3
469 1
470 2
472 1
340 6
476 1
477 7
484 2
486 2
488 1
489 6
495 5
500 2
502 1
503 1
504 3
503 286
507 7
514 10
524 4
528 4
532 2
534 3
346 4
539 5
544 1
545 4
549 4
553 9
562 6
568 1
569 4
573 1
574 11
585 5
590 6
596 3
599 3
602 2
604 3
607 4
611 11
622 2
624 5
629 13
642 1
643 5
648 1
649 2
651 2
653 2
648 323
655 7
662 5
667 2
878103307 77448192
955551499 19362048
974913547 4840512
979754059 302532
980056591 151266
980207857 3200
980211057 1600
980212657 2
669 3
672 7
679 1
680 4
684 3
687 1
688 3
691 1
692 7
699 5
704 1
705 1
706 3
709 1
710 1
711 1
712 5
717 1
718 1
719 4
723 3
726 9
735 2
800 41
737 4
741 5
746 1
747 2
749 2
751 3
754 1
755 20
775 1
776 10
786 1
507 2
789 2
791 1
971 10
792 6
798 1
800 3
803 2
805 1
806 1
807 2
809 5
814 2
816 3
819 1
820 3
823 1
824 3
827 6
833 2
737 1
841 1
842 1
843 3
846 2
848 2
850 1
851 1
852 1
853 2
302532 25600
328132 12800
340932 6400
347332 3200
350532 1600
352132 190
352322 1
855 8
863 5
868 7
875 7
882 4
886 2
888 2
890 1
891 1
892 2
894 4
898 4
902 4
906 1
907 1
908 2
910 1
911 7
918 1
919 1
920 5
925 1
926 3
929 6
935 1
936 4
940 6
946 4
950 6
956 2
958 1
959 10
605064 302532
907596 981
908577 400
971 3
974 2
976 1
977 1
792 3
981 1
982 5
987 2
989 2
991 8
978 463
3200 1600
4800 1441
6241 44
6285 1600
7885 52
6400 3200
9600 999
10599 269
10868 4
10872 10599
21471 40
21511 3200
24711 77
25600 1600
27200 88
27200 1441
28641 75
21511 10599
32110 177
32287 1
32288 1600
33888 314
34202 6
34208 204
25600 10599
36199 139
36338 999
37337 12
32288 10872
43160 1
43161 5
34412 12800
47212 72
47212 423
47635 3
51200 10599
61799 71
61870 3200
65070 129
65199 2
34202 32110
66312 3
605064 32288
637352 999
638351 223
70400 413
70813 7
70820 296
151266 51200
202466 1600
204066 77
47638 36338
83976 38
73600 12800
86400 23
64000 27288
91288 405
91693 1
75200 24788
99988 58
66315 47212
113527 1
113528 6285
119813 52
91288 32110
123398 34
123432 3200
126632 48
126680 6400
133080 346
133426 1
133427 149
113528 28716
142244 169
142413 1
75633 70820
146453 138
146591 718
146453 6241
152694 10
133427 21511
154938 49
154987 76
133080 27288
160368 50
151266 12800
164066 196
91694 73600
165294 43
164066 9600
173666 67
155063 21471
176534 3
146591 34202
180793 5
165337 21471
186808 13
204143 65201
269344 172
269516 1
126632 65201
191833 12
160418 34208
194626 54
160418 36338
196756 213
160418 43166
203584 129
669 2
204066 1600
205666 61
142244 66315
208559 40
208599 792
209391 971
180798 34202
215000 143
215143 1
154896384 154896384
309792768 19362048
329154816 9681024
338835840 2420256
341256096 100046
341356142 3200
341359342 249
341359591 2
186821 34208
221029 54
352132 205727
557859 23
176537 47284
223821 21
204143 21511
225654 10
176537 51200
227737 45
309792768 154896384
464689152 227782
464916934 423
165337 66315
231652 23
133427 100046
233473 28
204066 34412
238478 6
208599 36338
244937 327
245264 2
205727 47284
253011 17
196756 70400
267156 6
186821 330
187151 1
164066 113528
277594 37
269517 9600
279117 1
279118 1441
280559 49
208559 75600
284159 29
231675 66312
297987 1
152704 147309
300013 100
300113 1
637352 221083
858435 500
858935 1
284159 21471
305630 18
244937 66315
311252 98
280608 36199
316807 16
227782 91288
319070 15
244937 86400
331337 1
311252 21471
332723 3
215000 119865
334865 58
245266 91288
336554 12
336566 989
337555 69
337555 227
337782 1
332723 6241
340932 978
341910 489
342399 5
284188 65070
349258 36
349294 405
352132 90
855 4
352323 405
334923 24711
359634 6
352222 12800
365022 33
205727 160418
366145 11
365022 3200
368222 18
368240 86
300114 70820
370934 6
231436980 280608
231717588 999
231718587 241
231718828 2
347332 147309
494641 19
231675 151266
382941 96
383037 30
349699 36338
386037 3
337783 51200
388983 64
227504064 19362048
246866112 908977
247775089 253028
248028117 999
248029116 143
248029259 1
334865 65201
400066 24
400090 32
215144 186821
401965 98
209391 196756
406147 13
386040 27200
413240 7
227782 186821
414603 28
215144 204143
419287 5
359640 65199
424839 590
425429 3
365055 61870
426925 36
426925 1600
428525 23
253028 180798
433826 83
464917357 464689152
929606509 187152
929793661 3200
929796861 5
401965 36338
438303 93
244937 194626
439563 39
352323 91694
444017 2
444019 265
352728 331338
684066 18
382941 75200
458141 59
196756 32110
228866 1
464917357 231718830
696636187 684084
697320271 64000
697384271 882
697385153 1
280559 196969
477528 12
477528 187
444019 47212
491231 68
342404 151266
493670 37
47638 21511
69149 202
477540 21471
499011 7
499011 323
499334 2
499336 999
500335 16
500351 27
305648 196756
502404 8
154896384 2420256
157316640 1210128
158526768 684084
159210852 160418
159371270 330
159371600 2
500378 7885
426925 84014
510939 8
352132 164262
516394 56
516394 978
517372 1
517372 863
316807 203584
520391 4
520391 875
521266 1
521267 514
521781 1
413247 152704
565951 53
477540 61870
539410 17
539427 395
400066 142414
542480 6
402063 142414
544477 36
544513 91
277631 269517
547148 8
547148 265
316823 238484
555307 25
544477 12800
557277 2
215144 7885
223029 47
557859 3200
561059 569
300013 228867
528880 21
338964 231675
570639 5
297988 280559
578547 17
352222 228867
581089 29
300013 284159
584172 17
561059 25600
586659 31
319085 269344
588429 45
336566 253028
589594 10
544477 47635
592112 1
433826 160418
594244 24
193620480 9681024
203301504 4840512
208142016 2420256
210562272 1210128
211772400 126680
211899080 1600
211900680 488
605064 423
555332 51200
606532 41
510947 100046
610993 19
494660 119865
614525 24
610993 4800
615793 17
557279 61870
561628 61870
623498 17
402063 223842
625905 18
341256096 309792768
651048864 69351
651118215 93
494660 133576
628236 1
628237 275
628512 3
628515 436
628951 1
628515 1600
630115 10
233501 70820
304321 8
400122 231652
631774 15
631789 84
631873 275
632148 569
632717 241
632958 622
637352 466
637818 1
215000 160368
375368 36
520391 123398
643789 940
644729 5
581089 65070
646159 3
643789 6241
458200 194626
652826 2
389047 267162
656209 6
342404 316807
659211 2
332726 331338
664064 7
664071 258
664329 706
349699 316807
340932 332726
605487 70400
675887 7
630125 47284
677409 2
631774 47284
338835840 19362048
358197888 231675
358429563 227
342404 337783
680187 22
539410 142244
681654 7
383037 65070
448107 18
383037 304321
687358 1
631789 64000
695789 34
349699 349258
698957 24
539410 164066
508263 203584
711847 3
703476 10599
714075 1
650030 65201
715231 470
366156 352222
718378 6
368222 352322
687359 33888
680187 47638
727825 16
615793 113528
729321 6
477540 253011
664329 71116
735445 4
620542340 341359593
961901933 196969
962098902 1600
962100502 224
628237 113528
741765 6
539410 215000
754410 3
425432 331338
756770 13
711850 47212
759062 11
638574 126680
765254 5
400090 368222
768312 54
768366 77
623515 146453
769968 39
463225700 227504064
690729764 1210128
691939892 194680
692134572 473
444284 338964
783248 13
547156 244937
792093 15
759073 34208
793281 7
557882 244937
643789 164066
807855 2
586659 223821
810480 6
413247 400122
813369 29
517373 304329
821702 9
521782 302532
824314 8
675887 152694
718384 133576
851960 16
520395 337783
858178 4
444019 187152
631171 29
858936 240
859176 549
703476 160368
863844 6
863850 337
319085 186808
505893 5
521266 352222
566004 311350
877354 7
646162 244937
891099 1
891100 741
891841 3
675887 221029
896916 4
618122084 154896384
773018468 858936
773877404 127
458200 448107
906307 3
655 6
906310 7885
914195 34
711847 204066
915913 408
916321 1
518235 401965
920200 8
477540 444284
921824 19
247775089 227504064
475279153 113528
475392681 3200
475395881 88
625923 297988
923911 25
923911 741
517373 413240
930613 5
859176 75600
934776 2
588429 349699
938128 9
588429 352222
940651 33
940651 918
329154816 4840512
333995328 2420256
336415584 1210128
337625712 151266
337776978 629
337777607 3
618122084 38724096
656846180 419292
657265472 222
851960 99988
951948 9
520395 433826
954221 18
586659 368240
618122084 208142016
826264100 203713
826467813 34
802819 173666
976485 14
915913 64000
646162 334923
981085 1
981086 574
914195 70820
985015 11
807857 180798
988655 5
988660 79
159371602 19362048
178733650 9681024
188414674 1210128
189624802 555332
190180134 1441
190181575 6
988739 7937
996676 11
630125 368222
998347 4
9681024 505898
10186922 562
10187484 2420256
12607740 544604
13152344 1600
13153944 688
9681024 4840512
14521536 70400
14591936 365
14592301 1
12607740 9681024
22288764 383067
22671831 136
22671967 1
22671968 1210128
23882096 210362
24092458 3200
24095658 360
158526768 22288764
180815532 113528
180929060 4800
180933860 999
180934859 92
14592302 13154632
27746934 828581
28575515 3200
28578715 574
28579289 9
28578715 729327
29308042 360
29308402 2
29308404 2420256
31728660 142414
31871074 3200
31874274 355
38724096 998351
39722447 28716
39751163 1600
39752763 935
28579298 13154632
41733930 75633
41809563 1600
41811163 96
41733930 1210128
42944058 66315
43010373 1600
43011973 15
43010373 164262
43174635 569
43175204 2
31874629 12607740
44482369 28716
44511085 204
44511289 1
44511290 2420256
46931546 51200
46982746 999
46983745 34
222663552 319085
222982637 1600
222984237 514
222984751 3
46983779 1210128
48193907 133427
48327334 93
48327427 4800
48332227 999
48333226 143
48333369 4
27746934 22288764
50035698 284188
50319886 7937
50327823 624
48333373 9681024
58014397 32288
58046685 1441
58048126 60
58014397 36199
58050596 62
39753698 29308404
69062102 12800
69074902 1600
69076502 920
69077422 1
42944058 28579298
71523356 51200
71574556 6400
71580956 514
71581470 9
71581479 2420256
74001735 100046
74101781 6400
74108181 233
74101781 1210128
75311909 3200
75315109 458
58014397 19362048
77376445 4800
77381245 882
77382127 3
58050658 22671968
80722626 439602
81162228 999
81163227 22
80722626 2420256
83142882 51200
83194082 7937
83202019 405
83202424 2
83202426 1210128
84412554 113528
84526082 999
84527081 176
84526082 637352
85163434 104
48333373 39753698
88087071 253028
88340099 6400
88346499 108
88346607 2
48193907 43175206
91369113 10872
91379985 747
50328447 42944058
93272505 28716
93301221 1600
93302821 599
93303420 1
50319886 46983779
97303665 157
88340099 14521536
102861635 1600
102863235 823
102861635 687359
103548994 384
103549378 4
84527257 27746934
112274191 147309
112421500 1600
112423100 1441
112424541 98
83202426 31874629
115077055 147309
115224364 1600
115225964 534
115226498 1
103549382 13154632
116704014 113528
116817542 3200
116820742 749
116821491 1
116704014 828581
117532595 157
117532752 2
117532754 1210128
118742882 73600
118816482 223
77382130 43011988
120394118 37349
120431467 1600
120433067 477
120394118 176537
120570655 1600
120572255 161
120572416 6
157316640 88087071
245403711 160418
245564129 1600
245565729 133
115077055 14521536
129598591 6400
129604991 120
129605111 1210128
130815239 999
130816238 177
130816415 2
118816705 24096018
142912723 37349
142950072 1600
142951672 920
142951672 988739
143940411 423
143940834 3
116817542 27746934
144564476 187
144564663 2
120394118 27746934
148141052 9600
148150652 3
154896384 406160
155302544 6400
155308944 400
155309344 2
158526768 666506
159193274 4800
159198074 585
159198659 2
444019 428548
872567 8
91369113 74101781
165470894 3200
165474094 705
91380732 77448192
168828924 10872
168839796 39
168839835 1210128
170049963 66315
170116278 1600
170117878 433
170118311 1
170118312 954899
171073211 12800
171086011 3200
171089211 852
129605111 43175206
172780317 4800
172785117 200
172785117 413247
173198364 80
154896384 19362048
174258432 32288
174290720 692
174291412 6
143940837 31874629
175815466 3200
175818666 260
13154632 12607740
25762372 100046
25862418 6400
25868818 882
25869700 2
180933860 625923
181559783 384
181560167 2
165474799 19362048
184836847 37349
184874196 500
184874696 1
184874697 698981
185573678 1600
185575278 365
185575643 2
185575645 924652
186500297 1600
186501897 805
188414674 998351
189413025 12800
189425825 1600
189427425 89
463225700 148150655
611376355 1210128
612586483 37349
612623832 61
190180134 643789
190823923 642
189425825 2420256
191846081 458
191846539 1
193620480 245266
193865746 1600
193867346 1441
193868787 1
180815532 14521536
195337068 25600
195362668 624
195363292 3
195337068 494660
195831728 1441
195833169 78
171090063 25869702
196959765 1600
196961365 738
196962103 2
112424639 88087071
200511710 12800
200524510 1600
200526110 97
203301504 680209
203981713 642
174258432 31728660
205987092 4800
205991892 835
205992727 5
159371602 48193907
207565509 66315
207631824 1600
207633424 204
207633628 3
520395 75633
212982528 2420256
215402784 47638
215450422 1600
215452022 643
215452665 4
211899080 168839835
380738915 999
380739914 269
215452669 615810
216068479 49
216068528 3200
216071728 45
174291418 48193907
222485325 6400
222491725 911
222492636 1
46931546 66315
46997861 528
46998389 2
203301504 22671968
225973472 12800
225986272 4800
225991072 629
225991701 12
225986272 400122
226386394 269
226386663 1
227504064 508263
228012327 706
228013033 1
227504064 828581
228332645 959
228333604 4
464917357 71581479
536498836 12800
536511636 1600
536513236 891
186500297 44482369
230982666 377
230983043 2
286 3
352132 21471
373603 3
185573678 46982746
232556424 1
142952592 93303421
236256013 10872
236266885 999
236267884 237
205992732 31871074
237863806 611
237864417 9
237864426 730551
238594977 1600
238596577 300
238596877 4
237864426 988739
238853165 384
238853549 2
196962105 43011988
239974093 10872
239984965 10
239984975 998351
240983326 9600
240992926 161
88346609 39753698
128100307 355
128100662 1
246866112 155063
247021175 799
929606509 44511290
974117799 51200
974168999 9600
974178599 807
231612850 25869702
257482552 92
228012327 31728660
259740987 458
259741445 176537
259917982 726
259918708 8
158526768 102864058
261390826 7937
261398763 358
333995328 237864426
571859754 342404
572202158 3200
175818926 88087071
263905997 21511
263927508 108
263927616 521782
264449398 999
264450397 71
264450468 180798
264631266 433
264631699 1
173198444 93303421
266501865 86423
266588288 1600
266589888 792
266590680 1
231436980 39753698
271190678 12800
271203478 431
271203909 1
271190678 228867
271419545 999
271420544 237
186500297 88087071
274587368 100
274587468 1
266590681 9681024
276271705 12800
276284505 956
196962105 83202426
280164531 12800
280177331 7937
280185268 719
280185987 1
238853551 43011988
281865539 12800
281878339 6400
281884739 853
281885592 1
281884739 383067
282267806 86
282267892 368326
282636218 35
282636253 924652
283560905 4800
283565705 911
690729764 74001735
764731499 47284
764778783 314
158526768 128100663
286627431 9600
286637031 330
877575146 88346609
965921755 37349
965959104 1600
965960704 528
965961232 2
247775089 41811259
289586348 6400
289592748 999
289593747 300
289594047 8
289586348 24788
289611136 741
289611877 3
247775089 42944058
290719147 3200
290722347 999
290723346 310
282267892 12607740
294875632 27288
294902920 929
294903849 2
263927616 31874629
295802245 265
295802510 1
185575645 115226499
300802144 10872
300813016 569
300813585 2
159371602 144564665
303936267 64000
304000267 249
304000516 1
289592748 14592302
304185050 275
304185325 10
304000517 448125
304448642 643
304449285 2
266501865 41811259
308313124 4800
308317924 93
294875632 14591936
309467568 136
309467704 1
239984965 71574556
311559521 1
358429790 274587469
633017259 70820
633088079 3
231652 205666
437318 2
248029260 69077423
317106683 9600
317116283 514
317116797 4
174291418 143940837
318232255 6400
318238655 999
318239654 42
464689152 193620480
658309632 12800
658322432 4800
658327232 211
658327443 1
211901168 118742882
330644050 10872
330654922 310
330655232 3
282267892 50035698
332303590 7937
332311527 755
332312282 14
333995328 930618
334925946 3200
334929146 911
334930057 4
304449287 31871074
336320361 1600
336321961 330
718378 227737
337777610 311350
338088960 3200
338092160 989
338093149 458200
338551349 524
338551873 1
133080 86423
219503 98
174258432 168839835
343098267 10872
343109139 999
343110138 111
343110249 1
343098267 824322
343922589 400
343922989 4
317116801 31871074
348987875 4
231601046 120394118
351995164 786
304185335 50035698
354221033 446
354221479 2
354221481 245266
354466747 6241
354472988 23
227504064 129598591
357102655 1600
357104255 855
357105110 2
679058 350
338093149 22288764
360381913 1600
360383513 463
286637361 74108414
360745775 111
276285461 88087071
364372532 6400
364378932 999
364379931 20
354221481 14592302
368813783 43166
368856949 667
304449287 154896384
459345671 12800
459358471 405
200526207 170118312
370644519 12800
370657319 6285
370663604 104
370663708 1
354473011 23882096
378355107 12800
378367907 4800
378372707 692
378373399 3
354221481 25762372
379983853 12800
379996653 6400
380003053 999
380004052 211
215452669 21511
215474180 241
215474421 2
380738915 521267
381260182 120
266501865 120433544
386935409 36199
386971608 136
386971744 1
364379951 25762372
390142323 602
390142925 1
308318017 84527257
392845274 892
208142016 189427514
397569530 10872
397580402 936
337625712 185575645
523201357 1600
523202957 755
523203712 13
337625712 71574556
409200268 4800
409205068 124
409205192 2
226386664 185575645
411962309 4800
411967109 706
411967815 2
215452669 200511710
415964379 1441
415965820 104
415965924 666506
416632430 611
416633041 5
216071773 203301504
419373277 1600
419374877 999
419375876 395
419376271 1
239974093 181559783
421533876 365
421534241 5
378355107 46997861
425352968 227
343098267 84526082
427624349 377
236256013 191846540
428102553 4800
428107353 138
337625712 91369113
428994825 3200
428998025 72
237863806 193868788
431732594 177
431732771 9
431732780 269517
432002297 122
432002419 859725
432862144 999
432863143 394
432862144 491299
433353443 611
433354054 4
231612850 203982355
435595205 10872
435606077 624
248029260 189427514
437456774 21511
437478285 655
437478940 1
266590681 178733650
445324331 114
445324445 1
237864426 211772400
449636826 36338
449673164 755
449673919 4
266501865 185575645
452077510 7937
452085447 350
190824565 178733650
369558215 1441
369559656 133
459345671 684084
460029755 384
460030139 1
432863537 28579298
461442835 1600
461444435 1441
461445876 100
461445976 1
276271705 186502702
462774407 1600
462776007 999
462777006 96
458141 667
425353195 41811259
467164454 9600
467174054 940
467174994 4
289594055 180934951
470529006 3200
470532206 999
470533205 269
470533474 3
354221481 120572422
474793903 47638
474841541 30
921824 350
474793903 988739
475782642 314
400 1
248028117 231612850
479640967 19
479640986 165337
479806323 4800
479811123 62
337625712 144564665
482190377 27200
482217577 51
482190377 754413
482944790 261
482945051 2
475279153 12607740
487886893 28641
487915534 74
308313124 181560169
489873293 999
489874292 401
432863537 58050658
490914195 3200
490917395 999
490918394 300
490918694 8
490917395 253028
491170423 275
491170698 1
380740183 112274191
493014374 9600
493023974 421
493024395 1
419376272 77376445
496752717 999
496753716 33
415965820 81162228
336415584 205992732
542408316 4800
542413116 30
427624726 75315567
502940293 1600
502941893 999
502942892 9
311559522 191846540
503406062 1600
503407662 258
503407920 164262
503572182 18
280177331 227504064
507681395 1600
507682995 211
282636253 227504064
510140317 6400
510146717 87
510140317 267162
510407479 875
510408354 4
317116801 195363295
512480096 12800
512492896 3200
512496096 999
512497095 66
336415584 180815532
517231116 1600
517232716 735
517231116 954899
518186015 27
203301504 195337068
398638572 853
358197888 165474799
523672687 735
523203725 2420256
525623981 1600
525625581 81
304185335 222492637
526677972 6400
526684372 936
526685308 1
379996653 148150655
528147308 3200
528150508 17
330644050 203982355
534626405 7937
534634342 286
534634628 1
534626405 316823
534943228 807
216068528 14592302
230660830 1600
230662430 10
536498836 426961
536925797 193
517233451 23882096
541115547 10872
541126419 346
541126765 2
304000517 237864426
541864943 96
309792768 190180134
499972902 999
499973901 33
464917357 380740183
845657540 9600
845667140 971
341256096 203982355
545238451 1600
545240051 227
545238451 34412
545272863 431
282267892 274587469
556855361 12800
556868161 1600
556869761 157
556869918 3
368857616 189624802
558482418 12800
558495218 1600
558496818 104
475279153 435606701
910885854 61870
910947724 423
910948147 4
378373402 181560169
559933571 21511
559955082 981
318232255 245565729
563797984 60
318239696 246866112
565105808 3200
565109008 950
565109958 5
482190377 84412554
566602931 4800
566607731 875
566608606 2
230662440 31871074
262533514 472
463225700 115226499
578452199 3200
578455399 940
578456339 2
308318017 281885593
590203610 3200
590206810 999
590207809 372
311559522 281885593
593445115 976
415965924 178733650
594699574 607
594700181 2
378355107 222663552
601018659 10872
601029531 91
432002419 170118312
602120731 7937
602128668 999
602129667 8
602129675 715701
602845376 380
602845756 3
428998097 180815532
609813629 999
609814628 408
609815036 2
891100 99988
991088 1
452085797 165470894
617556691 1600
617558291 231
620542340 65201
620607541 999
620608540 47
327 1
360383976 262533986
622917962 7937
622925899 751
425353195 203982355
629335550 43166
629378716 3200
629381916 92
236256013 75315567
311571580 260
432863537 208142016
641005553 12800
641018353 360
641018713 4
398638572 247021175
645659747 528
337625712 309467705
647093417 127
428107491 222663552
650771043 1600
650772643 71
625905 1600
627505 2
647093544 9681024
656774568 4800
656779368 436
656846180 91694
656937874 723
914195 33888
215402784 112424639
327827423 4800
327832223 413
658309632 338964
658648596 1600
658650196 358
541126767 120572422
661699189 476
380739914 282267806
663007720 71
523673422 143940837
667614259 1600
667615859 1441
667617300 7
398638572 271203478
669842050 264
482945053 188414674
671359727 662
411962309 262533986
674496295 477
674496772 4
357102655 318232255
675334910 999
675335909 55
445324446 236268121
681592567 12800
681605367 4800
681610167 999
681611166 377
351995950 330655235
682651185 32288
682683473 590
682684063 2
682684065 1210128
683894193 6400
683900593 999
683901592 51
378367907 309792768
688160675 999
688161674 258
690729764 439602
691169366 999
691170365 291
691170656 4
703476 75200
778676 32
657265694 38724096
695989790 9600
695999390 129
695999519 2
695989790 859725
696849515 401
696849916 3
437320 36199
473519 50
617558522 81163249
698721771 3200
698724971 36
428998097 276271705
705269802 177
705269979 6
415965924 289592748
705558672 514
705559186 1
621759736 88087071
709846807 37349
709884156 786
558495218 703476
559198694 999
559199693 143
463225700 248029260
711254960 1600
711256560 978
711254960 419292
711674252 6
517233451 195833247
713066698 10872
713077570 534
559199836 157316640
716516476 611
716517087 6
368856949 354466747
723323696 477
681611166 50328447
731939613 177
731939790 6
731939796 727841
732667637 330
732667967 1
475782956 257482644
733265600 6285
733271885 32
462777102 274587469
737364571 3200
737367771 1441
737369212 43
536925990 203982355
740908345 9600
740917945 908
740918853 1
740908345 69351
740977696 999
740978695 20
462777102 281885593
744662695 21511
744684206 999
744685205 330
744685535 1
459345671 286627431
745973102 807
745973909 1
745973910 735449
746709359 680
746710039 2
490914195 259741445
750655640 816
750656456 802819
751459275 3200
751462475 365
751462840 1
705269802 46931546
752201348 15
411967817 341359593
753327410 999
753328409 291
753328700 2
753328702 687359
754016061 4800
754020861 629
754021490 6
545240278 210562272
755802550 999
755803549 30
594699574 165470894
760170468 34
760170502 687359
760857861 859
168828924 116704014
285532938 204
285533142 6
528150525 397581338
925731863 4800
925736663 999
925737662 373
925738035 1
428107491 343922993
772030484 37349
772067833 1600
772069433 936
772030484 126680
772157164 999
772158163 360
772158523 4
556869921 215450422
772320343 446
772320789 3
858182 47284
905466 7
773018468 13154632
786173100 10872
786183972 671
786173100 210362
786383462 863
437478285 348987879
786466164 247
786466411 1
558482418 231134448
789616866 7937
789624803 803
789625606 1
559956063 231436980
791393043 10872
791403915 875
791404790 4
772030484 24092458
796122942 95
572202158 225973472
798175630 1441
798177071 35
496753749 304000517
800754266 999
800755265 41
691939892 115077055
807016947 1600
807018547 35
475395969 333995328
809391297 1600
809392897 169
809393066 2
563798044 247021974
810820018 21511
810841529 1600
810843129 850
445324446 368857616
814182062 1600
814183662 868
814184530 4
651118308 168839835
819958143 3200
819961343 902
802819 154938
957757 1
826264100 864187
827128287 1600
827129887 999
827130886 211
827131097 1
827131098 493707
827624805 246
744662695 85163538
829826233 10872
829837105 999
829838104 241
829837105 191845
830028950 291
711257538 129605111
840862649 4800
840867449 974
840862649 205727
841068376 776
841069152 5
800754266 41809563
842563829 539
842564368 2
842564370 891844
843456214 999
843457213 40
542408316 810486
543218802 314
578452199 274587469
853039668 1600
853041268 514
853041782 5
853041787 340932
853382719 60
773018468 88087071
861105539 853
745973910 116704014
862677924 265
862678189 3
435595205 432863537
868458742 6400
868465142 75
868458742 570644
869029386 935
827131098 43175206
870306304 3200
870309504 999
870310503 139
869029386 2420256
871449642 40
872734634 778708
873513342 999
873514341 114
873514455 1
873513342 715701
874229043 53
645660275 229924320
875584595 692
875585287 1
877575146 267162
877842308 888
282267892 195833247
478101139 10872
478112011 999
478113010 321
713066698 172780317
885847015 3200
885850215 247
841069157 50035698
891104855 4800
891109655 574
891110229 3
609814628 283565705
893380333 74
732667968 170049963
902717931 4800
902722731 136
452077510 452077510
904155020 1600
904156620 93
904155020 570644
904725664 1441
904727105 133
475782642 433353443
909136085 260
541115547 170049963
711165510 999
711166509 300
711166809 9
910885854 858435
911744289 47
688161674 230660830
918822504 174
877843196 41733930
919577126 999
919578125 328
919578453 1
690729764 229924320
920654084 140
920654224 2
920654226 721247
921375473 999
921376472 143
921376615 3
682651185 85163538
767814723 249
767814972 5
281865539 31728660
313594199 7937
313602136 200
594700183 338835840
933536023 545
933536568 33888
933570456 129
933536568 340932
933877500 99
753327410 185573678
938901088 509
611376355 332303590
943679945 1600
943681545 604
943682149 1
772030484 175818926
947849410 1600
947851010 18
658309632 290723656
949033288 999
949034287 156
622926650 327827423
950754073 1600
950755673 286
691939892 263927616
955867508 775
772070369 184836847
956907216 4800
956912016 91
641018353 318238655
959257008 17
496753749 462777102
959530851 1600
959532451 999
959533450 233
959533683 3
727825 10599
738424 3
203301504 84412554
287714058 6400
287720458 999
287721457 296
943679945 22671968
966351913 894
966352807 1
920654226 46931546
967585772 10872
967596644 1600
967598244 177
967598421 2
523202957 445324446
968527403 237
968527640 1
536513236 432862144
969375380 439
705558672 263905997
969464669 202
698725007 274587469
973312476 3200
973315676 999
973316675 149
368222 24788
393010 16
69351 10872
80223 68
956907216 24096018
981003234 629
559956063 428102553
988058616 1600
988060216 330
658650554 336415584
995066138 629
995066767 1
995066768 414631
995481399 149
995481548 4
682651185 313602336
996253521 712
716517093 281878339
998395432 3200
998398632 1441
998400073 78
998398632 477715
998876347 423
