1949
1 1
2 1
2 3
2 5
2 7
5 9
14 1
2 15
9 9
7 14
7 17
5 21
15 15
7 24
15 17
17 17
5 30
15 21
7 30
5 34
5 35
7 34
24 24
24 30
24 34
31 31
26 37
63 1
31 35
32 35
5 63
5 64
35 40
37 40
35 48
32 54
41 54
21 75
37 64
7 96
21 83
48 58
5 103
5 106
48 64
39 75
48 69
5 114
9 111
7 114
5 117
5 119
63 64
5 124
64 69
7 129
9 129
138 1
7 133
5 138
64 83
9 139
148 1
67 86
7 148
39 117
156 1
5 156
77 86
7 161
21 148
86 86
68 106
68 108
5 172
68 117
83 104
86 104
83 108
69 124
77 119
96 104
96 106
7 196
17 187
103 108
96 117
5 211
106 114
5 216
9 213
21 202
223 1
108 119
114 117
114 119
117 120
9 231
240 1
122 124
246 1
122 127
122 133
7 249
9 249
127 133
5 256
124 140
5 260
129 138
5 264
136 139
17 269
140 149
5 286
5 291
296 1
9 291
153 157
157 157
7 314
9 314
153 174
5 323
7 323
157 174
7 330
337 1
9 330
17 323
172 174
174 176
5 350
168 190
5 355
5 360
7 365
15 358
5 372
190 190
7 377
190 204
15 380
17 380
190 211
202 203
7 401
5 408
204 211
203 213
190 231
202 221
203 227
204 227
211 222
213 221
5 431
216 223
216 224
5 436
222 223
5 441
222 231
224 231
17 441
224 237
5 458
7 458
5 461
227 240
223 246
5 465
5 466
7 465
472 1
237 237
227 249
5 472
237 247
240 246
241 247
5 484
247 247
246 249
5 495
7 495
15 488
9 495
5 502
249 260
5 509
260 264
261 264
21 507
246 286
265 269
5 532
5 534
7 537
544 1
227 321
5 544
265 286
264 289
265 291
9 553
275 289
258 310
7 562
275 296
5 568
5 569
286 291
289 296
291 297
5 585
296 297
296 300
9 590
275 327
5 599
5 602
7 604
289 327
15 607
17 607
5 624
310 321
297 337
321 321
21 622
5 643
648 1
323 328
5 648
327 328
328 330
323 338
7 655
323 340
330 337
330 339
321 350
5 667
339 339
7 672
679 1
5 679
7 680
687 1
7 684
5 687
339 360
5 699
704 1
7 699
5 704
5 705
7 704
711 1
340 377
7 711
718 1
350 372
358 365
346 380
355 373
9 726
365 372
15 723
346 395
5 741
746 1
372 377
5 746
5 749
754 1
21 754
21 755
384 394
373 413
786 1
394 395
5 786
5 787
380 413
394 401
397 401
798 1
5 795
5 798
5 800
805 1
806 1
401 408
5 809
394 421
7 809
405 413
5 814
15 805
7 816
5 819
413 413
394 433
397 436
405 430
401 436
408 433
9 833
842 1
5 841
415 433
405 445
5 846
851 1
5 848
5 850
423 436
421 439
430 433
5 863
436 436
7 868
7 875
441 445
430 458
445 445
5 886
891 1
441 453
440 458
441 461
446 458
445 461
9 898
907 1
445 465
5 906
453 465
918 1
919 1
458 463
458 465
5 920
925 1
463 466
466 469
7 929
5 935
5 940
473 473
471 476
9 940
473 477
467 484
476 477
477 477
472 484
472 486
9 950
476 486
469 500
484 486
15 956
5 969
7 969
976 1
7 971
5 976
5 977
476 509
484 503
489 500
489 502
495 504
504 504
476 539
507 524
507 532
507 537
524 528
528 539
507 568
537 539
537 548
537 549
548 553
537 568
556 556
549 569
562 568
568 568
571 574
556 604
596 599
602 604
602 622
596 629
611 629
616 629
599 662
607 661
642 642
648 671
672 684
679 687
684 688
692 692
684 704
691 709
711 717
709 723
718 723
717 726
726 726
726 735
726 738
735 737
741 741
741 746
738 751
741 749
741 776
728 791
754 775
751 787
754 789
755 800
789 789
792 792
787 798
792 795
795 795
795 798
806 807
816 819
820 823
823 824
824 824
823 841
827 853
842 842
848 848
852 853
853 855
860 875
863 875
852 888
875 882
890 891
911 911
908 918
919 925
935 936
926 958
951 951
951 953
956 969
958 969
959 982
962 982
969 977
978 989
981 987
977 1015
985 1008
959 1044
989 1015
951 1076
991 1044
1008 1052
1031 1044
1008 1076
977 1112
1008 1085
991 1112
982 1136
1008 1118
981 1160
1075 1085
1076 1085
1067 1112
1039 1145
1085 1112
1075 1145
1118 1118
1112 1145
1067 1195
1075 1195
1044 1245
1105 1195
989 1319
1105 1245
1160 1195
999 1366
951 1441
1075 1319
1130 1268
1160 1245
1195 1240
1031 1441
977 1517
1240 1261
1105 1400
1225 1284
1086 1441
1268 1284
1105 1461
1206 1366
1195 1384
1245 1366
1245 1384
1225 1441
1224 1443
1145 1529
1284 1400
1240 1490
1366 1372
1366 1432
1319 1482
1356 1452
1224 1590
1245 1590
1356 1490
1268 1590
1372 1487
1400 1472
1136 1740
1268 1613
1432 1464
1319 1578
1464 1464
1464 1472
1482 1482
1489 1490
1067 1927
1443 1555
1366 1648
1145 1884
1472 1578
1112 1941
1472 1587
1487 1584
1555 1590
974 2184
1555 1635
1472 1738
1464 1781
1613 1635
1585 1664
1428 1822
1578 1735
1578 1781
1585 1781
1585 1826
1543 1871
1708 1708
1464 1968
1684 1757
1735 1735
1735 1757
1705 1822
1635 1902
1696 1871
1696 1884
1613 2004
1740 1902
1705 1968
1708 1992
1757 1944
1587 2126
1844 1925
1781 1993
1705 2075
1826 1967
1740 2084
1740 2118
1680 2179
1757 2103
1871 1992
1647 2220
1927 1941
1871 2003
1941 2027
1927 2060
1925 2089
1944 2093
2003 2035
1927 2118
2004 2093
2003 2103
1648 2494
2060 2093
1871 2289
1781 2394
1992 2197
1941 2300
2093 2161
2118 2141
2075 2220
2179 2179
2003 2405
2197 2220
2161 2262
2089 2350
2089 2355
2236 2257
2161 2392
2184 2392
2350 2398
2184 2611
2027 2835
2003 2872
2392 2505
2472 2472
2161 2798
2004 2979
2197 2801
2161 2872
2472 2667
2289 2936
2394 2858
2572 2730
1967 3416
2572 2859
2118 3359
2509 2994
2629 2876
2666 2881
2527 3071
2684 2979
2674 3029
2611 3248
2896 3050
2998 3029
2859 3190
2936 3250
2505 3701
2858 3414
2572 3713
2859 3432
2270 4045
2289 4045
925 5431
2527 3874
2897 3527
2262 4295
3248 3359
2858 3769
3210 3537
3366 3416
2572 4241
3366 3713
3245 3968
3617 3700
3492 3874
3673 3774
3713 3780
3700 3863
2808 4897
3769 3987
3527 4259
2257 5663
3642 4295
2084 5859
4038 4175
4106 4142
4153 4160
4037 4295
4038 4439
2684 5859
3416 5139
826 7756
2674 5946
3863 4862
2501 6285
3858 5033
4038 4897
3537 5477
2928 6291
4439 4875
2876 6557
3868 5663
3700 6272
3411 6627
3860 6186
2289 7786
4553 5663
3567 6782
2435 8213
2835 7937
4038 6747
3793 7079
10872 247
4875 6285
4897 6315
4983 6334
4295 7079
3793 7920
3642 8248
4862 7079
1206 10785
4493 7563
4045 8248
1648 10648
2257 10046
6027 6291
2629 9972
5946 6813
4983 8248
945 12296
5302 7943
2141 11212
4408 9219
2896 10772
2872 10872
622 13241
5547 8555
5859 8477
2552 11991
5598 9014
6272 8620
6607 8582
7366 7937
4553 11212
3580 12759
6285 10216
1740 15189
820 16339
17159 155
728 16929
2472 15189
2060 15765
6607 11317
5302 13241
7079 12318
3987 15765
453 19397
8543 11991
20534 48
2928 17657
3673 17825
977 20534
21511 148
4097 17657
7786 14102
4254 17657
486 21754
4983 17825
8543 14336
1529 21498
792 22240
3441 19752
10046 13241
663 22879
1968 21754
8620 15765
4254 20534
4553 20534
940 25087
8213 17825
3617 23287
1085 26027
1261 26027
27288 749
5302 23027
1428 27288
28716 30
11160 17924
395 28746
835 28716
852 28716
2435 27288
29723 1844
10046 21911
31957 331
32288 728
8477 25087
2060 31957
34017 191
848 33564
34208 286
11941 23193
1432 34494
6315 29723
1844 34494
36338 176
15189 21754
13627 23722
14543 23287
3580 34412
3059 35134
1245 37992
1941 37349
2027 37349
3527 36038
6027 34494
40521 36
2896 37992
860 40557
41417 474
8620 33564
977 42184
5 43161
989 43166
2846 41417
1944 43161
45105 2179
20534 26904
47438 200
791 47284
800 47638
2509 47438
49947 440
514 49947
593 50387
1105 50461
4408 47284
32 51692
14892 37992
52884 976
53860 755
4417 52884
57301 571
57872 445
58317 112
58429 1432
3441 58429
61870 2876
64746 455
65201 1067
9014 57301
28037 40521
68558 793
69351 593
2262 68558
296 70820
1195 69944
71139 2814
73953 1680
75633 985
1052 75633
2308 76618
3673 76618
80291 58
80349 1738
82087 1927
43161 43161
86322 101
86423 1735
2629 86423
14102 76618
90720 705
974 90720
91694 3416
14336 84014
98350 1696
100046 551
100597 5383
105980 4944
22808 90720
113528 860
114388 5477
119865 3567
123432 3248
126680 6747
149 133427
5302 133576
138878 678
139556 2858
4189 139556
143745 2846
718 146591
477 147309
147786 1245
149031 3673
152704 1372
154076 489
911 154076
987 154076
2509 152704
155213 3580
5431 154987
160418 1781
162199 66
162265 953
163218 1044
164262 18
1075 164262
165337 4862
170199 738
170937 2004
172941 792
173733 2801
176534 3
737 176534
177271 3527
180798 434
181232 220
181452 3366
184818 2003
331 186821
431 187152
187583 3313
190896 949
191845 2835
194680 2289
8786 190896
199682 1052
200734 2979
203713 430
204143 1584
205727 2872
792 208599
971 209391
208599 6401
143 215000
215143 1
215000 1871
216871 2730
219601 1482
221083 1993
4241 219601
223842 1822
225664 2118
227782 1085
228867 2808
231675 1826
233501 4983
238484 6782
245266 962
246228 5302
251530 467
251997 1031
253028 3642
256670 2964
3441 256670
260111 1443
261554 548
2398 261554
263952 3210
267162 2355
269517 122
269639 3774
273413 3248
276661 970
277631 1487
279118 1490
3580 280608
29568 259634
289202 8786
297988 2126
47438 253028
300466 3863
304329 1319
305648 1366
307014 2392
309406 1944
311350 4189
315539 1284
316823 2262
319085 1489
320574 31
320605 2505
323110 3987
327097 4241
331338 1388
332726 2197
334923 1643
989 336566
69 337555
227 337555
337782 1
336566 2398
3210 337782
25087 316823
341910 494
342404 3190
345594 3700
405 349294
349294 2928
101 352222
405 352323
352323 7317
359640 2270
361910 3145
365055 1101
366156 2084
368240 86
368326 35
368361 2579
370940 2666
3359 370940
10349 365055
375404 2881
378285 4014
382299 738
30 383037
1268 383067
384335 1705
386040 947
386987 2060
389047 2527
391574 1452
393026 1925
394951 5139
400090 32
400122 1941
402063 4097
406160 5703
181452 231675
187583 225664
413247 1384
414631 153
2089 414631
416720 2572
419292 5547
593 424839
425432 1529
426961 1587
8477 425432
433909 3411
437320 1076
438396 1206
439602 4417
265 444019
444019 4106
448125 10075
458200 525
83 458725
90720 374299
465019 2184
467203 2494
469697 255
469952 3617
473569 3050
476619 921
174 477540
477714 1
477540 5225
482765 7756
490521 778
491299 818
492117 1590
493707 246
953 493707
494660 4358
5383 493953
499336 1015
26 500351
500377 1
2035 500377
5547 500351
505898 2365
508263 2684
510947 5503
516450 923
9972 508263
518235 1884
2160 518235
520395 872
514 521267
521781 1
521267 1585
522852 6049
528901 6334
535235 722
535957 3470
395 539427
539427 3059
542486 2027
2118 542486
544604 2552
256 547156
547412 1
547156 951
548107 6291
7920 547412
2881 554398
602 557279
557881 1
557279 3780
569 561059
561059 4045
8725 557279
566004 3858
569862 663
64746 505898
570644 7920
36514 544604
581118 3071
584189 2501
154565 433909
588474 1130
589604 2509
592113 1992
594105 163
439 594105
75633 520395
225664 378285
603949 1538
605487 1086
606573 4439
611012 3537
614549 1261
61870 557279
615810 7705
29723 594105
70820 554398
11374 614549
1584 625923
163218 465019
627507 1008
3029 625923
853 628952
40521 589604
630125 1075
1664 630125
83 631789
631872 1
275 631873
569 632148
241 632717
622 632958
4408 631873
5946 631873
238484 400090
149031 493953
642984 805
643789 945
644734 1428
646162 3868
650030 2798
13231 642984
656215 2998
659213 4038
663251 820
258 664071
706 664329
664071 2435
666506 616
667122 4142
671264 2394
673658 2236
675894 1517
677411 1647
350 679058
2798 677411
1452 680209
52884 631200
684084 1240
685324 2035
687359 859
688218 4576
692794 3029
695823 3158
698981 1967
700948 1225
52884 650030
44263 659213
703476 7786
711262 588
2814 711262
714076 564
65201 650030
470 715231
853 715231
716084 2300
718384 2160
6607 714640
721247 1145
722392 5033
727425 416
331 727841
40888 688218
1902 727425
729327 1224
730551 1904
732455 2994
735449 471
735920 211
736131 2141
738272 155
738427 95
738522 3249
741771 12296
754067 346
340992 414784
2160 754067
756227 556
2846 756227
759073 6186
765259 3053
768312 54
768366 77
4748 765259
770007 2674
772681 6027
778708 4553
783261 7943
791204 904
2084 791204
793288 2897
9531 793288
284188 521782
805970 415
806385 1472
807857 2629
810486 2257
812743 655
813398 8313
821711 2611
824322 4259
828581 9014
837595 1593
839188 8332
847520 658
848178 2220
850398 1578
851976 6206
754 858182
240 858936
549 859176
858182 2936
861118 1464
862582 1268
337 863850
863850 8725
21511 851976
873487 1
3874 873487
877361 13245
890606 494
190896 700948
891844 1039
892883 4037
896920 1740
898660 6813
905473 837
906310 2667
908977 5252
914229 1684
2093 914229
915913 4295
920208 1635
331 921843
921843 2093
4444 920208
924652 2405
927057 2161
929218 1145
1400 929218
930618 4160
934778 3359
13627 927057
3432 938137
5431 940684
946115 1968
948083 3874
951957 634
952591 1648
323110 631789
954899 2859
957758 6627
964385 7366
971751 4748
976499 3414
334923 646162
981085 1
574 981086
3366 981660
8332 979913
988245 415
3713 985026
988739 2350
991089 5598
996687 1664
998351 8935
1007286 826
1008112 13863
482765 561059
1043824 185
522852 535235
68558 991089
1059647 2103
1061750 10772
1072522 3250
1075772 8620
1084392 8582
1092974 7079
1100053 3867
4160 1100053
1104213 7563
1111776 11119
1122895 4444
1127339 1519
1128858 2566
41891 1092974
1134865 4175
1139040 10648
1149688 1461
1151149 15765
1166914 16501
1183415 17314
1200729 6424
1207153 4153
1211306 6272
615810 629805
36514 1217578
1254092 24385
1278477 1844
1280321 1555
1281876 2075
1283951 4423
1288374 19752
1308126 3793
1311919 12759
1324678 153
4358 1324678
628952 702173
1331125 4959
1336084 3769
1339853 16339
1356192 36038
1392230 1400
1393630 10216
1403846 11991
1415837 8213
1424050 9219
1433269 577
1433846 3824
1437670 13241
1450911 4408
1455319 793
219601 1245615
1465216 15189
1480405 14102
1494507 706
1495213 3432
631873 872575
1504448 13627
1518075 9433
1527508 147
1527655 29084
1556739 13353
1570092 1708
1571800 23193
732455 863850
1596305 20534
1616839 9531
1626370 631
1627001 3860
1630861 10038
191845 1465216
1657061 38193
1695254 2738
1697992 1613
1699605 21911
1721516 29141
1750657 23027
1773684 5503
1779187 2896
1782083 29723
1811806 41891
1853697 18543
1872240 62
1872302 50387
1922689 29551
1952240 1946
1954186 4795
1958981 104
1959085 7447
40888 1954186
1995074 15303
2010377 10785
2021162 1086
2022248 8248
16929 2022248
2039177 14892
2054069 3492
2057561 7213
632717 1433846
2066563 22240
2088803 3014
2091817 48438
2140255 5663
2145918 12056
2157974 52884
340992 1872302
2213294 11713
2225007 524
2225531 27112
2252643 4998
2257641 267
1160 2257641
2258801 11374
2270175 1356
2271531 57301
2328832 1543
2330375 14543
2344918 29568
2374486 31957
2406443 5431
2411874 51724
2463598 8891
2472489 31567
2504056 22879
2526935 39290
2566225 815
2567040 11160
2578200 39565
2617765 14336
2632101 71139
2703240 6356
2709596 25087
2734683 8543
2743226 19397
2762623 39237
2801860 5859
2807719 1136
2808855 13744
2822599 23287
2845886 78926
2924812 44155
2968967 37992
3006959 1112
998351 2010377
570525 2463598
3034123 1757
3035880 13231
3049111 954
3050065 86322
3136387 22808
3159195 7493
3166688 4493
3171181 11890
3183071 3859
3186930 50980
3237910 76618
3314528 26027
3340555 17924
3358479 6557
3365036 73953
3438989 17159
3456148 58317
3514465 35134
3549599 1902
3551501 12601
3564102 21888
3585990 48075
3634065 45105
3679170 26904
3706074 747
3706821 4875
3711696 17657
3729353 10349
3739702 41417
3781119 37830
3818949 23032
3841981 9972
3851953 8555
3860508 3968
3864476 4254
3868730 20585
3889315 11212
3900527 19850
3920377 26038
3946415 51692
181452 3818949
4000401 58429
756783 3340555
4097338 13668
4111006 57872
4168878 11317
4180195 20582
4200777 54615
4255392 4897
170199 4097338
4267537 40557
4308094 17661
4325755 23722
4349477 11941
4361418 5505
4366923 42184
4409107 68558
4477665 95110
2145918 2463598
4609516 3713
4613229 28329
4641558 76685
4718243 16929
4735172 1118
4736290 44263
4780553 154076
4934629 35926
4970555 40521
5011076 6607
5017683 6315
5023998 40888
5064886 47438
5112324 3701
5116025 143745
5259770 300466
5560236 36514
5596750 64746
5661496 49947
5711443 66268
5777711 9314
5787025 246228
6033253 69944
6103197 147786
6250983 12293
6263276 12303
6275579 53860
6329439 91425
6420864 34494
6455358 28746
6484104 21498
6505602 39376
6544978 262102
6807080 162199
6969279 36943
7006222 50461
7056683 21659
7078342 80349
7158691 114388
7273079 100597
7373676 154565
7528241 181452
7709693 10046
7719739 3874
7723613 23542
7747155 98350
7845505 33564
7879069 51566
7930635 149031
8079666 535957
8615623 259634
8875257 467203
9342460 110924
9453384 139556
9592940 594544
10187484 378285
10565769 273413
10839182 187583
11026765 569862
11596627 155213
11751840 384335
12136175 170937
12307112 847520
13154632 1437670
14592302 8079666
22671968 1424050
24096018 1773684
25869702 2709596
28579298 729106
29308404 2566225
31874629 7879069
39753698 2057561
41811259 1200729
43011988 163218
43175206 1336084
44511290 2472489
46983779 14612
46998391 1329036
48327427 5946
48333373 1995074
50328447 7719739
58048186 2472
58050658 11026765
69077423 2504056
71581479 2526935
74108414 1207153
75315567 2066563
77382130 3781119
81163249 2039177
83202426 1324831
84527257 636281
85163538 3183071
88346609 3034123
91380732 1922689
93303421 4000401
97303822 5560236
102864058 685324
103549382 8875257
112424639 2801860
115226499 1594993
116821492 711262
117532754 1283951
118816705 1616839
120433544 138878
120572422 7528241
128100663 1504448
129605111 1211306
130816417 12136175
142952592 988245
143940837 623828
144564665 3585990
148150655 7158691
155309346 3889315
159198661 172941
159371602 6103197
165474799 3365036
168839835 1278477
170118312 971751
171090063 1695254
172785317 413127
173198444 1092974
174291418 1527508
175818926 5116025
180934951 625218
181560169 3314528
184874697 700948
185575645 927057
186502702 2924812
189427514 754067
190181581 642984
190824565 1021975
191846540 2022248
193868788 1494507
195363295 469952
195833247 1128858
196962105 3564102
200526207 3456148
203982355 2010377
205992732 1640899
207633631 4267537
211901168 3551501
215452669 21754
215474423 594105
216068528 3245
216071773 6420864
222492637 492117
222984754 3006959
225991713 394951
226386664 1626370
228013034 320574
228333608 2328832
230662440 320605
230983045 629805
231612850 105980
231718830 837595
232556425 3711696
236268121 1596305
237864426 732455
238596881 256670
238853551 1131424
239984975 1008112
240993087 4572775
245565862 1456112
247021974 1007286
248029260 9453384
257482644 2258801
259741445 177271
259918716 1480405
261399121 1134865
262533986 1393630
263927616 522852
264450468 181232
264631700 1958981
266590681 4613229
271203910 216871
271420781 3166688
274587469 1697992
276285461 3900527
280185988 1699605
281885593 382299
282267892 368361
282636253 930363
283566616 1966532
285533148 1104213
286637361 1084392
287721753 1872302
289594055 17825
289611880 1111776
290723656 4180195
294903851 898660
295802511 5011076
300813587 3186930
304000517 184818
304185335 263952
304449287 3868730
308318017 1149688
309467705 2091817
311559522 12318
311571840 2030496
313602336 3514465
317116801 1122895
318239696 9592940
327832636 2822599
330655235 1657061
332312296 2617765
334930061 1392230
336322291 1455319
337777610 315539
338093149 458725
338551874 2807719
341359593 1750657
343110250 812743
343922993 5064886
348987879 3008071
351995950 2225531
354221481 251530
354473011 2632101
357105112 1324678
358429790 1954186
360383976 361910
360745886 3634065
364379951 4477665
368857616 702173
369559789 1103920
370663709 7709693
378373402 1630861
380004263 735920
380740183 520119
381260302 5711443
386971745 3171181
390142926 2703240
392846166 4735172
397581338 1058087
398639425 10565769
409205194 2762623
411967817 3998107
415965924 667122
416633046 2743226
419376272 2157974
421534246 3818949
425353195 2271531
427624726 482765
428107491 890606
428998097 2734683
431732780 269639
432002419 861118
432863537 490521
433354058 2252643
435606701 1872240
437478941 7845505
445324446 4349477
449673923 2411874
452085797 7273079
459358876 671264
460030140 1415837
461445977 1331125
462777102 2140255
464917357 2257641
467174998 3358479
470533477 4308094
474841571 554398
475395969 386987
475782956 2330375
478113331 1527655
479640986 170199
479811185 2406443
482217628 727425
482945053 4970555
487915608 1959085
489874693 1044009
490918702 251997
491170699 1853697
493024396 3729353
496753749 374299
497128048 2845886
499973934 2968967
502942901 465019
503407920 164280
503572200 4111006
507683206 2463598
510146804 261554
510408358 2088803
512497161 4736290
517233451 952591
518186042 5017683
523203725 469697
523673422 1952240
525625662 1059647
526685309 1465216
528150525 6484104
534634629 309406
534944035 1570092
536514127 411863
536925990 4200777
541126767 738272
541865039 548107
542413146 805970
543219116 2021162
545240278 33016
545273294 11596627
556869921 1627001
558496922 702914
559199836 756227
559956063 3841981
563798044 1311919
565109963 1498645
566608608 5596750
572205358 6250983
578456341 11751840
590208181 3237910
593446091 1254092
594700183 6329439
601029622 1100053
602129675 716084
602845759 6969279
609815038 2808855
612623893 4934629
617558522 3050065
620608587 1151149
621759736 1166914
622926650 6455358
629382008 3706074
633088082 7930635
641018717 4641558
645660275 1433269
647093544 3679170
650772714 345594
651118308 5661496
656779804 158793
656938597 327097
657265694 1061750
658327444 323110
658650554 3049111
661699665 1308126
663007791 4609516
667617307 2225007
669842314 1518075
671360389 3136387
674496776 839188
675335964 6275579
681611543 1072522
682684065 1217578
683901643 4260289
688161932 3008728
691170660 964385
692135045 3864476
695999521 850398
696849919 535235
697385154 1339853
698725007 6544978
705269985 289202
705559187 4325755
709884942 1281876
711166818 90720
711257538 416720
711674258 1403846
713078104 3438989
716517093 6807080
723324173 8615623
731939796 728172
732667968 603949
733271917 4097338
737369255 3549599
740918854 59861
740978715 3706821
744685536 1288374
745973910 736131
746710041 3946415
750656456 806385
751462841 738522
752201363 1127339
753328702 692794
754021496 1782083
755803579 4366923
760170502 688218
760858720 3920377
764779097 3035880
767814977 4255392
772070369 88158
772158527 162265
772320792 1556739
773877531 12307112
786184643 199682
786384325 82087
786466412 3159195
789625607 1779187
791404794 4718243
796123037 2054069
798177106 2578200
800755306 6263276
807018582 2374486
809393068 1450911
810843979 3340555
814184534 5777711
819962245 6505602
826467847 663251
827131098 493953
827625051 2213294
829838345 190896
830029241 10839182
840868423 200734
841069157 1495213
842564370 892883
843457253 2210858
845668111 7373676
853041787 340992
853382779 7723613
861106392 1571800
862678192 5787025
868465217 565104
869030321 1280321
870310642 1139040
871449682 2064774
873514456 714640
874229096 1356192
875585288 2257908
877843196 260111
878103307 7747155
885850462 5259770
891110232 2270175
893380407 9342460
902722867 1433846
904156713 570525
904727238 4409107
909136345 1811806
910948151 796185
911744336 7078342
918822678 755776
919578454 1075772
920654226 722392
921376618 4361418
925738036 4058830
929796866 3739702
933536568 34017
933570585 307014
933877599 5023998
938901597 4780553
943682150 4168878
947851028 1183415
949034443 1721516
950755959 5112324
955868283 1043824
956912107 2344918
959257025 276661
959533686 2567040
962100726 3860508
965961234 391574
966352808 1245615
967598423 929218
968527641 848178
969375819 89052
969464871 3851953
973316824 862582
974179406 6033253
980212659 791204
981003863 7056683
988060546 7006222
995066768 414784
995481552 772681
996254233 2145918
998400151 476619
