2137
1 1
2 1
3 2
5 2
7 2
5 1
6 9
15 2
15 6
21 3
24 2
24 6
17 17
34 1
35 2
37 2
39 1
40 1
39 24
63 1
64 3
67 1
68 1
69 6
68 15
75 21
96 7
103 1
104 2
106 2
108 3
111 3
114 3
117 2
119 1
120 1
121 1
122 2
124 3
127 2
127 6
133 3
136 2
138 1
139 1
140 3
143 5
148 1
149 7
156 1
156 5
161 7
168 1
169 3
172 2
174 2
176 1
172 15
187 3
190 3
193 3
196 6
202 1
203 1
204 7
211 2
213 3
216 5
221 1
222 1
223 1
224 3
224 7
231 2
231 6
237 3
240 1
241 5
246 1
247 2
249 7
256 2
258 2
260 1
261 3
264 1
264 5
269 6
269 17
286 3
289 2
291 5
296 1
297 3
289 21
297 17
314 7
321 2
321 6
327 1
328 2
330 7
337 1
338 1
339 1
340 6
310 40
350 5
355 3
358 2
360 5
365 7
372 1
372 5
377 3
377 7
377 17
394 1
395 2
395 6
384 21
405 3
408 5
397 24
421 2
405 26
431 2
433 3
436 3
439 2
439 6
445 1
441 17
458 3
461 2
463 2
465 1
466 3
469 1
470 2
472 1
473 3
476 1
477 7
484 2
486 2
488 1
489 6
495 5
500 2
502 1
503 1
504 3
507 2
509 5
509 15
507 21
502 30
532 2
534 3
537 2
539 5
544 1
544 5
544 9
553 9
562 6
568 1
568 5
573 1
568 17
585 5
590 6
596 3
599 3
602 2
604 3
604 7
607 15
622 2
624 5
607 35
642 1
643 5
648 1
649 2
651 2
653 2
655 6
661 1
662 5
667 2
669 2
671 1
672 7
679 1
679 5
684 3
687 1
688 3
691 1
692 7
699 5
704 1
705 1
706 3
709 1
710 1
711 1
712 5
717 1
718 1
718 5
723 3
726 9
735 2
737 1
738 3
741 5
746 1
747 2
749 2
751 3
754 1
754 21
775 1
751 35
786 1
787 2
789 2
791 1
792 3
795 3
798 1
799 1
800 3
803 2
805 1
806 1
807 2
809 5
814 2
816 3
819 1
820 3
823 1
824 3
827 6
833 2
835 6
841 1
842 1
843 3
846 2
848 2
850 1
851 1
852 1
853 2
853 6
848 15
863 5
868 7
875 7
852 34
886 2
888 2
890 1
891 1
892 2
892 6
868 34
891 15
906 1
907 1
908 2
910 1
911 7
918 1
919 1
920 5
925 1
926 3
929 6
935 1
935 5
940 6
935 15
950 6
956 2
958 1
935 34
969 2
971 3
974 2
976 1
977 1
978 3
981 1
982 5
987 2
989 2
982 17
978 463
991 971
1441 920
1962 1962
3924 2361
1441 211
1652 6285
2361 574
2935 7937
340 1
2361 341
7937 2702
10639 10872
341 1
2935 342
3277 21511
2361 139
2500 24788
989 439
1428 27288
289 6
3277 295
3572 28716
991 929
1920 32288
34208 204
1920 6
1926 34412
987 24
1011 36338
982 906
3924 1888
5812 37349
43161 5
3277 841
4118 43166
339 15
354 47284
3277 83
10872 3360
14232 47638
2702 629
3331 61870
1011 103
1114 65201
96 5
2935 101
3036 66315
1428 41
1469 69351
70820 296
397 2
4118 399
4517 71116
140 1
4517 141
4658 75633
3277 446
3723 80291
1920 489
2409 84014
4517 754
5271 86423
413 2
7937 415
8352 91694
2361 249
10872 2610
13482 100046
37 15
6285 52
6337 113528
204 3
3360 207
3567 119865
211 1
3036 212
3248 123432
5812 935
6747 126680
133427 149
8352 486
8838 133576
3331 846
4177 142414
146591 718
5271 124
5395 147309
1962 321
2283 152704
75 1
76 154987
83 1
5271 84
5355 155063
3723 121
3844 160418
1011 64
1075 164262
41 3
8352 44
8396 165337
1926 875
2801 173733
176534 3
4177 84
4261 176537
5812 211
6023 180798
330 1
331 186821
4658 35
4693 187152
2801 34
2835 191845
2283 6
2289 194680
405 2
6337 407
6744 196969
423 7
430 203713
1441 143
1584 204143
2835 37
2872 205727
208599 792
209391 971
4517 121
4638 210362
143 1
144 215000
4261 196
4457 215144
1441 41
1482 219601
1926 67
1993 221083
751 15
766 223076
1482 340
1822 223842
1962 156
2118 225664
989 96
1085 227782
2801 7
2808 228867
1652 174
1826 231675
4517 466
4983 233501
6747 35
6782 238484
978 2
6782 980
7762 245266
651 1
13482 652
14134 253028
2118 237
2355 267162
7937 177
8114 269517
1482 5
1487 277631
1487 3
1490 279118
3331 249
3580 280608
297 21
13482 318
13800 284188
1993 133
2126 297988
3924 291
4215 300114
991 328
1319 304329
5271 431
5702 305648
5271 202
5473 311350
2126 136
2262 316823
1085 296
10872 1381
12253 319085
1381 7
1388 331338
1993 204
2197 332726
1487 156
1643 334923
336566 989
337555 69
157 2
159 337624
1114 67
1181 337783
2835 111
2946 338964
489 5
494 341910
6782 108
6890 342404
349294 405
2409 114
2523 349699
352222 101
352323 405
6744 168
6912 352728
5271 144
5415 359640
1075 26
1101 365055
1962 122
2084 366156
84 2
86 368240
2500 114
2614 368326
2614 52
2666 370940
1114 684
1798 373606
6782 851
7633 375404
383037 30
2872 101
2973 383067
2973 34
3007 386040
3723 256
3979 389047
6890 174
7064 393026
30 2
32 400090
1926 15
1941 400122
3360 737
4097 402063
6747 340
7087 406160
1381 3
1384 413247
4658 3
4661 414631
4661 886
5547 419292
590 3
593 424839
1490 39
1529 425432
1584 3
1587 426961
5355 6
5361 428548
2946 465
3411 433909
1075 1
1076 437320
1085 121
1206 438396
4261 156
4417 439602
444019 265
3580 261
3841 444284
6744 3331
10075 448125
607 1
608 458200
528 1
14232 529
14761 458808
3844 127
3971 473569
174 1
175 477540
101 1
13482 102
13584 477715
2289 119
2408 491299
950 3
953 493707
4215 143
4358 494660
499018 318
991 24
1015 499336
26 1
27 500351
1993 41
2034 500378
500351 5547
2289 76
2365 505898
2523 161
2684 508263
5473 30
5503 510947
920 3
923 516450
859 3
862 517373
2126 34
2160 518235
863 9
872 520395
514 1
515 521267
7087 32
7119 521782
446 5
10075 451
10526 528901
539427 395
2523 141
2664 539822
1993 34
2027 542486
542486 2118
2500 52
2552 544604
256 1
257 547156
7762 157
7919 547413
1941 6
1947 555332
602 1
603 557279
3036 141
3177 557882
561059 569
4215 161
4376 561628
4638 2
4640 566004
7919 1
7920 570644
2552 2
2554 578564
3036 35
3071 581118
2500 1
2501 584189
1643 141
1784 586690
584189 5415
2500 9
2509 589604
2118 37
2155 592113
520395 75633
7633 1826
9459 596028
1085 1
1086 605487
4376 63
4439 606573
3360 177
3537 611012
1086 175
1261 614549
557279 61870
4097 269
4366 619149
623515 2408
625923 1584
723 7
730 627507
275 3
278 628237
436 1
437 628515
628237 1888
630125 1075
574 15
589 631200
631789 84
631873 275
632148 569
632717 241
632958 622
4215 24
4239 633580
637819 755
4439 776
5215 638574
940 5
945 643789
644734 1428
3844 24
3868 646162
2702 96
2798 650030
3360 27
3387 652828
2946 52
2998 656215
4517 341
4858 659213
664071 258
664329 706
1469 2
1471 665035
6912 240
7152 666506
2197 39
2236 673658
1490 27
1517 675894
1584 63
1647 677411
679058 350
677411 2798
1428 24
1452 680209
2408 15
2423 681661
3248 27
3275 684084
8396 68
8464 687359
3036 122
3158 695823
4376 119
4495 698981
8114 260
8374 703476
2118 108
2226 711850
650030 65201
715231 470
2666 17
2683 715701
718384 2160
688 15
703 720544
6337 257
6594 721247
1471 15
1486 727841
1086 138
1224 729327
4858 40
4898 730551
2973 5
2978 735449
3277 67
3344 738427
384 5
12253 389
12642 741771
2365 5
2370 754413
2289 1
2290 756783
5702 484
6186 759073
3036 17
3053 765259
52 2
54 768312
76 1
77 768366
1529 35
1564 768443
8464 237
8701 770007
4457 96
4553 778708
8838 9
8847 783261
1076 104
1180 792108
8847 684
9531 793288
4898 140
5038 802819
2614 15
2629 807857
2872 40
2912 810486
7919 394
8313 813398
2610 1
2611 821711
4215 44
4259 824322
1798 86
21511 1884
23395 828581
5812 394
6206 851976
858182 754
858936 240
859176 549
4118 7
4125 859725
863850 337
8313 75
8388 864187
911 2
913 872575
3868 5
3873 873488
13482 257
13739 877361
741 3
744 891100
4661 415
5076 891844
8396 157
8553 896920
835 2
837 905473
2666 1
2667 906310
906310 7919
1652 32
1684 914229
408 1
409 915913
3572 314
3886 916322
1529 106
1635 920208
921843 331
1643 119
1762 922174
711 5
716 923936
5702 264
5966 924652
4125 35
4160 930618
3344 15
3359 934778
2523 24
2547 938137
882 3
885 940684
4417 129
4546 941569
1962 6
1968 946115
3873 1
3874 948083
2160 122
2282 951957
655 5
660 954239
2835 24
2859 954899
3979 1
14761 3980
18741 957758
3411 3
3414 976499
999 174
1173 979913
981086 574
3360 6
3366 981660
3580 54
3634 985026
77 2
79 988660
2283 67
2350 988739
5395 203
5598 991089
1647 17
1664 996687
203713 261
998351 203974
2859 21
566004 2880
1202325 568884
2408 26
126680 2434
1202325 129114
1771209 1331439
2155 24
877361 2179
3102648 879540
3102648 3102648
6205296 3982188
604 15
196969 619
998351 197588
1771209 1195939
2967148 10187484
5812 373
100046 6185
1331439 106231
1437670 13154632
3071 44
100046 3115
1771209 103161
6205296 1874370
8079666 14592302
911 6
91694 917
1331439 92611
1424050 22671968
2434 41
1771209 2475
1773684 24096018
6285 360
828581 6645
1874370 835226
2709596 25869702
1224 41
727841 1265
729106 28579298
4495 1
687359 4496
1874370 691855
2566225 29308404
2523 79
233501 2602
1437670 236103
6205296 1673773
7879069 31874629
2361 32
180798 2393
1874370 183191
2057561 39753698
4661 129
1195939 4790
1200729 41811259
2798 2
160418 2800
163218 43011988
4640 5
1331439 4645
1336084 43175206
414631 297
2057561 414928
2472489 44511290
14232 380
14612 46983779
30 1
126680 31
1202325 126711
1329036 46998391
5547 399
5946 48327427
837 2
119865 839
1874370 120704
1995074 48333373
1114 26
75633 1140
1437670 76773
6205296 1514443
7719739 50328447
2409 63
2472 58048186
3980 75
835226 4055
10187484 839281
11026765 58050658
2702 149
28716 2851
2472489 31567
2504056 69077423
1265 103
21511 1368
2504056 22879
2526935 71581479
4638 190
1202325 4828
1207153 74108414
8114 888
2057561 9002
2066563 75315567
991 69
677411 1060
3102648 678471
3781119 77382130
936 1
43166 937
1995074 44103
2039177 81163249
4118 32
113528 4150
1207153 117678
1324831 83202426
2684 17
633580 2701
636281 84527257
75633 4790
3102648 80423
3183071 85163538
66315 660
2967148 66975
3034123 88346609
680 1
47638 681
1874370 48319
1922689 91380732
3411 41
14761 3452
3982188 18213
4000401 93303421
43166 2226
1514443 45392
4000401 1559835
5560236 97303822
1206 34
684084 1240
685324 102864058
2282 21
793288 2303
8079666 795591
8875257 103549382
569 1
91694 570
2709596 92264
2801860 112424639
34412 746
1559835 35158
1594993 115226499
7762 24
703476 7786
711262 116821492
24 1
76773 25
1207153 76798
1283951 117532754
330 5
21511 335
1594993 21846
1616839 118816705
5271 31
133576 5302
138878 120433544
1643 2
37349 1645
1283951 38994
6205296 1322945
7528241 120572422
872575 631873
1504448 128100663
4150 3
1207153 4153
1211306 129605111
106231 4828
998351 111059
11026765 1109410
12136175 130816417
3115 104
985026 3219
988245 142952592
310 3
623515 313
623828 143940837
855 1
402063 856
3183071 402919
3585990 144564665
1384 54
951957 1438
6205296 953395
7158691 148150655
1962 3
106231 1965
3781119 108196
3889315 155309346
6912 692
165337 7604
172941 159198661
473 2
542486 475
5560236 542961
6103197 159371602
1140 27
180798 1167
3183071 181965
3365036 165474799
66975 196
1211306 67171
1278477 168839835
13800 193
957758 13993
971751 170118312
2701 39
18741 2740
1673773 21481
1695254 171090063
6890 77
406160 6967
413127 172785317
1968 44
92611 2012
998351 94623
1092974 173198444
12642 423
1514443 13065
1527508 174291418
5547 667
1109410 6214
4000401 1115624
5116025 175818926
1388 2
623828 1390
625218 180934951
2303 40
129114 2343
3183071 131457
3314528 181560169
1965 2
698981 1967
700948 184874697
2370 35
924652 2405
927057 185575645
2179 69
120704 2248
2801860 122952
2924812 186502702
7920 4376
741771 12296
754067 189427514
4376 34
638574 4410
642984 190181581
227 2
23395 229
998351 23624
1021975 190824565
2365 21
24788 2386
1995074 27174
2022248 191846540
8464 54
48319 8518
1437670 56837
1494507 193868788
6967 4177
458808 11144
469952 195363295
13065 169
1115624 13234
1128858 195833247
1471 7
197588 1478
3365036 199066
3564102 196962105
4658 31
86423 4689
3365036 91112
3456148 200526207
14612 691
1995074 15303
2010377 203982355
23624 436
1616839 24060
1640899 205992732
13584 524
253028 14108
4000401 267136
4267537 207633631
94623 730
3456148 95353
3551501 211901168
241 2
21511 243
21754 215452669
1968 24
592113 1992
594105 215474423
3219 26
3245 216068528
215000 568
6205296 215568
6420864 216071773
816 2
491299 818
492117 222492637
816 1
38994 817
2967148 39811
3006959 222984754
1920 5
393026 1925
394951 225991713
1616839 9531
1626370 226386664
1487 2
319085 1489
320574 228013034
8847 394
253028 9241
2066563 262269
2328832 228333608
320574 31
320605 230662440
628952 853
629805 230983045
2798 21
103161 2819
105980 231612850
2343 26
835226 2369
837595 231718830
2248 26
123432 2274
3585990 125706
3711696 232556425
1206 106
1594993 1312
1596305 236268121
1798 106
730551 1904
732455 237864426
3567 75
253028 3642
256670 238596881
2423 143
1128858 2566
1131424 238853551
8838 923
998351 9761
1008112 239984975
908 1
304329 909
4267537 305238
4572775 240993087
18213 229
1437670 18442
1456112 245565862
8396 539
998351 8935
1007286 247021974
7152 331
570644 7483
8875257 578127
9453384 248029260
384 9
191845 393
2066563 192238
2258801 257482644
176534 737
177271 259741445
24060 233
1456112 24293
1480405 259918716
3414 27
1131424 3441
1134865 261399121
56837 709
1336084 57546
1393630 262533986
991 79
521782 1070
522852 263927616
433 1
180798 434
181232 264450468
34208 2084
1922689 36292
1958981 264631700
39811 643
4572775 40454
4613229 266590681
205727 11144
216871 271203910
2155 15
61870 2170
3102648 64040
3166688 271420781
2701 37
1695254 2738
1697992 274587469
11144 68
3889315 11212
3900527 276285461
1587 26
1697992 1613
1699605 280185988
6890 5
375404 6895
382299 281885593
368326 35
368361 282267892
3275 31
927057 3306
930363 282636253
7483 68
1958981 7551
1966532 283566616
11212 27
1092974 11239
1104213 285533148
545 2
61870 547
1021975 62417
1084392 286637361
3248 17
95353 3265
1773684 98618
1872302 287721753
2501 21
15303 2522
17825 289594055
2365 1
1109410 2366
1111776 289611880
177271 2523
4000401 179794
4180195 290723656
1664 76
896920 1740
898660 294903851
2872 24
394951 2896
4613229 397847
5011076 295802511
3844 15
3183071 3859
3186930 300813587
1587 40
183191 1627
184818 304000517
1652 31
262269 1683
263952 304185335
1181 7
86423 1188
3781119 87611
3868730 304449287
14612 211
1134865 14823
1149688 308318017
24788 466
2066563 25254
2091817 309467705
9459 2859
12318 311559522
7920 328
2022248 8248
2030496 311571840
766 5
57546 771
3456148 58317
3514465 313602336
7152 119
1115624 7271
1122895 317116801
672 6
138878 678
9453384 139556
9592940 318239696
1993 5
18741 1998
2801860 20739
2822599 327832636
15303 859
1640899 16162
1657061 330655235
43166 8374
2566225 51540
2617765 332312296
4495 111
51540 4606
1336084 56146
1392230 334930061
16162 1487
1437670 17649
1455319 336322291
4150 39
311350 4189
315539 337777610
524 1
458200 525
458725 338093149
5702 157
2801860 5859
2807719 338551874
47638 3414
1699605 51052
1750657 341359593
2248 9
810486 2257
812743 343110250
2236 34
51540 2270
5011076 53810
5064886 343922993
1086 26
3006959 1112
3008071 348987879
133576 138
2091817 133714
2225531 351995950
160418 91112
251530 354221481
14232 104
2617765 14336
2632101 354473011
1664 69
1322945 1733
1324678 357105112
2740 41
28716 2781
1922689 31497
1954186 358429790
359640 2270
361910 360383976
47638 437
3585990 48075
3634065 360745886
209391 737
4267537 210128
4477665 364379951
1224 1
700948 1225
702173 368857616
9459 1487
1092974 10946
1103920 369559789
213 7
181232 220
7528241 181452
7709693 370663709
4457 34
1626370 4491
1630861 378373402
470 1
735449 471
735920 380004263
518235 1884
520119 380740183
3874 24
147309 3898
5560236 151207
5711443 381260302
4491 2
3166688 4493
3171181 386971745
21 2
71116 23
2632101 71139
2703240 390142926
1224 15
120704 1239
4613229 121943
4735172 392846166
34208 1904
1021975 36112
1058087 397581338
2880 1
375404 2881
10187484 378285
10565769 398639425
51540 1487
2709596 53027
2762623 409205194
13993 1926
3982188 15919
3998107 411967817
611 5
666506 616
667122 415965924
1319 23
32288 1342
2709596 33630
2743226 416633046
65201 956
2091817 66157
2157974 419376272
476 5
37349 481
3781119 37830
3818949 421534246
12296 434
2258801 12730
2271531 425353195
4983 67
477715 5050
482765 427624726
10946 120
879540 11066
890606 428107491
18442 6645
2709596 25087
2734683 428998097
269517 122
269639 431732780
1390 3
859725 1393
861118 432002419
7152 604
482765 7756
490521 432863537
24293 2819
2225531 27112
2252643 433354058
3177 26
95353 3203
1773684 98556
1872240 435606701
54 6
125706 60
7719739 125766
7845505 437478941
80423 1517
4267537 81940
4349477 445324446
1101 1
81940 1102
2328832 83042
2411874 449673923
859 1
113528 860
7158691 114388
7273079 452085797
4125 17
667122 4142
671264 459358876
21481 726
1393630 22207
1415837 460030140
702173 628952
1331125 461445977
48319 119
2091817 48438
2140255 462777102
4983 15
2252643 4998
2257641 464917357
776 9
43166 785
3314528 43951
3358479 467174998
40454 103
4267537 40557
4308094 470533477
6782 203
547413 6985
554398 474841571
946 1
386040 947
386987 475395969
1517 26
2328832 1543
2330375 475782956
144 3
1527508 147
1527655 478113331
4828 34
165337 4862
170199 479640986
434 1
75633 435
2330375 76068
2406443 479811185
5966 212
721247 6178
727425 482217628
1822 60
233501 1882
4735172 235383
4970555 482945053
1958981 104
1959085 487915608
646162 397847
1044009 489874693
466 1
251530 467
251997 490918702
3071 144
76798 3215
1773684 80013
1853697 491170699
14761 2896
3711696 17657
3729353 493024396
370940 3359
374299 496753749
22879 408
2822599 23287
2845886 497128048
1798 21
2967148 1819
2968967 499973934
6206 5
458808 6211
465019 502942901
17 1
164262 18
164280 503407920
108196 2409
4000401 110605
4111006 503572200
51052 672
2411874 51724
2463598 507683206
4858 26
256670 4884
261554 510146804
21846 394
2066563 22240
2088803 510408358
1112 6
4735172 1118
4736290 512497161
629 5
951957 634
952591 517233451
6214 393
5011076 6607
5017683 518186042
4661 17
465019 4678
469697 523203725
28716 835
1922689 29551
1952240 523673422
1543 17
1058087 1560
1059647 525625662
9002 102
1456112 9104
1465216 526685309
62417 823
6420864 63240
6484104 528150525
3723 35
305648 3758
309406 534634629
9531 726
1559835 10257
1570092 534944035
5702 1
406160 5703
411863 536514127
18213 2369
4180195 20582
4200777 536925990
2350 2
735920 2352
738272 541126767
692 2
547413 694
548107 541865039
619149 186821
805970 542413146
10257 528
2010377 10785
2021162 543219116
25254 7762
33016 545240278
568884 978
11026765 569862
11596627 545273294
629 2
1626370 631
1627001 556869921
702173 741
702914 558496922
754067 2160
756227 559199836
22240 792
3818949 23032
3841981 559956063
27288 680
1283951 27968
1311919 563798044
4097 41
1494507 4138
1498645 565109963
36338 176
5560236 36514
5596750 566608608
45392 295
6205296 45687
6250983 572205358
152704 2509
11596627 155213
11751840 578456341
40454 10526
3186930 50980
3237910 590208181
34412 8374
1211306 42786
1254092 593446091
76773 1683
6250983 78456
6329439 594700183
7064 15
1092974 7079
1100053 601029622
715231 853
716084 602129675
2409 1
482765 2410
6484104 485175
6969279 602845759
1118 18
2807719 1136
2808855 609815038
197588 751
4736290 198339
4934629 612623893
15919 23
3034123 15942
3050065 617558522
1452 9
1149688 1461
1151149 620608587
13800 1965
1151149 15765
1166914 621759736
34208 286
6420864 34494
6455358 622926650
868 2
71139 870
3634065 72009
3706074 629382008
51540 26
7879069 51566
7930635 633088082
14336 13993
4613229 28329
4641558 641018717
8847 372
1424050 9219
1433269 645660275
37349 7756
3634065 45105
3679170 647093544
3158 32
342404 3190
345594 650772714
64040 706
5596750 64746
5661496 651118308
155213 3580
158793 656779804
6285 207
320605 6492
327097 656938597
2034 69
1059647 2103
1061750 657265694
2500 5
320605 2505
323110 658327444
14761 227
3034123 14988
3049111 658650554
23287 888
1283951 24175
1308126 661699665
36514 227
4572775 36741
4609516 663007791
66315 718
2157974 67033
2225007 667617307
3580 52
1514443 3632
1518075 669842314
33016 723
3102648 33739
3136387 671360389
1587 6
837595 1593
839188 674496776
24175 421
6250983 24596
6275579 675335964
10639 133
1061750 10772
1072522 681611543
6186 86
1211306 6272
1217578 682684065
56146 3366
4200777 59512
4260289 683901643
2010377 998351
3008728 688161932
6285 342
957758 6627
964385 691170660
21846 649
3841981 22495
3864476 692135045
10257 860
839281 11117
850398 695999521
6214 120
528901 6334
535235 696849919
3642 127
1336084 3769
1339853 697385154
53810 7064
6484104 60874
6544978 698725007
4983 31
284188 5014
289202 705269985
3 1
17657 4
4308094 17661
4325755 705559187
3360 39
1278477 3399
1281876 709884942
3007 102
87611 3109
90720 711166818
1762 30
414928 1792
416720 711257538
10075 141
1393630 10216
1403846 711674258
67171 6782
3365036 73953
3438989 713078104
547 1
261554 548
6544978 262102
6807080 716517093
719 3
535235 722
8079666 535957
8615623 723324173
727841 331
728172 731939796
378285 225664
603949 732667968
95353 1584
4000401 96937
4097338 733271917
34412 722
3514465 35134
3549599 737369255
346 3
59512 349
59861 740918854
3706074 747
3706821 740978715
4417 6
1283951 4423
1288374 744685536
735920 211
736131 745973910
196 5
45687 201
3900527 45888
3946415 746710041
805970 415
806385 750656456
735920 2602
738522 751462841
4439 5
1122895 4444
1127339 752201363
937 2
691855 939
692794 753328702
8396 3
1773684 8399
1782083 754021496
1261 23
16162 1284
4349477 17446
4366923 755803579
687359 859
688218 760170502
14988 4862
3900527 19850
3920377 760858720
1740 17
3034123 1757
3035880 764779097
53810 805
4200777 54615
4255392 767814977
87611 547
88158 772070369
1826 21
160418 1847
162265 772158527
28329 755
1527655 29084
1556739 772320792
170199 738
12136175 170937
12307112 773877531
199066 616
199682 786184643
81940 147
82087 786384325
22495 313
3136387 22808
3159195 786466412
1773684 5503
1779187 789625607
616 1
76068 617
4641558 76685
4718243 791404794
14823 69
2039177 14892
2054069 796123037
11066 909
2566225 11975
2578200 798177106
12253 40
6250983 12293
6263276 800755306
43166 945
2330375 44111
2374486 807018582
13234 7
1437670 13241
1450911 809393068
25087 940
3314528 26027
3340555 810843979
66157 111
5711443 66268
5777711 814184534
21481 17
6484104 21498
6505602 819962245
3971 67
659213 4038
663251 826467847
493707 246
493953 827131098
54615 705
2157974 55320
2213294 827625051
110605 80291
190896 829838345
262269 11144
10565769 273413
10839182 830029241
1015 37
199682 1052
200734 840868423
1494507 706
1495213 841069157
1015 24
891844 1039
892883 842564370
50980 1904
2157974 52884
2210858 843457253
549 2
100046 551
7273079 100597
7373676 845668111
2027 1
338964 2028
340992 853041787
7719739 3874
7723613 853382779
1684 24
1570092 1708
1571800 861106392
8847 467
5777711 9314
5787025 862678192
3452 24
561628 3476
565104 868465217
1826 18
1278477 1844
1280321 869030321
4160 15
1134865 4175
1139040 870310642
7064 149
2057561 7213
2064774 871449682
692794 21846
714640 873514456
16162 177
1339853 16339
1356192 874229096
265 2
2257641 267
2257908 875585288
256670 3441
260111 877843196
23395 147
7723613 23542
7747155 878103307
139556 4189
5116025 143745
5259770 885850462
11117 257
2258801 11374
2270175 891110232
2179 5
465019 2184
8875257 467203
9342460 893380407
574 3
1433269 577
1433846 902722867
662 1
569862 663
570525 904156713
40557 1627
4366923 42184
4409107 904727238
29551 172
1782083 29723
1811806 909136345
593 1
795591 594
796185 910948151
863 4
108196 867
6969279 109063
7078342 911744336
1342 21
754413 1363
755776 918822678
3248 2
1072522 3250
1075772 919578454
1140 5
721247 1145
722392 920654226
11117 824
4349477 11941
4361418 921376618
56146 2283
4000401 58429
4058830 925738036
10216 133
3729353 10349
3739702 929796866
33739 278
34017 933536568
1363 3
305648 1366
307014 933570585
6285 30
5017683 6315
5023998 933877599
43161 1102
4736290 44263
4780553 938901597
55320 2552
4111006 57872
4168878 943682150
16162 339
1166914 16501
1183415 947851028
21754 157
1699605 21911
1721516 949034443
149 5
47284 154
5064886 47438
5112324 950755959
561059 482765
1043824 955868283
14336 207
2330375 14543
2344918 956912107
273413 3248
276661 959257025
814 1
2566225 815
2567040 959533686
18213 314
3841981 18527
3860508 962100726
2523 4
389047 2527
391574 965961234
629805 615810
1245615 966352808
2160 1
927057 2161
929218 967598423
8701 196
839281 8897
848178 968527641
88158 894
89052 969375819
9761 211
3841981 9972
3851953 969464871
1461 3
861118 1464
862582 973316824
959 3
245266 962
5787025 246228
6033253 974179406
7937 6
783261 7943
791204 980212659
86423 981
6969279 87404
7056683 981003863
36741 202
6969279 36943
7006222 988060546
149 4
414631 153
414784 995066768
2667 7
770007 2674
772681 995481552
5473 190
2140255 5663
2145918 996254233
2998 52
473569 3050
476619 998400151
