2064
1 1
1 2
2 2
1 4
1 5
2 5
2 7
6 9
2 15
1 17
4 17
7 17
2 24
1 26
9 21
1 30
2 30
17 17
1 34
2 35
2 37
1 39
1 40
15 39
3 54
5 57
24 39
1 63
26 41
1 67
1 68
7 68
1 75
1 76
15 68
3 83
6 86
3 92
21 75
5 96
7 96
1 103
2 104
2 106
5 106
39 75
9 108
2 117
1 119
1 120
1 121
2 122
5 122
2 127
9 124
7 129
2 136
1 138
1 139
5 138
1 143
3 144
5 143
1 148
4 149
5 149
7 149
1 156
2 157
5 156
7 161
1 168
1 169
15 157
2 172
1 174
2 174
1 176
2 177
15 172
21 169
17 176
9 187
9 193
1 202
1 203
7 204
2 211
5 211
4 216
5 216
1 221
1 222
1 223
5 222
2 227
7 224
2 231
15 222
7 233
1 240
1 241
2 241
5 241
1 246
2 247
7 249
1 256
2 256
2 258
1 260
15 249
1 264
2 265
5 264
15 260
3 275
17 269
24 265
2 289
2 291
5 291
1 296
9 291
21 289
3 310
17 297
4 314
1 318
7 314
2 321
17 310
1 327
2 328
1 330
7 330
1 337
1 338
1 339
7 339
3 346
40 310
4 350
5 350
21 337
2 358
5 360
7 365
1 372
5 372
7 373
7 377
17 377
1 394
2 395
7 394
21 384
7 401
1 408
5 408
2 413
24 397
2 421
7 423
26 405
2 431
1 433
1 434
5 431
1 436
26 413
2 439
9 436
1 445
3 446
5 446
17 441
15 446
2 461
2 463
1 465
1 466
24 445
1 469
1 470
2 470
1 472
2 473
7 469
1 476
4 477
7 477
2 484
2 486
1 488
5 489
7 488
3 495
5 495
2 500
1 502
1 503
5 502
2 507
5 509
1 514
6 515
15 509
1 524
21 507
30 502
2 532
5 532
2 537
5 539
1 544
3 545
5 544
2 549
9 544
9 553
15 553
1 568
1 569
5 568
1 573
3 574
17 568
5 585
3 590
1 593
34 562
9 590
17 585
1 602
2 602
5 602
1 607
7 604
5 611
15 607
2 622
5 624
2 629
5 629
35 607
1 642
5 643
1 648
2 649
2 651
2 653
5 655
37 624
1 661
1 662
5 662
2 667
2 669
1 671
7 672
1 679
5 679
7 680
1 687
7 684
1 691
2 692
6 692
7 692
4 699
5 699
1 704
1 705
5 704
1 709
1 710
1 711
4 712
5 712
1 717
1 718
1 719
3 719
5 718
7 719
4 726
9 726
2 735
1 737
15 726
3 741
5 741
1 746
2 747
2 749
5 749
1 754
9 755
15 751
21 754
1 775
35 751
1 786
2 787
2 789
1 791
1 792
9 786
7 791
1 798
1 799
1 800
5 798
2 803
1 805
1 806
2 807
5 809
1 814
2 814
2 816
5 814
1 819
7 816
1 823
2 824
7 820
9 824
2 833
2 835
17 824
1 841
1 842
1 843
5 841
2 846
2 848
1 850
1 851
1 852
2 853
7 852
1 859
3 859
15 848
4 863
5 863
4 868
7 868
7 875
3 882
34 852
2 886
2 888
1 890
1 891
2 892
2 894
7 891
34 868
15 891
1 906
1 907
2 908
1 910
2 911
7 911
1 918
1 919
3 920
5 920
1 925
9 920
9 926
1 935
5 935
5 940
17 929
1 946
15 935
3 950
1 953
21 935
2 956
1 958
3 959
34 935
2 969
5 969
2 974
1 976
1 977
5 976
1 981
5 982
2 987
2 989
17 982
24 987
4 1011
1 1015
24 1015
37 1015
15 1052
83 987
64 1011
1 1075
9 1076
1 1085
15 1086
7 1101
26 1086
39 1075
4 1114
18 1118
9 1136
75 1085
174 999
7 1173
1 1180
138 1086
1 1224
5 1224
67 1173
37 1224
4 1261
138 1181
24 1319
138 1225
3 1363
27 1343
120 1261
203 1181
4 1384
2 1388
5 1388
7 1393
40 1388
463 978
24 1428
9 1452
3 1461
17 1452
2 1469
30 1452
5 1482
2 1487
3 1487
17 1489
27 1490
39 1490
26 1517
35 1529
67 1517
3 1584
3 1587
6 1587
7 1593
26 1587
106 1529
4 1635
114 1529
4 1643
17 1647
37 1647
2 1684
24 1684
54 1686
17 1740
119 1643
120 1664
7 1784
114 1684
21 1798
24 1798
4 1822
18 1826
86 1798
106 1798
122 1798
5 1920
6 1920
15 1926
6 1941
26 1941
21 1947
6 1968
24 1968
67 1926
5 1993
34 1993
1 2027
7 2027
86 1992
143 1941
5 2084
69 2034
34 2084
133 1993
37 2118
5 2155
1 2160
175 1993
140 2034
24 2160
37 2160
5 2197
108 2118
39 2197
26 2226
21 2236
26 2236
34 2236
122 2160
1 2282
7 2282
1 2289
21 2282
31 2303
68 2282
2 2350
5 2350
15 2350
1 2365
5 2365
119 2289
1 2408
15 2408
63 2409
77 2423
1 2500
4 2501
9 2500
114 2409
4 2523
24 2523
5 2547
2 2552
15 2547
57 2509
64 2547
3 2611
15 2614
35 2629
2 2664
1 2666
7 2667
17 2666
1 2683
17 2684
37 2701
67 2684
30 2751
114 2684
2 2798
3 2798
7 2801
27 2808
168 2683
24 2835
37 2835
9 2872
1441 1441
30 2882
63 2872
34 2912
27 2946
5 2973
86 2912
9 2998
63 2973
77 2973
17 3036
35 3036
34 3053
75 3071
122 3036
106 3071
32 3158
148 3071
26 3219
177 3071
2 3248
27 3248
2 3275
31 3275
54 3277
67 3277
15 3344
7 3359
21 3366
40 3359
24 3387
3 3411
27 3414
5 3441
193 3344
30 3537
5 3567
169 3411
54 3580
62 3580
143 3580
35 3723
127 3642
24 3769
261 3580
3 3841
4 3844
17 3841
15 3844
24 3844
5 3868
1 3873
314 3572
103 3868
106 3873
1 3979
7 3980
67 3971
111 3980
211 3886
21 4097
7 4118
41 4097
17 4125
35 4118
35 4125
17 4160
64 4125
643 3572
373 3886
2 4259
6 4261
157 4189
143 4215
241 4125
117 4259
34 4376
41 4376
6 4417
63 4376
5 4439
40 4417
34 4457
2 4491
119 4376
159 4358
129 4417
7 4546
30 4546
121 4517
2 4638
241 4417
3 4658
17 4661
32 4661
63 4640
119 4658
92 4703
401 4457
4 4858
26 4858
40 4858
430 4553
15 4983
26 4983
31 4983
140 4898
67 4983
436 4640
121 5076
233 5038
264 5038
372 4983
6 5355
34 5361
54 5361
202 5271
1 5473
30 5473
509 5038
203 5395
190 5473
104 5598
1 5702
2882 2882
265 5547
157 5702
75 5859
473 5473
202 5764
77 5946
476 5702
240 5946
240 5966
5 6206
86 6186
339 5946
30 6285
62 6272
314 6023
139 6285
257 6337
401 6206
203 6424
798 5946
3 6744
35 6747
108 6782
5 6890
168 6744
77 6890
203 6782
30 6967
136 6912
174 6890
15 7064
337 6782
240 6912
149 7064
119 7152
500 6782
331 7152
269 7282
607 6997
514 7119
604 7152
129 7633
24 7762
157 7762
1 7919
175 7762
6 7937
177 7937
328 7920
394 7919
39 8313
260 8114
75 8313
86 8313
76 8388
169 8374
240 8313
148 8553
486 8352
9 8838
196 8701
471 8464
888 8114
176 8838
169 8935
372 8847
95 9219
906 8553
684 8847
441 9531
544 9531
651 9531
1112 9104
133 10216
451 10075
1180 9459
133 10639
710 10075
233 10639
1487 9459
2103 9014
4177 6967
68 11144
502 10872
999 10872
3567 8374
104 11871
1381 10872
40 12253
4376 7920
2859 9459
434 12296
923 12318
515 12730
1229 12253
4125 9459
138 13482
7 13620
193 13482
257 13482
216 13584
193 13800
395 13739
648 13584
104 14232
409 14134
380 14232
149 14612
62 14761
57 14823
69 14823
108 14880
885 14880
574 15765
1740 14761
2168 14761
2566 14880
720 16929
5361 12296
4 17657
3980 13739
106 17719
735 17649
143 18384
3980 14761
4517 14880
4862 14988
5702 14880
3841 17657
10639 10872
243 21511
92 21754
377 21511
157 21754
1452 20582
319 21888
394 21846
461 22034
313 22495
4495 18384
537 22495
853 22207
227 23060
1884 21511
147 23395
229 23395
436 23624
888 23287
669 23624
156 24175
265 24331
3277 21511
67 24788
2027 23060
466 24788
940 25087
2751 23287
1517 24788
599 26305
807 26305
2500 24788
13993 14336
1428 27288
755 28329
835 28716
172 29551
2781 28716
2851 28716
3572 28716
7762 25254
9459 24060
498 33519
1920 32288
204 34208
286 34208
926 34208
2365 33519
1926 34412
176 36338
227 36514
202 36741
698 36338
1011 36338
481 37349
1941 37349
521 39290
643 39811
103 40454
170 40557
323 40557
503 40880
801 41383
13620 28716
101 42336
5812 37349
5 43161
3071 40880
945 43166
1826 42437
7756 37349
4118 43166
154 47284
354 47284
437 47638
800 47638
1343 48438
25254 25254
472 50508
544 50508
488 51052
26 51540
672 51052
2270 51540
2808 51052
545 53810
755 53860
1791 54355
691 56146
2946 54355
26305 31567
1016 57301
2283 56146
3366 56146
349 59512
7064 53810
14232 47638
2366 60874
1506 63240
3331 61870
1067 65201
1114 65201
660 66315
196 66975
314 67171
3036 66315
1469 69351
179 70820
296 70820
140 70999
755 71116
514 71871
6782 67171
4517 71116
435 75633
1052 75633
1998 75633
799 77631
9014 70999
4658 75633
10216 71871
2751 80291
3723 80291
43161 43161
2409 84014
919 86423
62 87342
624 87342
816 87342
894 88158
2562 88158
3146 87966
5271 86423
570 91694
594 92264
2252 92858
3446 95110
8352 91694
551 100046
5934 100046
1974 105980
242 107954
867 108196
2409 108196
13482 100046
860 113528
6337 113528
2078 119865
3087 119865
3567 119865
2334 123432
3248 123432
13800 114388
4777 126680
1108 131457
6747 126680
149 133427
537 133576
5302 133576
67171 72385
8838 133576
4493 138878
4189 139556
4177 142414
718 146591
477 147309
1639 147309
57 148948
2202 149005
5395 147309
2283 152704
76 154987
2509 152704
3580 155213
4267 155063
5355 155063
2935 159330
2800 160418
3844 160418
18 164262
1075 164262
4862 165337
738 170199
7604 165337
792 172941
2801 173733
3 176534
737 176534
2523 177271
4261 176537
434 180798
220 181232
3366 181452
6023 180798
331 186821
80291 110605
4346 187152
4693 187152
2835 191845
449 194680
2289 194680
1370 196969
1343 198339
1052 199682
6744 196969
430 203713
1584 204143
2872 205727
792 208599
971 209391
4638 210362
144 215000
11144 205727
4457 215144
1482 219601
1993 221083
766 223076
1822 223842
2118 225664
1085 227782
2808 228867
1826 231675
764 233501
4983 233501
6782 238484
962 245266
91112 160418
467 251530
7762 245266
3642 253028
3441 256670
4884 256670
548 261554
7282 256670
14134 253028
2355 267162
122 269517
2174 269639
1600 271813
4091 271813
3248 273413
8114 269517
1487 277631
1490 279118
3580 280608
5014 284188
13800 284188
2126 297988
4215 300114
1319 304329
1366 305648
3758 305648
5702 305648
4189 311350
5473 311350
844 316823
2262 316823
1489 319085
31 320574
2505 320605
3987 323110
12253 319085
1388 331338
2197 332726
1643 334923
989 336566
69 337555
159 337624
1181 337783
2028 338964
2946 338964
494 341910
3190 342404
6890 342404
405 349294
2523 349699
101 352222
405 352323
6912 352728
2270 359640
5415 359640
1101 365055
2084 366156
86 368240
35 368326
1224 368326
2614 368326
2666 370940
3359 370940
1798 373606
2881 375404
6895 375404
7633 375404
30 383037
2973 383067
947 386040
3007 386040
2527 389047
3979 389047
1925 393026
7064 393026
32 400090
1941 400122
4097 402063
5703 406160
6967 406160
120 413127
1384 413247
153 414631
2089 414631
4661 414631
5009 419292
5547 419292
593 424839
1529 425432
1587 426961
5361 428548
3411 433909
1076 437320
2282 437320
4417 439602
205727 238484
265 444019
3841 444284
10075 448125
525 458200
608 458200
6211 458808
2184 465019
4678 465019
11144 458808
14761 458808
3050 473569
3971 473569
175 477540
5050 477715
7756 482765
13584 477715
818 491299
2408 491299
246 493707
953 493707
4358 494660
318 499018
1015 499336
27 500351
2034 500378
5547 500351
2365 505898
2684 508263
5503 510947
923 516450
862 517373
1884 518235
2160 518235
872 520395
515 521267
1070 521782
7119 521782
6334 528901
722 535235
10526 528901
395 539427
2664 539822
475 542486
2027 542486
2118 542486
2552 544604
257 547156
694 547413
6985 547413
7919 547413
1947 555332
603 557279
3177 557882
569 561059
191498 373606
4376 561628
3858 566004
663 569862
4640 566004
7483 570644
7920 570644
2554 578564
3071 581118
2501 584189
1784 586690
5415 584189
2509 589604
1992 592113
2155 592113
75633 520395
225664 378285
9459 596028
1086 605487
4439 606573
3537 611012
1261 614549
61870 557279
4366 619149
313 623515
1390 623828
2408 623515
2289 625218
730 627507
278 628237
437 628515
853 628952
1173 628952
1075 630125
1664 630125
4366 627507
275 631873
569 632148
241 632717
622 632958
2701 633580
5946 631873
755 637819
4410 638574
805 642984
945 643789
1428 644734
3868 646162
2798 650030
3387 652828
2998 656215
4038 659213
4858 659213
258 664071
706 664329
1471 665035
616 666506
4142 667122
7152 666506
2236 673658
1517 675894
1647 677411
350 679058
2798 677411
1452 680209
2423 681661
1240 684084
3275 684084
859 687359
4576 688218
8464 687359
3158 695823
1967 698981
1225 700948
741 702173
4495 698981
7786 703476
8374 703476
2226 711850
21846 692794
65201 650030
470 715231
853 715231
2683 715701
2160 718384
703 720544
1145 721247
6178 721247
6594 721247
331 727841
1265 727841
221 729106
1224 729327
1904 730551
4898 730551
471 735449
211 735920
2352 735920
2978 735449
95 738427
3344 738427
12296 741771
346 754067
1363 754413
2160 754067
2370 754413
2290 756783
6186 759073
3053 765259
54 768312
77 768366
1564 768443
2674 770007
8701 770007
4553 778708
7943 783261
8847 783261
1180 792108
2303 793288
594 795591
9531 793288
186821 619149
415 805970
5038 802819
2629 807857
2257 810486
2912 810486
8313 813398
2611 821711
4259 824322
9014 828581
1593 837595
1686 837595
8897 839281
11117 839281
23395 828581
6206 851976
754 858182
240 858936
549 859176
1393 859725
1464 861118
4125 859725
337 863850
8388 864187
913 872575
3873 873488
13245 877361
13739 877361
744 891100
1039 891844
5076 891844
1740 896920
8553 896920
837 905473
2667 906310
7919 906310
1684 914229
409 915913
3886 916322
1635 920208
331 921843
1762 922174
716 923936
11144 915913
2161 927057
3306 927057
5966 924652
4160 930618
3359 934778
2547 938137
885 940684
4546 941569
1968 946115
3874 948083
634 951957
2282 951957
660 954239
2859 954899
6627 957758
13993 957758
18741 957758
3414 976499
1173 979913
574 981086
3366 981660
3219 985026
3634 985026
494 988245
2350 988739
5598 991089
1664 996687
8935 998351
826 1007286
23624 998351
482765 561059
22034 1021975
33519 1021975
196969 861118
4153 1055494
2103 1059647
10772 1061750
3250 1072522
26305 1058087
70999 1021975
7079 1092974
10946 1092974
293 1103920
5197 1104213
2366 1109410
3848 1111776
7271 1115624
4444 1122895
35884 1092974
2566 1128858
3441 1131424
10182 1128858
14823 1134865
1461 1149688
15765 1151149
16501 1166914
71871 1128858
6424 1200729
4153 1207153
6272 1211306
615810 629805
36514 1217578
67171 1211306
1844 1278477
3399 1278477
5474 1278477
4423 1283951
24175 1283951
3793 1308126
40727 1283951
40880 1283951
4358 1324678
628952 702173
7048 1329036
3769 1336084
16339 1339853
56146 1336084
1400 1392230
10216 1393630
22207 1393630
87966 1336084
9219 1424050
577 1433269
13620 1424050
13241 1437670
17649 1437670
793 1455319
9104 1456112
24293 1456112
56837 1437670
706 1494507
4138 1494507
631873 872575
13627 1504448
23060 1504448
147 1527508
29084 1527655
42437 1527655
1708 1570092
67485 1527508
732455 863850
21846 1594993
9531 1616839
631 1626370
4491 1626370
24060 1616839
191845 1465216
54355 1640899
2738 1695254
1613 1697992
21911 1699605
51052 1699605
78430 1695254
5503 1773684
8399 1773684
29723 1782083
80013 1773684
98556 1773684
62 1872240
149005 1773684
29551 1922689
31497 1922689
4795 1954186
104 1958981
7551 1958981
72385 1922689
998351 998351
13675 1996702
10785 2010377
11871 2010377
8248 2022248
16929 2022248
14892 2039177
18384 2039177
7213 2057561
9002 2057561
22240 2066563
25254 2066563
48438 2091817
5663 2140255
17719 2140255
134113 2066563
10182 2200676
340992 1872302
24331 2200676
24855 2200676
27112 2225531
4998 2252643
267 2257641
1160 2257641
11374 2258801
12730 2258801
57301 2271531
1543 2328832
14543 2330375
44111 2330375
76068 2330375
83042 2328832
51724 2411874
271813 2200676
31567 2472489
22879 2504056
39290 2526935
815 2566225
11975 2566225
51540 2566225
14336 2617765
71139 2632101
143371 2566225
25087 2709596
8543 2734683
19397 2743226
92264 2709596
5859 2801860
1136 2807719
14880 2807719
23287 2822599
122952 2801860
42336 2924812
1819 2967148
39811 2967148
1112 3006959
998351 2010377
66975 2967148
1757 3034123
14988 3034123
954 3049111
86322 3050065
22808 3136387
132565 3034123
4493 3166688
148948 3034123
3859 3183071
50980 3186930
131457 3183071
26027 3314528
43951 3314528
50508 3314528
73953 3365036
91112 3365036
58317 3456148
35134 3514465
37036 3514465
107954 3456148
21888 3564102
48075 3585990
45105 3634065
26904 3679170
747 3706074
77631 3634065
17657 3711696
10349 3729353
195129 3585990
37830 3781119
23032 3818949
9972 3841981
18527 3841981
22495 3841981
49781 3818949
108196 3781119
11212 3889315
19850 3900527
26038 3920377
1996702 1996702
4703 3993404
6997 3993404
58429 4000401
756783 3340555
110605 4000401
57872 4111006
179794 4000401
20582 4180195
54615 4200777
59512 4200777
87342 4180195
40557 4267537
17661 4308094
41383 4308094
11941 4349477
17446 4349477
42184 4366923
128188 4349477
95110 4477665
36741 4572775
40454 4572775
28329 4613229
76685 4641558
121943 4613229
1118 4735172
44263 4736290
198339 4736290
234265 4736290
275904 4735172
6607 5011076
6315 5017683
53810 5011076
47438 5064886
1115624 4000401
143745 5116025
444211 5116025
36514 5560236
64746 5596750
151207 5560236
66268 5711443
9314 5777711
246228 5787025
542961 5560236
147786 6103197
12293 6250983
24596 6250983
53860 6275579
317667 6103197
34494 6420864
63240 6420864
21498 6484104
60874 6484104
262102 6544978
424301 6544978
36943 6969279
87404 6969279
109063 6969279
1055494 6103197
114388 7158691
100597 7273079
369550 7158691
181452 7528241
191498 7528241
3874 7719739
23542 7723613
125766 7719739
159330 7719739
51566 7879069
3993404 3993404
92858 7986808
535957 8079666
795591 8079666
467203 8875257
578127 8875257
139556 9453384
2200676 7986808
378285 10187484
273413 10565769
839281 10187484
569862 11026765
155213 11596627
1109410 11026765
170937 12136175
2967148 10187484
1437670 13154632
8079666 14592302
1424050 22671968
1773684 24096018
2709596 25869702
729106 28579298
2566225 29308404
7879069 31874629
2057561 39753698
1200729 41811259
163218 43011988
1336084 43175206
2472489 44511290
14612 46983779
1329036 46998391
5946 48327427
1995074 48333373
7719739 50328447
2472 58048186
11026765 58050658
2504056 69077423
2526935 71581479
1207153 74108414
2066563 75315567
3781119 77382130
2039177 81163249
1324831 83202426
636281 84527257
3183071 85163538
3034123 88346609
1922689 91380732
4000401 93303421
5560236 97303822
685324 102864058
8875257 103549382
2801860 112424639
1594993 115226499
711262 116821492
1283951 117532754
1616839 118816705
138878 120433544
7528241 120572422
1504448 128100663
1211306 129605111
12136175 130816417
988245 142952592
623828 143940837
3585990 144564665
7158691 148150655
3889315 155309346
172941 159198661
6103197 159371602
3365036 165474799
1278477 168839835
971751 170118312
1695254 171090063
413127 172785317
1092974 173198444
1527508 174291418
5116025 175818926
625218 180934951
3314528 181560169
700948 184874697
927057 185575645
2924812 186502702
754067 189427514
642984 190181581
1021975 190824565
2022248 191846540
1494507 193868788
469952 195363295
1128858 195833247
3564102 196962105
3456148 200526207
2010377 203982355
1640899 205992732
4267537 207633631
3551501 211901168
21754 215452669
594105 215474423
3245 216068528
6420864 216071773
492117 222492637
3006959 222984754
394951 225991713
1626370 226386664
320574 228013034
2328832 228333608
320605 230662440
629805 230983045
105980 231612850
837595 231718830
3711696 232556425
1596305 236268121
732455 237864426
256670 238596881
1131424 238853551
1008112 239984975
4572775 240993087
1456112 245565862
1007286 247021974
9453384 248029260
2258801 257482644
177271 259741445
1480405 259918716
1134865 261399121
1393630 262533986
522852 263927616
181232 264450468
1958981 264631700
4613229 266590681
216871 271203910
3166688 271420781
1697992 274587469
3900527 276285461
1699605 280185988
382299 281885593
368361 282267892
930363 282636253
1966532 283566616
1104213 285533148
1084392 286637361
1872302 287721753
17825 289594055
1111776 289611880
4180195 290723656
898660 294903851
5011076 295802511
3186930 300813587
184818 304000517
263952 304185335
3868730 304449287
1149688 308318017
2091817 309467705
12318 311559522
2030496 311571840
3514465 313602336
1122895 317116801
9592940 318239696
2822599 327832636
1657061 330655235
2617765 332312296
1392230 334930061
1455319 336322291
315539 337777610
458725 338093149
2807719 338551874
1750657 341359593
812743 343110250
5064886 343922993
3008071 348987879
2225531 351995950
251530 354221481
2632101 354473011
1324678 357105112
1954186 358429790
361910 360383976
3634065 360745886
4477665 364379951
702173 368857616
1103920 369559789
7709693 370663709
1630861 378373402
735920 380004263
520119 380740183
5711443 381260302
3171181 386971745
2703240 390142926
4735172 392846166
1058087 397581338
10565769 398639425
2762623 409205194
3998107 411967817
667122 415965924
2743226 416633046
2157974 419376272
3818949 421534246
2271531 425353195
482765 427624726
890606 428107491
2734683 428998097
269639 431732780
861118 432002419
490521 432863537
2252643 433354058
1872240 435606701
7845505 437478941
4349477 445324446
2411874 449673923
7273079 452085797
671264 459358876
1415837 460030140
1331125 461445977
2140255 462777102
2257641 464917357
3358479 467174998
4308094 470533477
554398 474841571
386987 475395969
2330375 475782956
1527655 478113331
170199 479640986
2406443 479811185
727425 482217628
4970555 482945053
1959085 487915608
1044009 489874693
251997 490918702
1853697 491170699
3729353 493024396
374299 496753749
2845886 497128048
2968967 499973934
465019 502942901
164280 503407920
4111006 503572200
2463598 507683206
261554 510146804
2088803 510408358
4736290 512497161
952591 517233451
5017683 518186042
469697 523203725
1952240 523673422
1059647 525625662
1465216 526685309
6484104 528150525
309406 534634629
1570092 534944035
411863 536514127
4200777 536925990
738272 541126767
548107 541865039
805970 542413146
2021162 543219116
33016 545240278
11596627 545273294
1627001 556869921
702914 558496922
756227 559199836
3841981 559956063
1311919 563798044
1498645 565109963
5596750 566608608
6250983 572205358
11751840 578456341
3237910 590208181
1254092 593446091
6329439 594700183
1100053 601029622
716084 602129675
6969279 602845759
2808855 609815038
4934629 612623893
3050065 617558522
1151149 620608587
1166914 621759736
6455358 622926650
3706074 629382008
7930635 633088082
4641558 641018717
1433269 645660275
3679170 647093544
345594 650772714
5661496 651118308
158793 656779804
327097 656938597
1061750 657265694
323110 658327444
3049111 658650554
1308126 661699665
4609516 663007791
2225007 667617307
1518075 669842314
3136387 671360389
839188 674496776
6275579 675335964
1072522 681611543
1217578 682684065
4260289 683901643
3008728 688161932
964385 691170660
3864476 692135045
850398 695999521
535235 696849919
1339853 697385154
6544978 698725007
289202 705269985
4325755 705559187
1281876 709884942
90720 711166818
416720 711257538
1403846 711674258
3438989 713078104
6807080 716517093
8615623 723324173
728172 731939796
603949 732667968
4097338 733271917
3549599 737369255
59861 740918854
3706821 740978715
1288374 744685536
736131 745973910
3946415 746710041
806385 750656456
738522 751462841
1127339 752201363
692794 753328702
1782083 754021496
4366923 755803579
688218 760170502
3920377 760858720
3035880 764779097
4255392 767814977
88158 772070369
162265 772158527
1556739 772320792
12307112 773877531
199682 786184643
82087 786384325
3159195 786466412
1779187 789625607
4718243 791404794
2054069 796123037
2578200 798177106
6263276 800755306
2374486 807018582
1450911 809393068
3340555 810843979
5777711 814184534
6505602 819962245
663251 826467847
493953 827131098
2213294 827625051
190896 829838345
10839182 830029241
200734 840868423
1495213 841069157
892883 842564370
2210858 843457253
7373676 845668111
340992 853041787
7723613 853382779
1571800 861106392
5787025 862678192
565104 868465217
1280321 869030321
1139040 870310642
2064774 871449682
714640 873514456
1356192 874229096
2257908 875585288
260111 877843196
7747155 878103307
5259770 885850462
2270175 891110232
9342460 893380407
1433846 902722867
570525 904156713
4409107 904727238
1811806 909136345
796185 910948151
7078342 911744336
755776 918822678
1075772 919578454
722392 920654226
4361418 921376618
4058830 925738036
3739702 929796866
34017 933536568
307014 933570585
5023998 933877599
4780553 938901597
4168878 943682150
1183415 947851028
1721516 949034443
5112324 950755959
1043824 955868283
2344918 956912107
276661 959257025
2567040 959533686
3860508 962100726
391574 965961234
1245615 966352808
929218 967598423
848178 968527641
89052 969375819
3851953 969464871
862582 973316824
6033253 974179406
791204 980212659
7056683 981003863
7006222 988060546
414784 995066768
772681 995481552
2145918 996254233
476619 998400151
