2271
1 1
2 1
3 1
4 1
5 1
6 1
7 1
8 1
9 1
10 1
11 1
12 1
13 1
14 1
15 1
16 1
17 1
18 1
19 1
20 1
21 1
22 1
23 1
24 2
26 1
27 1
28 1
29 1
30 1
31 1
32 1
33 1
34 1
35 2
37 2
39 1
40 1
41 3
44 1
45 1
46 3
49 3
52 1
53 3
56 2
58 4
62 1
63 1
64 3
67 1
68 1
69 2
71 1
72 3
75 2
77 2
79 1
80 3
83 3
86 10
96 6
102 1
103 1
104 2
106 2
108 3
111 1
112 2
114 3
117 2
119 1
120 1
121 1
122 2
124 1
125 1
126 1
127 2
129 1
130 3
133 3
136 2
138 1
139 1
140 1
141 2
143 5
148 1
149 2
151 5
156 1
157 1
158 3
161 1
162 4
166 2
168 1
169 3
172 2
174 2
176 1
177 4
181 5
186 1
187 3
190 3
193 3
196 3
199 3
202 1
203 1
204 7
211 2
213 3
216 5
221 1
222 1
223 1
224 3
227 4
231 2
233 1
234 3
237 2
239 1
240 1
241 2
243 2
245 1
246 1
247 1
248 1
249 7
256 2
258 2
260 1
261 3
264 1
265 2
267 2
269 5
274 1
275 1
276 10
286 3
289 2
291 5
296 1
297 3
300 1
301 9
310 4
314 7
321 2
323 4
327 1
328 2
330 7
337 1
338 1
339 1
340 6
346 4
350 5
355 3
358 2
360 2
362 3
365 6
371 1
372 1
373 4
377 1
378 2
380 4
384 5
389 5
394 1
395 2
397 4
401 4
405 1
406 2
408 5
413 6
419 2
421 1
422 1
423 6
429 2
431 2
433 3
436 3
439 2
441 3
444 1
445 1
446 12
458 3
461 2
463 2
465 1
466 3
469 1
470 2
472 1
473 3
476 1
477 7
484 2
486 2
488 1
489 6
495 5
500 2
502 1
503 1
504 3
507 2
509 5
514 10
524 4
528 1
529 3
532 2
534 3
537 2
539 5
544 1
545 4
549 4
553 4
557 5
562 4
566 2
568 1
569 4
573 1
574 4
578 7
585 1
586 4
590 6
596 3
599 3
602 2
604 3
607 4
611 11
622 2
624 5
629 13
642 1
643 5
648 1
649 2
651 2
653 2
655 1
656 5
661 1
662 5
667 2
669 2
671 1
672 7
679 1
680 4
684 3
687 1
688 3
691 1
692 2
694 5
699 5
704 1
705 1
706 3
709 1
710 1
711 1
712 5
717 1
718 1
719 4
723 3
726 9
735 2
737 1
738 2
740 1
741 5
746 1
747 2
749 2
751 3
754 1
755 3
758 17
775 1
776 5
781 5
786 1
787 2
789 2
791 1
792 3
795 3
798 1
799 1
800 3
803 2
805 1
806 1
807 2
809 5
814 2
816 3
819 1
820 3
823 1
824 3
827 6
833 2
835 6
841 1
842 1
843 3
846 2
848 2
850 1
851 1
852 1
853 2
855 4
859 4
863 5
868 7
875 7
882 4
886 2
888 2
890 1
891 1
892 2
894 4
898 4
902 4
906 1
907 1
908 2
910 1
911 7
918 1
919 1
920 5
925 1
926 3
929 2
931 4
935 1
936 4
940 5
945 1
946 4
950 6
956 2
958 1
959 10
969 2
971 3
974 2
976 1
977 1
978 3
981 1
982 5
987 2
989 2
991 3
994 5
999 30
1029 11
1040 28
1068 6
1074 86
1160 16
999 111
1110 46
1156 80
1160 114
1274 148
1422 19
1441 1
1442 23
1465 17
1160 169
1329 30
1359 5
1364 56
1465 245
1482 463
1945 151
1945 495
2440 1441
1710 566
2276 124
1710 667
1441 809
2377 1945
4322 1
4323 1482
5805 477
6282 3
6285 41
6285 999
7284 653
7937 991
8928 8
7937 1441
9378 1482
10860 12
10872 6285
10872 999
10872 1441
12313 6285
12313 4323
12313 1441
17157 4323
21480 31
12313 12313
24626 162
21480 5805
27285 3
27288 1422
28710 6
28716 41
28716 999
29715 2440
32155 133
32155 29715
24788 9378
34166 246
34166 41
34207 1
34208 2096
36304 34
36304 1040
37344 5
32288 10872
43160 1
43161 5
36338 10872
47210 72
47282 2
47282 355
47637 1
36338 28757
65095 106
65201 1110
66311 4
61870 7284
69154 196
69350 1
69351 6282
69351 1465
70816 4
70820 296
69351 10872
80223 68
47638 36338
83976 37
84013 1
83976 2440
86416 7
61870 29715
91585 108
91693 1
71116 28757
99873 172
100045 1
66315 47210
113525 3
113528 6326
119854 11
80223 43166
123389 41
123430 2
119865 6326
126191 489
126680 6326
133006 421
133427 149
133006 9378
142384 30
80223 66315
146538 53
146591 718
146591 34207
146591 5805
152396 301
152697 7
152704 2276
154980 7
154980 83
126191 34208
160399 19
84014 80223
164237 24
164261 1
164262 1074
165336 1
155063 18598
173661 72
154987 21511
176498 39
176498 35
176533 1
165337 21480
186817 4
186821 330
187151 1
126680 65095
191775 69
191844 1
160418 34208
194626 53
194679 1
194680 2276
196956 13
196969 119854
123389 80291
203680 33
203680 463
203713 1945
205658 69
165337 43166
208503 96
208599 792
209391 971
123389 91585
214974 26
215000 143
215143 1
205727 13754
219481 120
219601 1482
221083 1945
223028 814
223028 46
223074 2
208503 17157
225660 4
225664 2096
227760 22
219481 9378
228859 8
227782 3881
231663 12
133427 100046
233473 28
176537 61870
238407 77
227782 17157
244939 327
205727 47284
253011 17
133576 133576
267152 10
267162 2276
269438 79
245266 32288
277554 77
277631 1482
279113 5
279118 1482
280600 8
215000 69154
284154 34
231675 66311
297986 2
208503 91585
300088 26
233501 70820
304321 8
284154 21480
305634 14
219601 91694
311295 53
311348 2
316823 2250
319073 12
269438 61870
331308 30
331338 1364
332702 24
215000 119865
334865 58
223028 113528
336556 10
336556 999
337555 69
337624 158
337782 1
337783 1176
338959 5
186821 155063
341884 26
341910 489
342399 5
284188 65095
349283 11
349294 405
349283 208599
205658 146538
352196 26
352196 127
352323 405
352323 7284
359607 33
359607 228867
352728 12313
365041 14
365041 1110
366151 5
284188 84014
368202 124
368202 210362
368202 37
368239 1
300114 70820
370934 6
196969 176537
373506 96
373602 4
215000 160399
375399 5
373606 9378
382984 53
383037 30
349699 36338
386037 3
352728 36304
389032 15
368202 24788
392990 35
393025 1
334865 65201
400066 24
400090 32
400090 238484
332702 69351
402053 10
334923 71116
406039 121
342404 70820
413224 23
413247 1364
414611 20
382984 36304
419288 4
419288 284188
311295 113528
424823 16
424823 607
425430 2
414631 12313
426944 17
426961 1482
428443 104
428547 1
253028 180798
433826 83
425432 11871
437303 17
437320 1074
438394 2
437320 2276
439596 6
439602 18598
352323 91694
444017 2
444017 47282
444019 265
491299 611
382984 65095
448079 46
448079 267152
715231 470
458200 607
458807 1
373506 100046
473552 17
267162 210362
477524 16
477540 253011
477540 174
477714 1
491299 2400
493699 8
493699 959
494658 2
304329 194680
499009 9
499009 327
499018 1329
500347 4
500351 27
349699 152704
502403 9
319073 186821
505894 4
311295 196956
508251 12
426961 83976
510937 10
352196 164237
516433 17
516433 940
517373 859
518232 3
433909 86423
520332 63
520332 935
520395 75633
521267 514
521781 1
437303 91585
528888 13
413224 126191
539415 12
539427 395
316823 225660
542483 3
352728 191775
544503 10
370940 173661
544601 3
544601 223842
277631 269517
547148 8
547148 265
316823 238484
555307 24
555331 1
555332 1945
557277 2
557279 61870
528901 32155
561056 3
561059 569
544513 21480
565993 11
338964 231675
570639 5
352222 228867
581089 29
555332 28757
584089 96
584185 4
444284 142384
586668 22
336566 253028
589594 10
557882 34208
592090 23
433826 160418
594244 24
491910 113528
605438 49
605487 1074
606561 12
510947 100046
610993 19
406039 208503
614542 7
614549 1236
615785 24
615809 1
561628 61870
623498 17
623515 2400
625915 8
389047 238407
627454 53
494660 133576
628236 1
628237 276
628513 2
628513 439
605487 24626
630113 12
606573 24626
631199 1
631199 590
631789 83
631872 1
631873 275
632148 569
632717 241
632958 622
473552 164262
637814 5
366156 277631
643787 2
643789 945
334865 311295
646160 2
516450 133576
650026 4
458200 194626
652826 2
627454 28757
656211 4
439602 219601
659203 10
332726 331338
664064 7
664071 258
664064 971
664064 2440
666504 2
393026 280608
673634 24
448125 227760
675885 9
630125 47284
677409 2
631789 47210
678999 58
679057 1
679058 350
675885 4323
680208 1
679408 2250
681658 3
557882 126191
684073 11
383037 304321
687358 1
428548 267162
695710 112
695822 1
677411 21511
698922 58
698980 1
458808 253028
711836 14
561628 152396
714024 52
366156 352222
718378 6
382984 337555
720539 5
720539 706
721245 2
714076 13754
727830 11
727841 1482
729323 4
664329 71116
735445 4
735445 6326
596028 142384
738412 15
539427 214974
754401 12
754401 2377
756778 5
491910 267162
759072 1
638574 126680
765254 5
625923 142384
768307 5
768312 53
768365 1
437303 332702
770005 2
632148 146538
778686 22
444284 338964
783248 13
547156 244939
792095 13
589604 203680
793284 4
638574 164237
802811 8
802811 21511
681661 126191
807852 5
615785 194680
810465 21
413247 400122
813369 29
606561 215144
821705 6
493707 334865
828572 9
718384 133576
851960 16
520395 337783
858178 4
858178 758
858182 994
859176 549
851976 11871
863847 3
863850 337
664071 208503
872574 1
851976 21511
873487 1
566004 311350
877354 7
646160 244939
891099 1
518235 373606
891841 3
810486 86423
896909 11
858182 47284
905466 7
905466 843
906309 1
592113 316823
908936 41
633580 280608
914188 41
824322 91585
915907 6
915913 408
916321 1
916322 3881
920203 5
477540 444284
921824 19
921824 350
921824 2096
923920 16
923936 712
924648 4
698922 231675
930597 21
715231 219481
934712 64
934776 2
493707 444284
937991 143
938134 3
588474 352196
940670 14
940670 898
941568 1
521267 424839
946106 9
588474 359607
948081 2
698922 253028
951950 7
673634 280600
954234 5
954234 662
954896 3
951950 5805
957755 3
643789 332702
976491 8
695710 284188
979898 15
646162 334923
981085 1
981086 574
673658 311350
985008 18
807857 180798
988655 5
988660 79
770005 221083
991088 1
988739 7937
996676 11
499336 499009
998345 6
998351 4
998351 998351
1996702 1
1996703 1996703
3993406 3993406
7986812 1996703
9983515 203713
10187228 256
10187484 1996703
12184187 957758
13141945 12313
13154258 373
13154631 1
12184187 1996703
14180890 406160
14587050 4323
14591373 929
14592302 7986812
22579114 91694
22670808 1160
22671968 998355
23670323 425432
24095755 261
24096016 2
23670323 1996703
25667026 196969
25863995 4323
25868318 1364
25869682 20
14180890 14180890
28361780 215144
28576924 2276
28579200 96
28579296 2
28361780 946115
29307895 509
23670323 7986812
31657135 215144
31872279 2276
31874555 72
31874627 2
31657135 7986812
39643947 100046
39743993 9378
39753371 327
39753698 1996703
41750401 47638
41798039 12313
41810352 907
28361780 14592302
42954082 47638
43001720 9378
43011098 890
42954082 221083
43175165 41
43175206 998355
44173561 337624
44511185 104
44511289 1
42954082 3993406
46947488 34412
46981900 1710
46983610 169
46983779 13754
46997533 855
46998388 3
25667026 22579114
48246140 80291
48326431 994
48327425 2
48327427 5805
48333232 141
48327427 1996703
50324130 3881
50328011 436
29308404 28579298
57887702 160418
58048120 64
58048184 2
58048186 2440
58050626 32
39753698 29308404
69062102 13754
69075856 1482
69077338 83
69077421 2
43001720 28579298
71581018 461
48333373 25667026
74000399 100046
74100445 7937
74108382 32
46947488 28361780
75309268 6285
75315553 14
75315567 1996703
77312270 69351
77381621 509
58050658 22671968
80722626 439602
81162228 999
81163227 22
81163249 1996703
83159952 37349
83197301 4323
83201624 800
83202424 2
74108414 10187484
84295898 228867
84524765 2440
84527205 52
84524765 638574
85163339 199
74108414 14180890
88289304 47638
88336942 9378
88346320 289
81163249 10187484
91350733 29715
91380448 276
91380724 8
50328447 42954082
93282529 18598
93301127 2276
93303403 18
93303421 3993406
97296827 6326
97303153 669
74108414 28579298
102687712 173733
102861445 2440
102863885 172
102864057 1
102861445 687359
103548804 578
88289304 24096018
112385322 37349
112422671 1945
112424616 23
83202426 31874629
115077055 147309
115224364 2096
115226460 39
85163538 31657135
116820673 819
116820673 711850
117532523 231
74108414 44511290
118619704 196969
118816673 32
112424639 7986812
120411451 21511
120432962 578
120433540 4
120411451 160418
120571869 553
88346609 39753698
128100307 355
128100662 1
81163249 48333373
129496622 100046
129596668 7937
129604605 504
129605109 2
118619704 12184187
130803891 12313
130816204 213
118816705 24096018
142912723 37349
142950072 2440
142952512 80
142950072 988739
143938811 1945
143940756 80
143940836 1
143940837 623515
144564352 310
144564662 3
118816705 29308404
148125109 24788
148149897 758
129605111 25667026
155272137 36338
155308475 868
155309343 3
130816417 28361780
159178197 18598
159196795 1710
159198505 156
159196795 173733
159370528 1074
155272137 10187484
165459621 13754
165473375 1422
165474797 2
84527257 84295898
168823155 16636
168839791 44
128100663 41811259
169911922 205727
170117649 662
170118311 1
170118312 957758
171076070 13754
171089824 239
129605111 43175206
172780317 4323
172784640 672
172785312 5
172784640 413247
173197887 557
102687712 71581479
174269191 21511
174290702 712
174291414 4
143940837 31874629
175815466 2440
175817906 999
175818905 21
103549382 77382130
180931512 2440
180933952 999
180931512 628515
181560027 141
181560168 1
159198661 25667026
184865687 8936
184874623 72
184874695 2
184874697 698981
185573678 1945
185575623 22
185575645 924652
186500297 2400
186502697 5
115226499 74108414
189334913 91694
189426607 907
189426607 754413
190181020 557
190181577 4
116821492 74000399
190821891 2440
190824331 234
103549382 88289304
191838686 7284
191845970 569
191846539 1
191846540 1996703
193843243 24788
193868031 755
193868786 2
172780317 22579114
195359431 2440
195361871 1422
195363293 2
195359431 473569
195833000 247
174290702 22670808
196961510 590
196962100 5
168839835 31657135
200496970 28757
200525727 477
200526204 3
118816705 85163538
203980243 2096
203982339 16
203982355 1996703
205979058 12313
205991371 1359
205992730 2
159371602 48246140
207617742 13754
207631496 2096
207633592 39
170118312 41750401
211868713 32288
211901001 166
211901167 1
130816417 84527257
215343674 100046
215443720 8936
215452656 13
215452669 21511
215474180 243
215452669 615810
216068479 49
215343674 727841
216071515 258
190824565 31657135
222481700 10872
222492572 64
222492636 1
222492637 491910
222984547 204
222984751 3
193868788 31874629
225743417 245266
225988683 2440
225991123 590
225991713 393026
226384739 1710
226386449 213
226386662 2
170118312 57887702
228006014 6326
228012340 694
228013034 319085
228332119 1482
228333601 7
216068528 14592302
230660830 1482
230662312 127
230662439 1
230662440 319085
230981525 1482
230983007 37
230983044 1
230660830 951957
231612787 63
230983045 735449
231718494 330
231718824 6
185573678 46981900
232555578 846
232556424 1
142952592 93303421
236256013 11871
236267884 237
205991371 31872279
237863650 776
237864426 730551
238594977 1710
238596687 193
238596880 1
237864426 988739
238853165 384
238853549 2
196962105 43011988
239974093 10872
239984965 10
120572422 120411451
240983873 8936
240992809 276
240993085 2
222984754 22579114
245563868 1945
245565813 49
215343674 31657135
247000809 18598
247019407 2440
247021847 127
247021974 998355
248020329 8928
248029257 3
231612850 25869702
257482552 86
257482638 6
142912723 116821492
259734215 6326
259740541 902
259741443 2
259741445 176537
259917982 726
259918708 8
144564665 116821492
261386157 12313
261398470 651
230660830 31872279
262533109 875
262533984 2
259918716 3993406
263912122 13754
263925876 1710
263927586 30
263927616 521782
264449398 1068
264450466 2
264450468 180798
264631266 433
264631699 1
262533986 3993406
266527392 61870
266589262 1364
266590626 53
266590679 2
228013034 43175206
271188240 13754
271201994 1710
271203704 204
271203908 2
271188240 231675
271419915 863
271420778 3
266590681 7986812
274577493 9378
274586871 596
274587467 2
228013034 48246140
276259174 24788
276283962 1482
276285444 17
191838686 88346609
280185295 692
280185987 1
238853551 43011988
281865539 18598
281884137 1442
281885579 14
281865539 402063
282267602 289
282267891 1
282267892 368326
282636218 35
282636253 924652
283560905 4323
283565228 1364
283566592 24
240993087 44511290
285504377 28757
285533134 14
189334913 97296827
286631740 4323
286636063 1274
286637337 24
274577493 13141945
287719438 2276
287721714 39
263925876 25667026
289592902 1110
289594012 41
289594053 2
289592902 18598
289611500 380
261399121 29308404
290707525 13754
290721279 2377
266527392 28361780
294889172 13754
294902926 925
263927616 31874629
295802245 265
295802510 1
286631740 14180890
300812630 956
300813586 1
159371602 144564665
303936267 61870
303998137 2377
304000514 3
303998137 187152
304185289 46
304000517 448125
304448642 643
304449285 2
282636253 25667026
308303279 13754
308317033 982
308318015 2
237864426 71581479
309445905 21511
309467416 289
239974093 71581479
311555572 3881
311559453 69
311559522 12313
311571835 5
165474799 148125109
313599908 2400
313602308 28
248029260 69077423
317106683 9378
317116061 740
174291418 143940837
318232255 7284
318239539 157
215443720 112385322
327829042 2440
327831482 1110
327832592 44
282267892 48333373
330601265 47638
330648903 6326
330655229 6
211868713 120433544
332302257 9378
332311635 661
222492637 112424639
334917276 12313
334929589 472
304449287 31872279
336321566 723
336322289 2
290723656 46998391
337722047 47638
337769685 7284
337776969 629
337777598 12
337722047 370940
338092987 162
338092987 458808
338551795 79
309467705 31874629
341342334 17157
341359491 102
173197887 169911922
343109809 441
343110250 810486
343920736 2250
343922986 7
317106683 31874629
348981312 6326
348987638 241
222492637 129496622
351989259 6326
351995585 365
282636253 71581479
354217732 2440
354220172 1274
354221446 35
354217732 253028
354470760 2250
354473010 1
285504377 71581479
357085856 18598
357104454 656
357105110 2
215474423 142952592
358427015 2440
358429455 330
358429785 5
337777610 22579114
360356724 24788
360381512 2440
360383952 24
286637361 74108414
360745775 111
360383976 3993406
364377382 2440
364379822 129
354221481 14592302
368813783 43166
368856949 667
368857616 698981
369556597 2440
369559037 751
369559788 1
215343674 155309346
370653020 9378
370662398 1274
370663672 37
259741445 118619704
378361149 11871
378373020 380
378373400 2
286637361 93303421
379940782 61870
380002652 1482
380004134 129
380004263 735449
380739712 470
380740182 1
380739712 520395
381260107 193
381260300 2
274577493 112385322
386962815 8928
386971743 2
245565862 144564665
390130527 12313
390142840 86
308318017 84527257
392845274 892
294889172 102687712
397576884 4323
397581207 130
397581337 1
283560905 115077055
398637960 1465
369559789 39643947
409203736 1442
409205178 16
226386664 185575645
411962309 4323
411966632 1176
411967808 9
411967817 3993406
415961223 4323
415965546 378
415965924 666506
416632430 611
416633041 5
271203910 148150655
419354565 21511
419376076 196
239974093 181560027
421534120 126
378361149 46983779
425344928 7937
425352865 330
230662440 196962105
427624545 181
236268121 191838686
428106807 684
428106807 891100
428997907 190
237864426 193868031
431732457 323
431732780 269517
432002297 122
432002419 859725
432862144 1364
432863508 29
432862144 491910
433354054 4
231612850 203982355
435595205 10872
435606077 624
248029260 189427514
437456774 21511
437478285 656
259741445 185575645
445317090 7284
445324374 72
437478941 12184187
449663128 9378
449672506 1364
449673870 53
276259174 175818926
452078100 7284
452085384 413
230983045 228333608
459316653 37349
459354002 4323
459358325 549
459358874 2
459354002 675894
460029896 243
460030139 1
432863537 28579298
461442835 2440
461445275 699
461445974 3
276259174 186502702
462761876 13754
462775630 1465
462777095 7
435606701 29308404
464915105 2250
464917355 2
425353195 41811259
467164454 9378
467173832 1160
467174992 6
289594055 180934951
470529006 4323
470533329 148
285504377 189334913
474839290 2276
474841566 5
474839290 555332
475394622 1329
475395951 18
474841571 940684
475782255 699
475782954 2
282267892 195833247
478101139 11871
478113010 321
248020329 231612850
479633179 7284
479640463 514
479640977 9
432863537 46947488
479811025 158
479811183 2
259734215 222481700
482215915 1710
482217625 3
482215915 727841
482943756 1274
482945030 23
357105112 130803891
487909003 6326
487915329 276
487915605 3
308303279 181560169
489863448 10872
489874320 373
432863537 58050658
490914195 4323
490918518 181
490918699 3
490914195 253028
491167223 2440
491169663 1029
491170692 7
261399121 231612850
493011971 12313
493024284 112
419354565 77382130
496736695 16636
496753331 413
496753744 5
415965546 81162228
497127774 274
259918716 239984975
499903691 69351
499973042 892
427624726 75315567
502940293 2440
502942733 168
311559522 191846540
503406062 1710
503407772 148
503407920 164262
503572182 18
337769685 169911922
507681607 1482
507683089 117
452085797 58050658
510136455 9378
510145833 971
510136455 269517
510405972 2377
510408349 9
317116801 195363295
512480096 16636
512496732 429
259741445 257482644
517224089 8936
517233025 423
517233448 3
517233451 951957
518185408 629
518186037 5
327832636 195363295
523195931 7284
523203215 509
523203724 1
449672506 74000399
523672905 514
523673419 3
512480096 13141945
525622041 2440
525624481 1176
525625657 5
512497161 14180890
526678051 6326
526684377 931
526685308 1
332312296 195833247
528145543 4323
528149866 656
528150522 3
459316653 75315567
534632220 2400
534634620 9
534632220 311350
534943570 465
496753749 39753698
536507447 6326
536513773 350
536514123 4
536507447 414631
536922078 3881
536925959 31
274587469 266527392
541114861 11871
541126732 35
304000517 237864426
541864943 96
541865039 547413
542412452 694
503572200 39643947
543216147 2440
543218587 529
285504377 259734215
545238592 1482
545240074 204
545238592 34412
545273004 289
545273293 1
517224089 39643947
556868036 1710
556869746 174
556869920 1
327832636 230662440
558495076 1710
558496786 136
558495076 703476
559198552 1274
559199826 10
559198552 756783
559955335 726
559956061 2
541126767 22670808
563797575 469
435606701 129496622
565103323 6326
565109649 314
534944035 31657135
566601170 7284
566608454 151
566608605 3
487909003 84295898
572204901 446
572205347 11
294889172 283566616
578455788 553
308318017 281885593
590203610 4323
590207933 248
311559522 281885593
593445115 976
525622041 69077423
594699464 719
559199836 41811259
601011095 17157
601028252 1364
601029616 6
578456341 23670323
602126664 2440
602129104 569
602129673 2
602129675 715701
602845376 380
602845756 3
415965924 193843243
609809167 5805
609814972 64
609815036 2
390130527 222492637
612623164 726
612623890 3
334917276 282636253
617553529 4323
617557852 669
617558521 1
543219116 77382130
620601246 7284
620608530 56
620608586 1
502942901 118816705
621759606 130
525622041 97303822
622925863 787
526685309 102687712
629373021 8936
629381957 49
629382006 2
512497161 120572422
633069583 17157
633086740 1329
633088069 13
381260302 259741445
641001747 16636
641018383 330
641018713 4
398637960 247021974
645659934 340
645660274 1
487915329 159178197
647093526 18
368857616 281885593
650743209 28757
650771966 747
650772713 1
650743209 373606
651116815 1482
651118297 11
392846166 263927616
656773782 5805
656779587 216
656779803 1
656773782 164262
656938044 553
656773782 491910
657265692 2
510146804 148150655
658297459 29715
658327174 269
658327443 1
658297459 352728
658650187 365
658650552 2
541126767 120572422
661699189 476
380740183 282267602
663007785 6
523673422 143940837
667614259 2440
667616699 607
667617306 1
398637960 271203910
669841870 444
523203725 148150655
671354380 5805
671360185 204
411962309 262533986
674496295 477
674496772 4
357085856 318239696
675325552 9378
675334930 1029
675335959 5
496736695 184874697
681611392 151
517224089 165459621
682683710 355
348981312 334917276
683898588 2440
683901028 611
683901639 4
545240278 142912723
688153001 8928
688161929 3
386971745 304185335
691157080 12313
691169393 1236
691170629 31
691157080 976499
692133579 1465
692135044 1
578456341 117532754
695989095 9378
695998473 1040
695999513 8
695989095 859725
696848820 1074
696849894 24
696849918 1
696849919 528901
697378820 6326
697385146 8
617558522 81163249
698721771 2440
698724211 795
698725006 1
656938597 48327427
705266024 3881
705269905 80
415965924 289592902
705558826 360
705559186 1
478113331 231718830
709832161 47638
709879799 4323
709884122 820
566601170 144564665
711165835 982
711166817 1
711165835 91694
711257529 9
428107491 283566616
711674107 151
425353195 287721753
713074948 2440
713077388 712
713078100 4
688153001 28361780
716514781 2276
716517057 35
716517092 1
435595205 287721753
723316958 6326
723323284 888
723324172 1
681611543 50328011
731939554 241
731939795 1
517224089 215443720
732667809 158
732667967 1
475782956 257482644
733265600 6285
733271885 32
462777102 274587469
737364571 4323
737368894 360
737369254 1
565103323 175815466
740918789 64
740918853 1
525625662 215343674
740969336 9378
740978714 1
462777102 281885593
744662695 21511
744684206 1329
744685535 1
459316653 286637361
745954014 18598
745972612 1274
745973886 24
745973910 735449
746709359 680
746710039 2
380002652 370653020
750655672 781
750656453 3
750656456 802819
751459275 2440
751461715 1110
751462825 16
751462841 738427
752201268 86
752201354 9
411967817 341359593
753327410 1274
753328684 18
753328702 687359
754016061 4323
754020384 1110
754021494 2
491170699 264631700
755802399 1176
755803575 4
459354002 300813587
760167589 2440
760170029 473
760170502 687359
760857861 859
681611543 83159952
764771495 7284
764778779 314
764779093 4
698725007 69077423
767802430 12313
767814743 234
602129675 169911922
772041597 28757
772070354 15
696848820 75309268
772158088 439
772041597 279118
772320715 77
658650554 115226499
773877053 477
773877530 1
482217628 303936267
786153895 29715
786183610 1029
786184639 4
656779587 129604605
786384192 133
437478285 348987879
786466164 248
518186042 271420781
789606823 18598
789625421 186
479811185 311571840
791383025 21511
791404536 258
431732780 364379951
796112731 9378
796122109 926
796123035 2
709884942 88289304
798174246 2440
798176686 419
798177105 1
496753749 304000517
800754266 1040
437456774 369559789
807016563 1945
807018508 72
807018580 2
617553529 191838686
809392215 853
767814977 43011988
810826965 16636
810843601 378
445324446 368857616
814182062 2440
814184502 32
791383025 28579200
819962225 20
487915608 338551874
826467482 365
826467847 659213
827127060 3881
827130941 157
827131098 493707
827624805 246
798177106 31657135
829834241 3881
829838122 223
829834241 194680
830028921 314
830029235 6
711257538 129605111
840862649 4323
840866972 1442
840868414 9
840862649 205727
841068376 781
433354058 409205194
842559252 4323
842563575 795
842564370 891844
843456214 1029
843457243 10
563798044 281865539
845663583 4323
845667906 204
845668110 1
578456341 274577493
853033834 7937
853041771 16
493024396 360356724
853381120 1482
853382602 177
767802430 93303421
861105851 539
861106390 2
650772714 211901168
862673882 3881
862677763 429
697385154 171076070
868461224 3881
868465105 112
709832161 159196795
869028956 1364
869030320 1
827131098 43175206
870306304 4323
870310627 15
723324173 148125109
871449282 397
871449679 3
682684065 190824565
873508630 5805
873514435 21
873514456 714076
874228532 562
874229094 2
732667968 142912723
875580691 4323
875585014 274
733271917 144564665
877836582 6326
877842908 286
877843194 2
877843196 253028
878096224 6326
878102550 755
878103305 2
877843196 7986812
885830008 18598
885848606 1710
885850316 143
885850459 3
651118308 239984975
891103283 6326
891109609 622
891110231 1
609815038 283565228
893380266 141
698725007 203982355
902707362 13754
902721116 1710
902722826 41
452078100 452078100
904156200 509
904156709 4
904156200 570644
904726844 394
475782255 433354058
909136313 32
853041787 57887702
910929489 18598
910948087 64
767802430 143940837
911743267 1068
911744335 1
688153001 230662440
918815441 6326
918821767 911
918822678 754413
919577091 1359
919578450 4
493024396 427624726
920649122 4323
920653445 781
920654226 721247
921375473 1110
921376583 35
496736695 428998097
925734792 2440
925737232 803
925738035 1
510408358 419376272
929784630 11871
929796501 365
910948151 22579114
933527265 8936
933536201 365
933536566 2
933527265 43166
933570431 151
933570582 3
933527265 349699
933876964 629
933877593 6
753327410 185573678
938901088 509
594700183 348981312
943681495 655
862678192 85163538
947841730 8936
947850666 362
711166818 237864426
949031244 2440
949033684 758
949034442 1
674496776 276259174
950755950 9
943682150 12184187
955866337 1945
955868282 1
772041597 184865687
956907284 4323
956911607 500
910929489 48327427
959256916 108
959257024 1
496753749 462777102
959530851 2440
959533291 395
671360389 290723656
962084045 16636
962100681 45
772070369 193868788
965939157 21511
965960668 566
965939157 413247
966352404 401
966352805 3
920649122 46947488
967596610 1710
967598320 103
523203215 445324374
968527589 52
536507447 432863537
969370984 4323
969375307 509
969375816 3
754020384 215443720
969464104 758
969464862 9
933570585 39743993
973314578 2096
973316674 149
973316823 1
973314578 864187
974178765 629
974179394 12
862678192 117532754
980210946 1710
980212656 3
956907284 24096018
981003302 557
981003859 4
497128048 490918702
988046750 13754
988060504 41
988060545 1
772070369 222984754
995055123 10872
995065995 758
995066753 15
995066768 414631
995481399 151
995481550 2
995481552 770007
996251559 2440
996253999 234
716514781 281884137
998398918 1176
998400094 56
998400150 1
998398918 477715
998876633 136
998876769 1
