4408
1 1
2 2
1 4
2 5
2 7
1 9
5 10
2 15
4 17
7 17
2 24
4 26
4 30
1 34
2 35
2 37
1 39
1 40
24 39
1 63
4 63
1 67
1 68
7 68
15 68
21 75
7 96
1 103
2 104
2 106
5 106
10 104
9 108
2 117
1 119
1 120
1 121
2 122
5 122
2 127
4 129
7 129
2 136
1 138
1 139
4 139
5 143
1 148
7 149
1 156
4 157
7 161
1 168
4 168
2 172
2 174
1 176
10 177
21 169
17 176
9 187
9 193
1 202
1 203
7 204
2 211
5 211
5 216
1 221
1 222
1 223
4 223
4 227
2 231
4 233
7 233
1 240
5 241
1 246
2 247
7 249
2 256
2 258
1 260
4 260
1 264
4 265
10 265
17 269
24 265
2 289
5 291
1 296
4 296
10 300
4 310
7 314
2 321
4 323
1 327
2 328
7 330
1 337
1 338
1 339
7 339
4 346
5 350
21 337
2 358
5 360
7 365
1 372
4 373
7 373
4 380
10 384
1 394
2 395
4 397
4 401
7 401
5 408
24 397
2 421
10 421
2 431
5 431
26 413
2 439
4 441
1 445
17 441
15 446
2 461
2 463
1 465
4 465
1 469
2 470
1 472
4 472
1 476
7 477
2 484
2 486
1 488
7 488
5 495
2 500
1 502
1 503
4 503
2 507
5 509
10 514
4 524
4 528
2 532
5 532
2 537
5 539
1 544
4 545
4 549
9 553
15 553
1 568
4 569
1 573
17 568
5 585
34 562
9 590
17 585
2 602
5 602
4 607
15 607
2 622
5 624
35 607
1 642
5 643
1 648
2 649
2 651
2 653
10 651
1 661
5 662
2 667
2 669
1 671
7 672
1 679
4 680
7 680
1 687
4 687
1 691
7 692
5 699
1 704
1 705
4 705
1 709
1 710
1 711
5 712
1 717
1 718
4 719
7 719
9 726
2 735
1 737
4 737
5 741
1 746
2 747
2 749
5 749
1 754
21 754
1 775
10 776
1 786
2 787
2 789
1 791
4 791
7 791
1 798
1 799
4 799
2 803
1 805
1 806
2 807
5 809
2 814
5 814
1 819
4 819
1 823
4 823
9 824
2 833
17 824
1 841
1 842
4 842
2 846
2 848
1 850
1 851
1 852
2 853
4 855
4 859
5 863
7 868
7 875
4 882
2 886
2 888
1 890
1 891
2 892
4 894
4 898
4 902
1 906
1 907
2 908
1 910
7 911
1 918
1 919
5 920
1 925
4 925
9 926
1 935
4 936
10 936
4 946
10 946
2 956
1 958
10 959
2 969
5 969
2 974
1 976
1 977
4 977
1 981
5 982
2 987
2 989
10 989
10 10
40 40
80 20
100 100
200 200
400 400
463 978
1441 1441
2882 2882
5764 400
121 6164
6285 1441
211 7726
800 200
1000 1000
2000 2000
4000 4000
8000 2000
10000 800
10800 20
10820 20
10840 20
10860 10
2 10870
10872 10000
20872 400
21272 200
39 21472
21511 2000
23511 1000
24511 200
24711 20
24731 20
37 24751
24788 2000
500 26788
27288 1000
28288 400
28688 20
28708 7
1 28715
4000 28288
32288 1000
920 33288
204 34208
34412 1000
926 35412
36338 1000
37338 10
1 37348
37349 4000
41349 1000
42349 800
43149 10
2 43159
5 43161
43166 4000
47166 100
47266 17
1 47283
355 47283
47638 10872
58510 2000
60510 1000
360 61510
61870 2000
63870 1000
64870 200
65070 100
65170 20
65190 10
1 65200
65201 1000
114 66201
66315 2000
68315 1000
69315 20
69335 15
1 69350
69351 1000
469 70351
296 70820
71116 4000
75116 400
117 75516
75633 4000
79633 400
258 80033
80291 2000
82291 1000
723 83291
84014 2000
86014 400
9 86414
86423 4000
90423 1000
91423 200
91623 20
91643 20
91663 20
91683 10
1 91693
91694 8000
99694 200
99894 100
99994 20
100014 20
100034 10
2 100044
100046 10872
110918 2000
112918 400
113318 200
10 113518
113528 4000
117528 2000
337 119528
119865 2000
121865 1000
122865 400
123265 100
67 123365
61510 65170
126680 4000
130680 2000
747 132680
149 133427
133576 8000
141576 800
142376 20
142396 17
1 142413
142414 4000
177 146414
718 146591
147309 4000
151309 1000
395 152309
152704 2000
154704 200
83 154904
154987 20
155007 20
155027 20
155047 15
1 155062
155063 4000
159063 1000
355 160063
160418 2000
162418 1000
163418 800
164218 20
24 164238
164262 1000
75 165262
165337 8000
173337 200
196 173537
21472 155062
176534 2
1 176536
176537 4000
261 180537
180798 4000
184798 2000
186798 20
186818 2
1 186820
186821 200
187021 100
187121 20
187141 10
1 187151
187152 4000
191152 400
191552 200
191752 80
191832 10
191842 2
1 191844
191845 2000
835 193845
194680 2000
289 196680
196969 4000
200969 2000
202969 400
203369 200
203569 100
203669 20
24 203689
574 203569
204143 1000
205143 400
205543 100
205643 80
4 205723
205727 2000
207727 800
208527 20
208547 20
208567 20
208587 10
2 208597
792 208599
971 209391
210362 4000
214362 400
214762 200
214962 20
214982 17
1 214999
215000 100
215100 20
24 215120
215144 4000
219144 400
219544 20
37 219564
219601 1000
220601 400
221001 80
2 221081
221083 1000
222083 800
193 222883
959 222883
223842 1000
224842 800
225642 20
2 225662
225664 2000
227664 100
227764 17
1 227781
227782 1000
228782 80
5 228862
228867 2000
230867 800
231667 7
1 231674
42349 191152
10820 227664
238484 4000
242484 2000
244484 400
244884 200
245084 100
245184 80
2 245264
245266 4000
249266 2000
251266 1000
252266 400
252666 200
252866 100
252966 20
252986 20
253006 20
2 253026
253028 10872
263900 2000
265900 1000
266900 200
267100 20
267120 20
267140 20
2 267160
267162 2000
355 269162
269517 8000
114 277517
277631 1000
278631 400
279031 80
7 279111
279118 1000
280118 400
280518 80
10 280598
280608 2000
282608 1000
283608 400
284008 100
80 284108
284188 10872
295060 2000
297060 800
297860 100
297960 20
297980 7
1 297987
297988 2000
299988 100
26 300088
300114 4000
304114 200
15 304314
304329 1000
305329 200
119 305529
305648 4000
309648 1000
310648 400
311048 200
311248 100
2 311348
311350 4000
315350 1000
473 316350
316823 2000
318823 200
319023 20
319043 20
319063 20
2 319083
319085 10872
329957 1000
330957 200
331157 100
331257 80
1 331337
331338 1000
332338 200
332538 100
332638 80
332718 7
1 332725
332726 2000
334726 100
334826 80
17 334906
334923 1000
643 335923
989 336566
69 337555
337624 100
337724 20
39 337744
337783 1000
338783 100
338883 80
1 338963
338964 2000
946 340964
341910 400
342310 80
342390 10
4 342400
342404 4000
346404 2000
890 348404
405 349294
349699 2000
351699 400
352099 100
352199 20
352219 2
1 352221
104 352219
405 352323
352728 4000
356728 2000
358728 800
359528 100
359628 10
2 359638
359640 4000
363640 1000
364640 400
15 365040
365055 1000
366055 100
1 366155
366156 2000
368156 80
4 368236
368240 80
368320 5
1 368325
368326 2000
370326 400
370726 200
370926 10
4 370936
42349 331257
373606 1000
798 374606
375404 4000
379404 2000
381404 1000
382404 400
233 382804
30 383037
383067 2000
385067 800
385867 100
385967 20
385987 20
386007 20
386027 10
386037 2
1 386039
37348 351699
165262 227764
393026 4000
397026 2000
399026 1000
64 400026
96 400026
123432 278631
402063 4000
406063 80
17 406143
406160 4000
410160 2000
412160 1000
413160 80
7 413240
413247 1000
384 414247
414631 4000
661 418631
65201 359638
424839 400
193 425239
425432 1000
426432 400
129 426832
426961 1000
427961 400
187 428361
428548 4000
432548 1000
433548 200
161 433748
433909 2000
435909 1000
436909 400
437309 10
1 437319
437320 1000
438320 20
438340 20
438360 20
438380 15
1 438395
438396 1000
439396 200
439596 5
1 439601
439602 4000
443602 400
17 444002
265 444019
444284 2000
446284 1000
841 447284
448125 10000
75 458125
458200 400
458600 200
458800 7
1 458807
458808 10872
469680 2000
471680 1000
472680 800
473480 80
9 473560
473569 2000
475569 1000
971 476569
477540 100
75 477640
477715 10872
488587 2000
712 490587
491299 2000
408 493299
196680 297980
494660 4000
358 498660
499018 200
499218 100
499318 17
1 499335
499336 1000
15 500336
500351 20
7 500371
500378 2000
34 502378
502412 2000
504412 1000
486 505412
173537 334726
151309 359638
510947 4000
514947 1000
503 515947
516450 800
517250 100
517350 20
517370 2
1 517372
863 517372
518235 2000
520235 100
520335 20
40 520355
520395 800
521195 20
521215 20
521235 20
521255 10
2 521265
521267 400
521667 100
15 521767
521782 4000
525782 2000
527782 1000
119 528782
528901 10000
538901 400
539301 100
26 539401
395 539427
142396 400090
542486 2000
544486 20
7 544506
227781 316823
544604 2000
546604 400
547004 100
547104 20
547124 20
547144 10
2 547154
269 547144
547413 4000
551413 2000
553413 1000
919 554413
555332 1000
556332 800
557132 100
557232 20
557252 20
7 557272
557279 400
203 557679
557882 2000
559882 1000
177 560882
569 561059
561628 4000
565628 200
176 565828
566004 4000
570004 400
240 570404
570644 4000
574644 2000
576644 1000
920 577644
214962 366156
249266 334923
584189 2000
586189 400
586589 100
1 586689
586690 1000
587690 400
384 588090
588474 1000
589474 100
30 589574
589604 2000
509 591604
592113 2000
594113 100
594213 20
35 594233
75633 520395
596028 8000
604028 1000
605028 400
605428 20
39 605448
605487 1000
606487 80
606567 5
1 606572
606573 4000
439 610573
611012 2000
613012 1000
537 614012
244884 370926
61870 557279
619149 4000
623149 200
623349 100
623449 20
623469 20
26 623489
623515 2000
408 625515
625923 1000
626923 400
627323 100
627423 80
4 627503
814 627423
628237 200
628437 20
628457 20
628477 20
628497 17
1 628514
495 628457
628952 1000
629952 100
630052 20
630072 20
630092 20
630112 10
630122 2
1 630124
630125 1000
75 631125
231667 400122
631789 80
4 631869
275 631873
569 632148
241 632717
622 632958
633580 4000
637580 200
39 637780
755 637819
638574 4000
642574 1000
643574 200
15 643774
643789 800
644589 100
644689 20
644709 20
5 644729
644734 1000
645734 400
646134 20
646154 7
1 646161
132680 517350
650030 2000
798 652030
28708 627507
316823 342390
659213 4000
663213 800
664013 20
664033 20
664053 17
1 664070
258 664071
706 664329
665035 1000
666035 400
666435 20
666455 20
666475 20
666495 10
1 666505
666506 4000
670506 2000
672506 1000
673506 100
673606 20
673626 20
673646 10
2 673656
673658 2000
675658 200
675858 20
675878 15
1 675893
675894 1000
676894 400
117 677294
677411 1000
678411 400
247 678811
350 679058
164262 515947
680209 1000
681209 400
681609 20
681629 20
681649 10
2 681659
681661 2000
423 683661
63870 623489
687359 8000
695359 400
64 695759
695823 2000
697823 1000
698823 100
698923 20
698943 20
698963 17
1 698980
698981 4000
495 702981
352222 359628
711850 2000
713850 200
26 714050
65201 650030
470 715231
715701 2000
717701 400
718101 200
83 718301
352219 368325
720544 400
720944 200
103 721144
721247 4000
725247 2000
727247 400
727647 100
727747 80
727827 10
4 727837
727841 1000
486 728841
729327 1000
224 730327
730551 4000
898 734551
735449 2000
978 737449
738427 2000
740427 1000
741427 200
741627 100
741727 20
24 741747
741771 10872
752643 1000
753643 400
754043 200
754243 100
754343 20
754363 20
30 754383
754413 2000
756413 200
756613 100
756713 20
756733 20
30 756753
756783 2000
758783 200
758983 80
10 759063
352099 413160
263900 504412
768312 20
34 768332
111 768332
222883 547124
770007 8000
778007 400
778407 200
778607 100
1 778707
778708 4000
553 782708
783261 8000
791261 800
792061 20
792081 20
7 792101
792108 1000
793108 100
80 793208
793288 8000
801288 1000
802288 400
802688 100
802788 20
802808 10
1 802818
193845 614012
807857 2000
629 809857
810486 2000
812486 800
813286 100
813386 10
2 813396
215144 606567
821711 2000
611 823711
824322 4000
828322 200
828522 20
39 828542
334726 517250
851976 4000
855976 2000
857976 200
858176 5
1 858181
754 858182
240 858936
549 859176
859725 4000
863725 100
863825 20
5 863845
337 863850
864187 8000
872187 200
872387 100
872487 80
872567 7
1 872574
352221 521267
873488 2000
875488 1000
876488 800
877288 20
877308 20
877328 20
877348 10
877358 2
1 877360
351699 539401
891100 400
891500 200
891700 100
891800 20
24 891820
438320 458600
896920 8000
553 904920
905473 800
37 906273
906310 2000
667 908310
908977 4000
912977 1000
913977 200
914177 20
914197 20
914217 10
2 914227
914229 1000
684 915229
915913 400
9 916313
28708 891500
920208 1000
921208 400
921608 200
35 921808
921843 200
922043 100
922143 20
922163 10
1 922173
922174 1000
923174 400
923574 200
923774 100
923874 20
923894 20
923914 20
2 923934
718 923934
231675 698943
930618 4000
934618 100
934718 20
40 934738
934778 2000
936778 1000
937778 200
937978 100
938078 20
39 938098
938137 2000
940137 400
940537 100
940637 20
940657 20
7 940677
892 940677
191752 754363
75516 872567
948083 2000
950083 1000
951083 800
951883 20
951903 20
34 951923
951957 2000
953957 200
954157 80
2 954237
662 954237
954899 2000
859 956899
332725 643774
252266 727647
979913 1000
980913 100
981013 20
981033 20
981053 20
981073 10
981083 2
1 981085
574 981086
981660 2000
983660 1000
984660 200
984860 100
984960 20
984980 20
26 985000
4000 984660
7726 981013
988739 2000
350 990739
991089 4000
995089 1000
996089 400
996489 100
996589 80
996669 17
1 996686
205143 793208
10000 10000
20000 20000
40000 40000
80000 20000
100000 100000
200000 200000
400000 400000
800000 200000
1000000 1000000
2000000 2000000
4000000 4000000
8000000 2000000
10000000 100000
10100000 80000
10180000 4000
10184000 2000
10186000 1000
484 10187000
10187484 2000000
12187484 800000
12987484 100000
13087484 40000
13127484 20000
13147484 4000
13151484 2000
13153484 1000
148 13154484
13154632 1000000
14154632 400000
14554632 20000
14574632 10872
14585504 4000
14589504 2000
798 14591504
14592302 8000000
22592302 40000
22632302 20000
22652302 10872
22663174 8000
22671174 400
394 22671574
22671968 1000000
23671968 400000
24071968 20000
24091968 4000
24095968 20
30 24095988
24096018 1000000
25096018 400000
25496018 200000
25696018 100000
25796018 40000
25836018 20000
25856018 10872
25866890 2000
25868890 800
25869690 10
2 25869700
25869702 2000000
27869702 400000
28269702 200000
28469702 100000
28569702 8000
28577702 1000
596 28578702
28579298 400000
28979298 200000
29179298 100000
29279298 20000
29299298 8000
29307298 1000
106 29308298
29308404 2000000
31308404 400000
31708404 100000
31808404 40000
31848404 20000
31868404 4000
31872404 2000
31874404 200
31874604 20
5 31874624
31874629 4000000
35874629 2000000
37874629 1000000
38874629 800000
39674629 40000
39714629 20000
39734629 10872
39745501 8000
39753501 100
39753601 80
17 39753681
39753698 2000000
41753698 40000
41793698 10872
41804570 4000
41808570 2000
41810570 400
289 41810970
41811259 1000000
42811259 200000
43011259 400
43011659 200
129 43011859
43011988 100000
43111988 40000
43151988 20000
43171988 2000
43173988 1000
43174988 200
43175188 17
1 43175205
43175206 1000000
44175206 200000
44375206 100000
44475206 20000
44495206 10872
44506078 4000
44510078 1000
44511078 200
44511278 10
2 44511288
44511290 2000000
46511290 400000
46911290 40000
46951290 20000
46971290 10872
46982162 1000
46983162 400
46983562 200
17 46983762
46983779 10872
46994651 2000
46996651 1000
46997651 400
340 46998051
46998391 1000000
47998391 200000
48198391 100000
48298391 20000
48318391 8000
48326391 1000
48327391 20
48327411 15
1 48327426
48327427 4000
48331427 1000
946 48332427
48333373 1000000
49333373 800000
50133373 100000
50233373 80000
50313373 10872
50324245 4000
202 50328245
50328447 4000000
54328447 2000000
56328447 1000000
57328447 400000
57728447 200000
57928447 100000
58028447 10872
58039319 8000
58047319 800
67 58048119
58048186 2000
472 58050186
58050658 10187484
68238142 800000
69038142 20000
69058142 10872
69069014 8000
69077014 400
9 69077414
69077423 2000000
71077423 400000
71477423 100000
71577423 4000
71581423 20
71581443 20
71581463 15
1 71581478
71581479 2000000
73581479 400000
73981479 100000
74081479 20000
74101479 4000
74105479 2000
935 74107479
74108414 1000000
75108414 200000
75308414 4000
75312414 2000
75314414 1000
75315414 100
75315514 20
75315534 20
75315554 10
75315564 2
1 75315566
75315567 2000000
77315567 40000
77355567 20000
77375567 4000
77379567 2000
77381567 400
77381967 100
63 77382067
77382130 2000000
79382130 1000000
80382130 400000
80782130 200000
80982130 100000
81082130 80000
81162130 1000
119 81163130
81163249 2000000
83163249 20000
83183249 10872
83194121 8000
83202121 200
83202321 100
5 83202421
83202426 1000000
84202426 200000
84402426 100000
84502426 20000
84522426 4000
84526426 800
84527226 20
84527246 10
1 84527256
84527257 400000
84927257 200000
85127257 20000
85147257 10872
85158129 4000
85162129 1000
85163129 400
9 85163529
85163538 2000000
87163538 1000000
88163538 100000
88263538 80000
88343538 2000
88345538 1000
88346538 20
88346558 20
88346578 20
88346598 10
1 88346608
88346609 2000000
90346609 1000000
91346609 20000
91366609 10872
91377481 2000
91379481 1000
91380481 200
91380681 20
91380701 20
91380721 10
1 91380731
91380732 1000000
92380732 800000
93180732 100000
93280732 20000
93300732 2000
93302732 400
289 93303132
93303421 4000000
401 97303421
97303822 4000000
101303822 1000000
102303822 400000
102703822 100000
102803822 40000
102843822 20000
102863822 200
102864022 20
102864042 15
1 102864057
102864058 400000
103264058 200000
103464058 80000
103544058 4000
103548058 1000
103549058 200
124 103549258
103549382 8000000
111549382 800000
112349382 40000
112389382 20000
112409382 10872
112420254 4000
112424254 200
112424454 100
112424554 80
5 112424634
112424639 2000000
114424639 800000
115224639 1000
115225639 800
115226439 20
40 115226459
115226499 1000000
116226499 400000
116626499 100000
116726499 80000
116806499 10872
116817371 4000
121 116821371
116821492 400000
117221492 200000
117421492 100000
117521492 10872
117532364 200
190 117532564
117532754 1000000
118532754 200000
118732754 80000
118812754 2000
118814754 1000
118815754 800
118816554 100
118816654 20
118816674 20
118816694 10
1 118816704
118816705 1000000
119816705 400000
120216705 200000
120416705 10872
120427577 4000
120431577 1000
120432577 800
120433377 100
67 120433477
120433544 100000
120533544 20000
120553544 10872
120564416 8000
120572416 5
1 120572421
120572422 4000000
124572422 2000000
126572422 1000000
127572422 400000
127972422 100000
128072422 20000
128092422 8000
241 128100422
128100663 1000000
129100663 400000
129500663 100000
129600663 4000
129604663 400
129605063 20
129605083 20
129605103 7
1 129605110
129605111 1000000
130605111 200000
130805111 10872
130815983 400
34 130816383
130816417 10187484
141003901 1000000
142003901 800000
142803901 100000
142903901 40000
142943901 8000
691 142951901
142952592 800000
143752592 100000
143852592 80000
143932592 8000
143940592 200
143940792 20
143940812 20
5 143940832
143940837 400000
144340837 200000
144540837 20000
144560837 2000
144562837 1000
144563837 800
144564637 20
144564657 7
1 144564664
144564665 2000000
146564665 1000000
147564665 400000
147964665 100000
148064665 80000
148144665 4000
148148665 1000
148149665 800
190 148150465
148150655 4000000
152150655 2000000
154150655 1000000
155150655 100000
155250655 40000
155290655 10872
155301527 4000
155305527 2000
155307527 1000
819 155308527
155309346 2000000
157309346 1000000
158309346 800000
159109346 80000
159189346 8000
159197346 1000
159198346 200
159198546 100
15 159198646
159198661 100000
159298661 40000
159338661 20000
159358661 10872
159369533 2000
69 159371533
159371602 4000000
163371602 2000000
165371602 100000
165471602 2000
165473602 1000
165474602 100
165474702 80
17 165474782
165474799 2000000
167474799 1000000
168474799 200000
168674799 100000
168774799 40000
168814799 20000
168834799 4000
168838799 1000
168839799 20
168839819 15
1 168839834
168839835 1000000
169839835 200000
170039835 40000
170079835 20000
170099835 10872
170110707 4000
170114707 2000
170116707 1000
170117707 400
170118107 200
5 170118307
170118312 800000
170918312 100000
171018312 40000
171058312 20000
171078312 10872
171089184 800
171089984 20
171090004 20
39 171090024
171090063 1000000
172090063 400000
172490063 200000
172690063 80000
172770063 10872
172780935 4000
172784935 200
172785135 100
172785235 80
2 172785315
172785317 400000
173185317 10872
173196189 2000
173198189 200
173198389 20
35 173198409
173198444 1000000
174198444 80000
174278444 10872
174289316 2000
174291316 100
2 174291416
174291418 1000000
175291418 400000
175691418 100000
175791418 20000
175811418 4000
175815418 2000
175817418 1000
175818418 400
108 175818818
175818926 4000000
179818926 1000000
180818926 100000
180918926 10872
180929798 4000
180933798 1000
180934798 100
180934898 20
180934918 20
180934938 10
180934948 2
1 180934950
180934951 400000
181334951 200000
181534951 20000
181554951 4000
181558951 1000
181559951 200
181560151 17
1 181560168
181560169 2000000
183560169 1000000
184560169 200000
184760169 100000
184860169 10872
184871041 2000
184873041 1000
184874041 400
256 184874441
184874697 400000
185274697 200000
185474697 100000
185574697 800
148 185575497
185575645 800000
186375645 100000
186475645 20000
186495645 4000
186499645 2000
186501645 1000
186502645 20
37 186502665
186502702 2000000
188502702 800000
189302702 100000
189402702 20000
189422702 4000
189426702 800
189427502 10
2 189427512
189427514 400000
189827514 200000
190027514 100000
190127514 40000
190167514 10872
190178386 2000
190180386 1000
190181386 100
190181486 80
15 190181566
190181581 400000
190581581 200000
190781581 40000
190821581 2000
190823581 800
190824381 100
190824481 80
4 190824561
190824565 1000000
191824565 20000
191844565 1000
191845565 800
191846365 100
75 191846465
191846540 2000000
193846540 20000
193866540 2000
193868540 200
193868740 20
193868760 20
193868780 7
1 193868787
193868788 1000000
194868788 400000
195268788 80000
195348788 10872
195359660 2000
195361660 1000
195362660 400
195363060 200
35 195363260
195363295 400000
195763295 40000
195803295 20000
195823295 8000
195831295 1000
195832295 800
195833095 100
195833195 20
195833215 20
195833235 10
2 195833245
195833247 1000000
196833247 100000
196933247 20000
196953247 8000
196961247 800
196962047 20
196962067 20
196962087 17
1 196962104
196962105 2000000
198962105 1000000
199962105 400000
200362105 100000
200462105 40000
200502105 20000
200522105 4000
200526105 100
2 200526205
200526207 2000000
202526207 1000000
203526207 400000
203926207 40000
203966207 10872
203977079 4000
203981079 1000
203982079 200
203982279 20
203982299 20
203982319 20
203982339 15
1 203982354
203982355 2000000
205982355 10000
377 205992355
205992732 1000000
206992732 400000
207392732 200000
207592732 40000
207632732 800
207633532 80
207633612 17
2 207633629
207633631 4000000
211633631 200000
211833631 40000
211873631 20000
211893631 4000
211897631 2000
211899631 1000
537 211900631
211901168 2000000
213901168 1000000
214901168 400000
215301168 100000
215401168 40000
215441168 10872
629 215452040
215452669 20000
215472669 1000
754 215473669
215474423 400000
215874423 100000
215974423 80000
216054423 10872
216065295 2000
216067295 1000
233 216068295
216068528 2000
216070528 1000
216071528 200
216071728 20
216071748 20
5 216071768
216071773 4000000
220071773 2000000
222071773 400000
222471773 20000
222491773 800
64 222492573
222492637 400000
222892637 80000
222972637 10872
222983509 1000
222984509 200
222984709 20
222984729 20
5 222984749
222984754 2000000
224984754 1000000
225984754 4000
225988754 2000
959 225990754
225991713 200000
226191713 100000
226291713 80000
226371713 10872
226382585 4000
226386585 20
226386605 20
39 226386625
226386664 1000000
227386664 400000
227786664 200000
227986664 20000
228006664 4000
228010664 2000
228012664 200
228012864 100
228012964 20
228012984 20
30 228013004
228013034 200000
228213034 100000
228313034 20000
574 228333034
228333608 2000000
230333608 200000
230533608 100000
230633608 20000
230653608 8000
230661608 800
230662408 20
230662428 10
2 230662438
230662440 200000
230862440 100000
230962440 20000
230982440 400
230982840 200
5 230983040
230983045 400000
231383045 200000
231583045 20000
231603045 8000
231611045 1000
805 231612045
231612850 100000
231712850 4000
231716850 1000
231717850 800
231718650 100
80 231718750
231718830 800000
232518830 20000
232538830 10872
232549702 4000
232553702 2000
723 232555702
232556425 2000000
234556425 1000000
235556425 400000
235956425 200000
236156425 100000
236256425 10872
824 236267297
236268121 1000000
237268121 400000
237668121 100000
237768121 80000
237848121 10872
237858993 4000
237862993 1000
433 237863993
237864426 400000
238264426 200000
238464426 100000
238564426 20000
238584426 10872
238595298 1000
238596298 400
238596698 100
83 238596798
238596881 200000
238796881 40000
238836881 10872
238847753 4000
238851753 1000
798 238852753
238853551 1000000
239853551 100000
239953551 20000
239973551 10872
239984423 400
239984823 100
239984923 20
239984943 20
239984963 10
2 239984973
239984975 1000000
240984975 8000
240992975 100
240993075 10
2 240993085
240993087 4000000
244993087 400000
245393087 100000
245493087 40000
245533087 20000
245553087 10872
245563959 1000
245564959 800
103 245565759
245565862 1000000
246565862 400000
246965862 40000
247005862 10872
247016734 4000
247020734 1000
240 247021734
247021974 1000000
248021974 4000
248025974 2000
248027974 1000
286 248028974
248029260 8000000
256029260 1000000
257029260 400000
257429260 40000
257469260 10872
257480132 2000
257482132 400
257482532 100
257482632 10
2 257482642
257482644 2000000
259482644 200000
259682644 40000
259722644 10872
259733516 4000
259737516 2000
259739516 1000
929 259740516
259741445 100000
259841445 40000
259881445 20000
259901445 10872
259912317 4000
259916317 2000
259918317 200
259918517 100
259918617 80
259918697 17
2 259918714
259918716 1000000
260918716 400000
261318716 80000
405 261398716
261399121 1000000
262399121 100000
262499121 20000
262519121 10872
262529993 2000
262531993 1000
262532993 800
193 262533793
262533986 1000000
263533986 200000
263733986 100000
263833986 80000
263913986 10872
263924858 2000
263926858 400
358 263927258
263927616 400000
264327616 100000
264427616 20000
264447616 2000
852 264449616
264450468 100000
264550468 80000
264630468 1000
264631468 200
264631668 20
264631688 10
2 264631698
264631700 1000000
265631700 800000
266431700 100000
266531700 40000
266571700 10872
266582572 8000
266590572 100
9 266590672
266590681 4000000
270590681 400000
270990681 200000
271190681 10872
271201553 2000
271203553 200
157 271203753
271203910 200000
271403910 10872
271414782 4000
271418782 1000
999 271419782
271420781 2000000
273420781 1000000
274420781 100000
274520781 40000
274560781 20000
274580781 4000
274584781 2000
688 274586781
274587469 1000000
275587469 400000
275987469 200000
276187469 80000
276267469 10872
276278341 4000
276282341 2000
276284341 1000
120 276285341
276285461 2000000
278285461 1000000
279285461 800000
280085461 100000
280185461 400
127 280185861
280185988 1000000
281185988 400000
281585988 200000
281785988 80000
281865988 10872
281876860 8000
281884860 400
281885260 200
133 281885460
281885593 200000
282085593 100000
282185593 80000
282265593 2000
282267593 200
282267793 80
282267873 17
2 282267890
282267892 200000
282467892 100000
282567892 40000
282607892 20000
282627892 8000
282635892 200
161 282636092
282636253 800000
283436253 100000
283536253 20000
283556253 10000
283566253 200
283566453 100
63 283566553
283566616 1000000
284566616 800000
285366616 100000
285466616 40000
285506616 20000
285526616 4000
285530616 2000
532 285532616
285533148 1000000
286533148 100000
286633148 4000
213 286637148
286637361 1000000
287637361 80000
287717361 4000
287721361 200
287721561 100
287721661 80
287721741 10
2 287721751
287721753 1000000
288721753 800000
289521753 40000
289561753 20000
289581753 10872
289592625 1000
289593625 400
30 289594025
289594055 10872
289604927 4000
289608927 2000
289610927 800
289611727 100
289611827 20
289611847 20
289611867 10
289611877 2
1 289611879
289611880 1000000
290611880 100000
290711880 10872
290722752 800
104 290723552
290723656 4000000
294723656 100000
294823656 80000
294903656 100
294903756 80
15 294903836
294903851 800000
295703851 80000
295783851 10872
295794723 4000
295798723 2000
295800723 1000
295801723 400
295802123 200
295802323 100
295802423 80
295802503 7
1 295802510
295802511 4000000
299802511 1000000
300802511 10872
204 300813383
300813587 2000000
302813587 1000000
303813587 100000
303913587 80000
303993587 4000
303997587 2000
303999587 800
304000387 100
30 304000487
304000517 100000
304100517 80000
304180517 4000
304184517 800
304185317 17
1 304185334
304185335 200000
304385335 40000
304425335 20000
304445335 2000
304447335 1000
304448335 800
304449135 100
304449235 20
304449255 20
304449275 10
2 304449285
304449287 2000000
306449287 1000000
307449287 800000
308249287 40000
308289287 20000
308309287 8000
308317287 400
330 308317687
308318017 1000000
309318017 100000
309418017 40000
309458017 8000
309466017 1000
688 309467017
309467705 2000000
311467705 80000
311547705 10872
311558577 800
311559377 100
311559477 20
311559497 20
5 311559517
311559522 10872
311570394 1000
446 311571394
311571840 2000000
313571840 20000
313591840 10000
313601840 400
96 313602240
313602336 2000000
315602336 1000000
316602336 400000
317002336 100000
317102336 10872
317113208 2000
317115208 1000
317116208 400
193 317116608
317116801 1000000
318116801 100000
318216801 20000
318236801 2000
318238801 800
318239601 80
15 318239681
318239696 8000000
326239696 1000000
327239696 400000
327639696 100000
327739696 80000
327819696 10872
327830568 2000
68 327832568
327832636 2000000
329832636 800000
330632636 20000
330652636 2000
599 330654636
330655235 1000000
331655235 400000
332055235 200000
332255235 40000
332295235 10872
332306107 4000
332310107 2000
332312107 100
332312207 80
9 332312287
332312296 2000000
334312296 400000
334712296 200000
334912296 10872
334923168 4000
334927168 2000
334929168 800
334929968 80
334930048 10
334930058 2
1 334930060
334930061 1000000
335930061 200000
336130061 100000
336230061 80000
336310061 10872
336320933 1000
358 336321933
336322291 1000000
337322291 400000
337722291 40000
337762291 10872
337773163 4000
337777163 400
337777563 20
337777583 20
7 337777603
337777610 200000
337977610 100000
338077610 10872
338088482 4000
667 338092482
338093149 400000
338493149 40000
338533149 10872
338544021 4000
338548021 2000
338550021 1000
853 338551021
338551874 2000000
340551874 800000
341351874 4000
341355874 2000
341357874 1000
719 341358874
341359593 1000000
342359593 400000
342759593 200000
342959593 100000
343059593 40000
343099593 10000
343109593 400
343109993 200
343110193 20
37 343110213
343110250 800000
343910250 10872
343921122 1000
343922122 800
343922922 20
343922942 20
343922962 20
343922982 10
1 343922992
343922993 4000000
347922993 1000000
348922993 40000
348962993 20000
348982993 4000
886 348986993
348987879 2000000
350987879 1000000
351987879 8000
351995879 20
351995899 20
351995919 20
351995939 10
1 351995949
351995950 2000000
353995950 200000
354195950 20000
354215950 4000
354219950 1000
354220950 400
354221350 100
354221450 20
354221470 10
1 354221480
354221481 200000
354421481 40000
354461481 10872
354472353 400
258 354472753
354473011 2000000
356473011 400000
356873011 200000
357073011 20000
357093011 10872
357103883 1000
357104883 200
357105083 20
9 357105103
357105112 1000000
358105112 200000
358305112 100000
358405112 20000
358425112 4000
358429112 400
358429512 200
358429712 20
358429732 20
358429752 20
358429772 17
1 358429789
358429790 1000000
359429790 800000
360229790 100000
360329790 40000
360369790 10872
360380662 2000
360382662 1000
314 360383662
360383976 200000
360583976 100000
360683976 40000
360723976 20000
360743976 1000
910 360744976
360745886 2000000
362745886 1000000
363745886 400000
364145886 200000
364345886 20000
364365886 10872
364376758 2000
364378758 1000
193 364379758
364379951 4000000
368379951 400000
368779951 40000
368819951 20000
368839951 10872
368850823 4000
368854823 2000
368856823 400
368857223 200
193 368857423
368857616 400000
369257616 200000
369457616 100000
369557616 2000
369559616 100
369559716 20
369559736 20
369559756 20
369559776 10
369559786 2
1 369559788
369559789 1000000
370559789 100000
370659789 2000
370661789 1000
920 370662789
370663709 4000000
374663709 2000000
376663709 1000000
377663709 400000
378063709 200000
378263709 100000
378363709 8000
378371709 1000
378372709 400
378373109 200
378373309 80
378373389 10
378373399 2
1 378373401
378373402 1000000
379373402 400000
379773402 200000
379973402 20000
379993402 10860
1 380004262
380004263 400000
380404263 200000
380604263 100000
380704263 20000
380724263 10872
380735135 4000
380739135 1000
380740135 20
380740155 20
380740175 7
1 380740182
380740183 400000
381140183 100000
381240183 20000
119 381260183
381260302 4000000
385260302 1000000
386260302 400000
386660302 200000
386860302 100000
386960302 10872
386971174 400
386971574 100
386971674 20
386971694 20
386971714 20
386971734 10
1 386971744
386971745 2000000
388971745 1000000
389971745 100000
390071745 40000
390111745 20000
390131745 10872
390142617 200
390142817 100
9 390142917
390142926 2000000
392142926 400000
392542926 200000
392742926 100000
392842926 2000
392844926 1000
240 392845926
392846166 4000000
396846166 400000
397246166 200000
397446166 100000
397546166 20000
397566166 10872
397577038 4000
300 397581038
397581338 1000000
398581338 40000
398621338 10872
398632210 4000
398636210 2000
398638210 1000
398639210 200
15 398639410
398639425 10187484
408826909 200000
409026909 100000
409126909 40000
409166909 20000
409186909 10872
409197781 4000
409201781 2000
409203781 1000
413 409204781
409205194 2000000
411205194 400000
411605194 200000
411805194 100000
411905194 40000
411945194 20000
411965194 2000
411967194 400
223 411967594
411967817 2000000
413967817 1000000
414967817 800000
415767817 100000
415867817 80000
415947817 10872
415958689 4000
415962689 2000
415964689 1000
415965689 200
35 415965889
415965924 400000
416365924 200000
416565924 40000
416605924 20000
416625924 4000
416629924 2000
416631924 1000
122 416632924
416633046 2000000
418633046 400000
419033046 200000
419233046 100000
419333046 40000
419373046 2000
419375046 1000
419376046 200
26 419376246
419376272 2000000
421376272 100000
421476272 40000
421516272 10872
421527144 4000
421531144 2000
421533144 1000
421534144 100
2 421534244
421534246 2000000
423534246 1000000
424534246 800000
425334246 10872
425345118 8000
425353118 20
425353138 20
37 425353158
425353195 2000000
427353195 200000
427553195 40000
427593195 20000
427613195 10872
427624067 400
427624467 200
427624667 20
39 427624687
427624726 400000
428024726 80000
428104726 2000
428106726 400
365 428107126
428107491 800000
428907491 80000
428987491 10000
428997491 400
428997891 200
428998091 5
1 428998096
193868787 237863993
431732780 200000
431932780 40000
431972780 20000
431992780 8000
432000780 1000
432001780 400
432002180 200
39 432002380
432002419 800000
432802419 40000
432842419 20000
432862419 1000
432863419 100
432863519 17
1 432863536
432863537 400000
433263537 80000
433343537 10000
433353537 400
121 433353937
433354058 2000000
435354058 200000
435554058 40000
435594058 10872
435604930 1000
435605930 400
435606330 200
435606530 100
435606630 20
435606650 20
435606670 20
435606690 10
1 435606700
435606701 1000000
436606701 800000
437406701 40000
437446701 20000
437466701 10872
437477573 1000
437478573 200
168 437478773
437478941 4000000
441478941 2000000
443478941 1000000
444478941 800000
445278941 40000
445318941 4000
445322941 1000
445323941 400
445324341 100
5 445324441
445324446 4000000
449324446 200000
449524446 100000
449624446 40000
449664446 8000
449672446 1000
477 449673446
449673923 2000000
451673923 400000
452073923 10872
452084795 1000
2 452085795
452085797 4000000
456085797 2000000
458085797 1000000
459085797 200000
459285797 40000
459325797 20000
459345797 10872
459356669 2000
459358669 200
7 459358869
459358876 400000
459758876 200000
459958876 40000
459998876 20000
460018876 10872
460029748 200
460029948 100
460030048 80
460030128 10
2 460030138
460030140 1000000
461030140 400000
461430140 10872
461441012 4000
461445012 800
461445812 100
461445912 20
461445932 20
461445952 20
5 461445972
461445977 1000000
462445977 200000
462645977 100000
462745977 20000
462765977 10872
462776849 200
462777049 20
462777069 20
462777089 10
462777099 2
1 462777101
462777102 2000000
464777102 100000
464877102 40000
464917102 200
464917302 20
35 464917322
464917357 2000000
466917357 200000
467117357 40000
467157357 10872
467168229 4000
467172229 2000
467174229 400
467174629 200
169 467174829
467174998 2000000
469174998 1000000
470174998 200000
470374998 100000
470474998 40000
470514998 10872
470525870 4000
470529870 2000
470531870 1000
607 470532870
470533477 4000000
474533477 200000
474733477 100000
474833477 8000
474841477 80
474841557 10
4 474841567
474841571 400000
475241571 100000
475341571 40000
475381571 10872
475392443 2000
475394443 1000
475395443 400
475395843 100
26 475395943
475395969 200000
475595969 100000
475695969 80000
475775969 4000
475779969 2000
987 475781969
475782956 2000000
477782956 200000
477982956 100000
478082956 20000
478102956 10000
478112956 200
478113156 100
75 478113256
478113331 1000000
479113331 400000
479513331 100000
479613331 20000
479633331 4000
479637331 2000
479639331 1000
655 479640331
479640986 100000
479740986 40000
479780986 20000
479800986 10000
479810986 100
479811086 80
479811166 17
2 479811183
479811185 2000000
481811185 400000
482211185 4000
482215185 2000
482217185 400
482217585 20
482217605 20
482217625 2
1 482217627
482217628 400000
482617628 200000
482817628 100000
482917628 20000
482937628 4000
482941628 2000
482943628 1000
482944628 400
482945028 20
5 482945048
482945053 4000000
486945053 800000
487745053 100000
487845053 40000
487885053 20000
487905053 10000
487915053 400
487915453 100
487915553 20
35 487915573
487915608 1000000
488915608 800000
489715608 100000
489815608 40000
489855608 10872
489866480 8000
213 489874480
489874693 1000000
490874693 40000
490914693 4000
9 490918693
490918702 200000
491118702 40000
491158702 10872
491169574 1000
491170574 100
491170674 20
5 491170694
491170699 1000000
492170699 800000
492970699 40000
493010699 10872
493021571 2000
493023571 800
493024371 20
5 493024391
493024396 2000000
495024396 1000000
496024396 400000
496424396 200000
496624396 100000
496724396 20000
496744396 8000
496752396 1000
496753396 200
496753596 100
496753696 20
496753716 20
496753736 10
496753746 2
1 496753748
496753749 200000
496953749 100000
497053749 40000
497093749 20000
497113749 10872
497124621 2000
497126621 1000
497127621 400
497128021 20
7 497128041
497128048 2000000
499128048 800000
499928048 40000
499968048 4000
499972048 1000
886 499973048
499973934 2000000
501973934 800000
502773934 100000
502873934 40000
502913934 20000
502933934 8000
502941934 800
502942734 100
67 502942834
502942901 400000
503342901 40000
503382901 20000
503402901 4000
503406901 1000
503407901 17
2 503407918
503407920 100000
503507920 40000
503547920 20000
503567920 4000
503571920 200
80 503572120
503572200 4000000
507572200 100000
507672200 10872
507683072 100
34 507683172
507683206 2000000
509683206 400000
510083206 40000
510123206 20000
510143206 2000
510145206 1000
510146206 400
510146606 100
510146706 80
510146786 17
1 510146803
510146804 200000
510346804 40000
510386804 20000
510406804 1000
510407804 400
510408204 100
510408304 20
34 510408324
510408358 2000000
512408358 80000
512488358 8000
803 512496358
512497161 4000000
516497161 400000
516897161 200000
517097161 100000
517197161 20000
517217161 10872
517228033 4000
517232033 1000
517233033 400
517233433 17
1 517233450
517233451 800000
518033451 100000
518133451 40000
518173451 10872
518184323 1000
719 518185323
518186042 4000000
522186042 1000000
523186042 10872
523196914 4000
523200914 2000
523202914 800
523203714 10
1 523203724
523203725 400000
523603725 40000
523643725 20000
523663725 8000
523671725 1000
523672725 400
297 523673125
523673422 1000000
524673422 800000
525473422 100000
525573422 40000
525613422 10872
525624294 1000
525625294 200
168 525625494
525625662 1000000
526625662 40000
526665662 10872
526676534 8000
775 526684534
526685309 1000000
527685309 400000
528085309 40000
528125309 20000
528145309 4000
528149309 1000
216 528150309
528150525 4000000
532150525 2000000
534150525 400000
534550525 80000
534630525 4000
104 534634525
534634629 200000
534834629 100000
534934629 8000
534942629 1000
534943629 400
534944029 5
1 534944034
534944035 1000000
535944035 400000
536344035 100000
536444035 40000
536484035 20000
536504035 10000
536514035 80
536514115 10
2 536514125
536514127 400000
536914127 10872
991 536924999
536925990 4000000
540925990 200000
541125990 400
377 541126390
541126767 400000
541526767 200000
541726767 100000
541826767 20000
541846767 10872
541857639 4000
541861639 2000
541863639 1000
400 541864639
541865039 400000
542265039 100000
542365039 40000
542405039 8000
542413039 100
7 542413139
542413146 800000
543213146 4000
543217146 1000
543218146 800
543218946 100
543219046 20
543219066 20
30 543219086
543219116 2000000
545219116 20000
545239116 1000
545240116 100
545240216 20
545240236 20
545240256 20
2 545240276
545240278 20000
545260278 10872
545271150 2000
545273150 100
545273250 20
24 545273270
545273294 10187484
555460778 1000000
556460778 400000
556860778 8000
556868778 1000
143 556869778
556869921 1000000
557869921 400000
558269921 200000
558469921 20000
558489921 4000
558493921 2000
558495921 1000
1 558496921
558496922 400000
558896922 200000
559096922 100000
559196922 2000
559198922 800
114 559199722
559199836 400000
559599836 200000
559799836 100000
559899836 40000
559939836 10872
559950708 4000
559954708 1000
355 559955708
559956063 2000000
561956063 1000000
562956063 800000
563756063 40000
563796063 1000
981 563797063
563798044 1000000
564798044 200000
564998044 100000
565098044 10872
565108916 1000
565109916 20
565109936 20
7 565109956
565109963 1000000
566109963 400000
566509963 80000
566589963 10872
566600835 4000
566604835 2000
566606835 1000
566607835 400
373 566608235
566608608 4000000
570608608 1000000
571608608 400000
572008608 100000
572108608 80000
572188608 10872
572199480 4000
572203480 1000
572204480 800
572205280 20
572205300 20
572205320 20
572205340 17
1 572205357
572205358 4000000
576205358 2000000
578205358 200000
578405358 40000
578445358 10872
111 578456230
578456341 10187484
588643825 1000000
589643825 400000
590043825 100000
590143825 40000
590183825 20000
590203825 4000
590207825 200
156 590208025
590208181 2000000
592208181 1000000
593208181 200000
593408181 20000
593428181 10872
593439053 4000
593443053 2000
593445053 1000
593446053 20
593446073 17
1 593446090
593446091 1000000
594446091 200000
594646091 40000
594686091 10872
594696963 2000
594698963 1000
594699963 200
20 594700163
594700183 4000000
598700183 2000000
600700183 200000
600900183 100000
601000183 20000
601020183 8000
601028183 1000
439 601029183
601029622 1000000
602029622 100000
602129622 20
602129642 20
602129662 10
602129672 2
1 602129674
602129675 400000
602529675 200000
602729675 100000
602829675 10872
602840547 4000
602844547 1000
602845547 200
602845747 10
2 602845757
602845759 4000000
606845759 2000000
608845759 800000
609645759 100000
609745759 40000
609785759 20000
609805759 8000
609813759 1000
609814759 200
609814959 20
609814979 20
39 609814999
609815038 2000000
611815038 800000
612615038 8000
855 612623038
612623893 4000000
616623893 800000
617423893 100000
617523893 20000
617543893 10872
617554765 2000
617556765 1000
617557765 400
617558165 200
157 617558365
617558522 2000000
619558522 1000000
620558522 40000
620598522 10000
620608522 20
620608542 20
620608562 20
5 620608582
620608587 1000000
621608587 100000
621708587 40000
621748587 10872
621759459 200
621759659 20
621759679 20
37 621759699
621759736 1000000
622759736 100000
622859736 40000
622899736 20000
622919736 4000
622923736 2000
622925736 800
114 622926536
622926650 4000000
626926650 2000000
628926650 400000
629326650 40000
629366650 10872
629377522 4000
486 629381522
629382008 2000000
631382008 1000000
632382008 400000
632782008 200000
632982008 100000
633082008 4000
633086008 2000
633088008 20
633088028 20
34 633088048
633088082 4000000
637088082 2000000
639088082 1000000
640088082 800000
640888082 100000
640988082 20000
641008082 10000
641018082 400
641018482 200
35 641018682
641018717 4000000
645018717 400000
645418717 200000
645618717 40000
645658717 1000
645659717 400
645660117 100
645660217 20
645660237 20
645660257 17
1 645660274
645660275 1000000
646660275 400000
647060275 20000
647080275 10872
647091147 2000
397 647093147
647093544 2000000
649093544 1000000
650093544 400000
650493544 200000
650693544 40000
650733544 20000
650753544 10872
650764416 8000
650772416 200
650772616 80
650772696 17
1 650772713
650772714 200000
650972714 100000
651072714 40000
651112714 4000
651116714 1000
651117714 400
651118114 100
651118214 80
651118294 10
4 651118304
651118308 4000000
655118308 1000000
656118308 400000
656518308 200000
656718308 40000
656758308 20000
656778308 1000
656779308 400
96 656779708
656779804 100000
656879804 40000
656919804 10872
656930676 4000
656934676 2000
656936676 1000
656937676 800
121 656938476
656938597 200000
657138597 100000
657238597 20000
657258597 4000
657262597 2000
657264597 1000
657265597 80
17 657265677
657265694 1000000
658265694 40000
658305694 20000
658325694 1000
658326694 400
350 658327094
658327444 200000
658527444 100000
658627444 20000
658647444 2000
658649444 1000
658650444 100
10 658650544
658650554 2000000
660650554 1000000
661650554 40000
661690554 8000
661698554 1000
111 661699554
661699665 1000000
662699665 200000
662899665 100000
662999665 8000
663007665 100
26 663007765
663007791 4000000
667007791 400000
667407791 200000
667607791 8000
667615791 1000
667616791 400
667617191 100
667617291 15
1 667617306
667617307 2000000
669617307 200000
669817307 20000
669837307 4000
669841307 1000
7 669842307
669842314 1000000
670842314 400000
671242314 100000
671342314 10872
671353186 4000
671357186 2000
671359186 1000
203 671360186
671360389 2000000
673360389 1000000
674360389 100000
674460389 20000
674480389 10872
674491261 4000
674495261 1000
674496261 400
674496661 100
15 674496761
674496776 800000
675296776 20000
675316776 10872
675327648 8000
675335648 200
675335848 100
675335948 15
1 675335963
675335964 4000000
679335964 2000000
681335964 200000
681535964 40000
681575964 20000
681595964 10872
681606836 4000
681610836 400
681611236 200
681611436 100
7 681611536
681611543 1000000
682611543 40000
682651543 20000
682671543 10872
682682415 1000
682683415 400
682683815 200
682684015 20
30 682684035
682684065 1000000
683684065 200000
683884065 10872
683894937 4000
683898937 2000
706 683900937
683901643 4000000
687901643 200000
688101643 40000
688141643 20000
289 688161643
688161932 2000000
690161932 1000000
691161932 8000
691169932 400
328 691170332
691170660 800000
691970660 100000
692070660 40000
692110660 20000
692130660 4000
692134660 200
692134860 100
692134960 80
5 692135040
692135045 2000000
694135045 1000000
695135045 800000
695935045 40000
695975045 20000
695995045 4000
476 695999045
695999521 800000
696799521 40000
696839521 10000
696849521 200
696849721 100
696849821 80
696849901 17
1 696849918
696849919 400000
697249919 100000
697349919 20000
697369919 10872
697380791 4000
697384791 200
697384991 100
63 697385091
697385154 1000000
698385154 200000
698585154 100000
698685154 20000
698705154 10872
698716026 8000
981 698724026
698725007 4000000
702725007 2000000
704725007 400000
705125007 100000
705225007 40000
705265007 4000
978 705269007
705269985 200000
705469985 80000
705549985 8000
705557985 1000
202 705558985
705559187 4000000
709559187 200000
709759187 100000
709859187 20000
709879187 4000
709883187 1000
755 709884187
709884942 1000000
710884942 200000
711084942 80000
711164942 1000
711165942 800
711166742 20
711166762 20
711166782 20
711166802 15
1 711166817
711166818 80000
711246818 10000
711256818 400
711257218 200
120 711257418
711257538 400000
711657538 10872
711668410 4000
711672410 1000
848 711673410
711674258 1000000
712674258 400000
713074258 2000
713076258 1000
846 713077258
713078104 2000000
715078104 1000000
716078104 400000
716478104 20000
716498104 10872
716508976 8000
117 716516976
716517093 4000000
720517093 2000000
722517093 800000
723317093 4000
723321093 2000
723323093 1000
80 723324093
723324173 8000000
731324173 400000
731724173 200000
731924173 10872
731935045 4000
751 731939045
731939796 400000
732339796 200000
732539796 100000
732639796 20000
732659796 8000
172 732667796
732667968 400000
733067968 200000
733267968 2000
733269968 1000
733270968 800
149 733271768
733271917 4000000
737271917 80000
737351917 10872
737362789 4000
737366789 2000
466 737368789
737369255 2000000
739369255 1000000
740369255 400000
740769255 100000
740869255 40000
740909255 8000
740917255 1000
599 740918255
740918854 40000
740958854 10872
740969726 8000
989 740977726
740978715 2000000
742978715 1000000
743978715 400000
744378715 200000
744578715 100000
744678715 4000
744682715 2000
744684715 800
21 744685515
744685536 1000000
745685536 200000
745885536 80000
745965536 8000
745973536 200
174 745973736
745973910 400000
746373910 200000
746573910 100000
746673910 20000
746693910 10872
746704782 4000
746708782 1000
746709782 200
746709982 20
39 746710002
746710041 2000000
748710041 1000000
749710041 800000
750510041 100000
750610041 40000
750650041 4000
750654041 2000
750656041 400
15 750656441
750656456 800000
751456456 4000
751460456 2000
751462456 200
751462656 100
751462756 80
5 751462836
751462841 400000
751862841 200000
752062841 100000
752162841 20000
752182841 10872
752193713 4000
752197713 2000
752199713 1000
752200713 400
752201113 200
752201313 20
30 752201333
752201363 1000000
753201363 100000
753301363 20000
753321363 4000
753325363 2000
753327363 1000
339 753328363
753328702 400000
753728702 200000
753928702 80000
754008702 10872
754019574 1000
754020574 800
122 754021374
754021496 1000000
755021496 400000
755421496 200000
755621496 100000
755721496 80000
755801496 2000
83 755803496
755803579 4000000
759803579 200000
760003579 100000
760103579 40000
760143579 20000
760163579 4000
760167579 2000
760169579 800
760170379 100
760170479 20
760170499 2
1 760170501
760170502 400000
760570502 200000
760770502 80000
760850502 8000
760858502 200
760858702 17
1 760858719
760858720 2000000
762858720 1000000
763858720 800000
764658720 100000
764758720 20000
377 764778720
764779097 2000000
766779097 1000000
767779097 20000
767799097 10872
767809969 4000
767813969 1000
767814969 7
1 767814976
767814977 4000000
771814977 200000
772014977 40000
772054977 10872
772065849 4000
772069849 400
120 772070249
772070369 80000
772150369 8000
772158369 100
772158469 20
772158489 20
772158509 17
1 772158526
772158527 100000
772258527 40000
772298527 20000
772318527 2000
265 772320527
772320792 1000000
773320792 400000
773720792 100000
773820792 40000
773860792 10872
773871664 4000
773875664 1000
773876664 800
67 773877464
773877531 12187484
786065015 100000
786165015 10872
786175887 8000
786183887 400
786184287 200
156 786184487
786184643 100000
786284643 80000
786364643 10872
786375515 8000
786383515 800
10 786384315
786384325 80000
786464325 2000
786466325 80
7 786466405
786466412 2000000
788466412 1000000
789466412 100000
789566412 40000
789606412 10872
789617284 8000
323 789625284
789625607 1000000
790625607 400000
791025607 200000
791225607 100000
791325607 40000
791365607 20000
791385607 10872
791396479 8000
791404479 200
791404679 100
15 791404779
791404794 4000000
795404794 400000
795804794 200000
796004794 100000
796104794 10872
796115666 4000
796119666 2000
796121666 1000
796122666 200
796122866 100
796122966 20
796122986 20
796123006 20
796123026 10
1 796123036
796123037 2000000
798123037 40000
798163037 10872
798173909 2000
798175909 1000
798176909 100
798177009 80
17 798177089
798177106 2000000
800177106 400000
800577106 100000
800677106 40000
800717106 20000
800737106 10872
800747978 4000
800751978 2000
800753978 1000
328 800754978
800755306 4000000
804755306 2000000
806755306 200000
806955306 40000
806995306 20000
807015306 2000
807017306 1000
807018306 200
807018506 20
807018526 20
807018546 20
807018566 15
1 807018581
807018582 2000000
809018582 200000
809218582 100000
809318582 40000
809358582 20000
809378582 10872
809389454 2000
809391454 1000
809392454 400
809392854 200
809393054 10
4 809393064
809393068 1000000
810393068 400000
810793068 40000
810833068 10872
39 810843940
810843979 2000000
812843979 1000000
813843979 200000
814043979 100000
814143979 40000
814183979 400
814184379 100
814184479 20
35 814184499
814184534 4000000
818184534 1000000
819184534 400000
819584534 200000
819784534 100000
819884534 40000
819924534 20000
819944534 10872
819955406 4000
819959406 2000
819961406 800
39 819962206
819962245 4000000
823962245 2000000
825962245 400000
826362245 100000
826462245 4000
826466245 1000
602 826467245
826467847 400000
826867847 200000
827067847 40000
827107847 20000
827127847 2000
827129847 1000
827130847 200
827131047 20
827131067 20
827131087 10
1 827131097
827131098 400000
827531098 80000
827611098 10872
827621970 2000
827623970 1000
827624970 80
1 827625050
827625051 2000000
829625051 200000
829825051 10872
829835923 2000
829837923 400
829838323 20
2 829838343
829838345 100000
829938345 80000
830018345 10872
24 830029217
830029241 10187484
840216725 400000
840616725 200000
840816725 40000
840856725 10872
840867597 800
26 840868397
840868423 200000
841068423 400
841068823 200
841069023 100
34 841069123
841069157 1000000
842069157 400000
842469157 80000
842549157 10872
842560029 4000
842564029 200
842564229 100
41 842564329
842564370 800000
843364370 80000
843444370 10872
843455242 2000
843457242 10
1 843457252
843457253 2000000
845457253 200000
845657253 10840
845668093 17
1 845668110
845668111 4000000
849668111 2000000
851668111 1000000
852668111 200000
852868111 100000
852968111 40000
853008111 20000
853028111 10872
853038983 2000
853040983 800
4 853041783
853041787 200000
853241787 100000
853341787 40000
853381787 800
853382587 100
853382687 80
853382767 10
2 853382777
853382779 4000000
857382779 2000000
859382779 1000000
860382779 400000
860782779 200000
860982779 100000
861082779 20000
861102779 2000
861104779 1000
861105779 400
213 861106179
861106392 1000000
862106392 400000
862506392 100000
862606392 40000
862646392 20000
862666392 10872
862677264 800
862678064 100
862678164 20
862678184 7
1 862678191
862678192 4000000
866678192 1000000
867678192 400000
868078192 200000
868278192 100000
868378192 80000
868458192 4000
868462192 2000
868464192 1000
868465192 20
5 868465212
868465217 400000
868865217 100000
868965217 40000
869005217 20000
869025217 4000
869029217 1000
104 869030217
869030321 1000000
870030321 200000
870230321 80000
321 870310321
870310642 1000000
871310642 100000
871410642 20000
871430642 10872
871441514 8000
168 871449514
871449682 2000000
873449682 40000
873489682 20000
873509682 4000
873513682 400
873514082 200
174 873514282
873514456 400000
873914456 200000
874114456 100000
874214456 10872
874225328 2000
874227328 1000
874228328 400
874228728 200
168 874228928
874229096 1000000
875229096 200000
875429096 100000
875529096 40000
875569096 10872
875579968 4000
875583968 1000
875584968 200
120 875585168
875585288 2000000
877585288 200000
877785288 40000
877825288 10872
877836160 4000
877840160 2000
877842160 1000
877843160 20
877843180 15
1 877843195
877843196 200000
878043196 40000
878083196 20000
111 878103196
878103307 4000000
882103307 2000000
884103307 1000000
885103307 400000
885503307 200000
885703307 100000
885803307 40000
885843307 4000
885847307 2000
885849307 1000
885850307 100
885850407 20
35 885850427
885850462 4000000
889850462 1000000
890850462 200000
891050462 40000
891090462 10872
891101334 8000
898 891109334
891110232 2000000
893110232 200000
893310232 40000
893350232 20000
893370232 10000
893380232 100
75 893380332
893380407 8000000
901380407 1000000
902380407 200000
902580407 100000
902680407 40000
902720407 2000
902722407 400
902722807 20
40 902722827
902722867 1000000
903722867 400000
904122867 20000
904142867 10872
904153739 2000
974 904155739
904156713 400000
904556713 100000
904656713 40000
904696713 20000
904716713 10000
904726713 400
904727113 100
904727213 20
5 904727233
904727238 4000000
908727238 400000
909127238 8000
909135238 1000
909136238 100
7 909136338
909136345 1000000
910136345 800000
910936345 10872
910947217 800
910948017 100
34 910948117
910948151 400000
911348151 200000
911548151 100000
911648151 80000
911728151 10872
911739023 4000
911743023 1000
911744023 200
911744223 100
911744323 10
911744333 2
1 911744335
911744336 4000000
915744336 2000000
917744336 1000000
918744336 40000
918784336 20000
918804336 10872
918815208 4000
918819208 2000
918821208 1000
470 918822208
918822678 400000
919222678 200000
919422678 100000
919522678 40000
919562678 10872
919573550 4000
919577550 800
104 919578350
919578454 1000000
920578454 40000
920618454 20000
920638454 10872
920649326 4000
920653326 800
100 920654126
920654226 400000
921054226 200000
921254226 100000
921354226 20000
921374226 2000
921376226 200
921376426 100
921376526 80
921376606 10
2 921376616
921376618 4000000
925376618 200000
925576618 100000
925676618 40000
925716618 20000
925736618 1000
925737618 400
925738018 17
1 925738035
925738036 4000000
929738036 40000
929778036 10872
929788908 4000
929792908 2000
929794908 1000
958 929795908
929796866 2000000
931796866 1000000
932796866 400000
933196866 200000
933396866 100000
933496866 20000
933516866 10872
933527738 8000
933535738 800
30 933536538
933536568 20000
933556568 10872
933567440 2000
933569440 1000
933570440 100
933570540 20
933570560 20
5 933570580
933570585 200000
933770585 100000
933870585 4000
933874585 2000
933876585 1000
933877585 10
4 933877595
933877599 4000000
937877599 1000000
938877599 20000
938897599 2000
938899599 1000
938900599 800
938901399 100
938901499 80
938901579 17
1 938901596
938901597 4000000
942901597 400000
943301597 200000
943501597 100000
943601597 80000
553 943681597
943682150 4000000
947682150 100000
947782150 40000
947822150 20000
947842150 8000
947850150 800
947850950 20
947850970 20
947850990 20
947851010 17
1 947851027
947851028 1000000
948851028 100000
948951028 80000
949031028 2000
949033028 1000
949034028 400
15 949034428
949034443 1000000
950034443 400000
950434443 200000
950634443 100000
950734443 20000
950754443 1000
950755443 400
950755843 100
950755943 15
1 950755958
950755959 4000000
954755959 1000000
955755959 100000
955855959 10872
955866831 1000
955867831 400
955868231 20
955868251 20
955868271 10
2 955868281
955868283 1000000
956868283 40000
956908283 2000
956910283 1000
824 956911283
956912107 2000000
958912107 200000
959112107 100000
959212107 40000
959252107 4000
918 959256107
959257025 200000
959457025 40000
959497025 20000
959517025 10872
959527897 4000
959531897 1000
789 959532897
959533686 2000000
961533686 400000
961933686 100000
962033686 40000
962073686 20000
962093686 4000
962097686 2000
962099686 1000
40 962100686
962100726 2000000
964100726 1000000
965100726 800000
965900726 40000
965940726 20000
965960726 400
108 965961126
965961234 200000
966161234 100000
966261234 80000
966341234 10872
966352106 400
966352506 200
966352706 100
2 966352806
966352808 1000000
967352808 200000
967552808 40000
967592808 4000
967596808 1000
967597808 400
967598208 200
15 967598408
967598423 800000
968398423 100000
968498423 20000
968518423 8000
968526423 1000
968527423 200
968527623 17
1 968527640
968527641 800000
969327641 40000
969367641 8000
969375641 100
969375741 20
969375761 20
969375781 20
969375801 17
1 969375818
969375819 80000
969455819 8000
969463819 1000
969464819 20
969464839 20
969464859 10
2 969464869
969464871 2000000
971464871 1000000
972464871 800000
973264871 40000
973304871 10872
973315743 1000
973316743 80
1 973316823
973316824 800000
974116824 40000
974156824 20000
974176824 2000
974178824 400
974179224 100
974179324 80
2 974179404
974179406 4000000
978179406 2000000
980179406 20000
980199406 10872
980210278 2000
980212278 200
980212478 100
980212578 80
1 980212658
980212659 400000
980612659 200000
980812659 100000
980912659 80000
980992659 10872
981003531 200
981003731 100
981003831 20
981003851 10
2 981003861
981003863 4000000
985003863 2000000
987003863 1000000
988003863 40000
988043863 10872
988054735 4000
988058735 1000
988059735 800
988060535 10
1 988060545
988060546 4000000
992060546 2000000
994060546 1000000
995060546 4000
995064546 2000
222 995066546
995066768 400000
995466768 10872
995477640 2000
995479640 1000
995480640 800
995481440 100
995481540 10
2 995481550
995481552 400000
995881552 200000
996081552 100000
996181552 40000
996221552 20000
996241552 10872
996252424 1000
809 996253424
996254233 2000000
998254233 100000
998354233 40000
998394233 4000
998398233 1000
918 998399233
998400151 400000
998800151 40000
998840151 20000
998860151 10872
998871023 4000
998875023 1000
747 998876023
