2661
1 1
2 2
4 4
8 2
10 10
20 20
40 40
80 20
100 100
200 200
400 400
800 200
1000 1000
2000 2000
4000 4000
8000 2000
10000 10000
20000 20000
40000 40000
80000 20000
100000 100000
200000 200000
400000 400000
800000 200000
1000000 1000000
2 1
20 10
200 100
2000 1000
20000 10000
200000 100000
2000000 1000000
3 1
30 10
300 100
3000 1000
30000 10000
300000 100000
3000000 1000000
4 1
40 10
400 100
4000 1000
40000 10000
400000 100000
3000000 2000000
4 2
40 20
400 200
4000 2000
40000 20000
400000 200000
4000000 2000000
5 2
50 20
500 200
5000 2000
50000 20000
500000 200000
4000000 3000000
4 4
40 40
400 400
4000 4000
40000 40000
400000 400000
5000000 3000000
8 1
80 10
800 100
8000 1000
80000 10000
800000 100000
5000000 4000000
4 1
5 2
8 1
5 10
15 2
20 1
20 4
24 2
20 10
30 4
34 1
35 2
35 4
30 10
40 1
24 39
60 4
63 4
60 8
67 2
67 8
75 8
21 75
83 20
100 4
104 2
100 8
103 8
104 10
67 50
111 8
80 40
111 10
114 8
104 20
117 10
119 10
129 4
96 40
136 2
119 20
100 40
103 40
108 40
129 20
136 20
117 40
121 40
148 20
129 40
168 4
172 2
136 40
157 20
177 10
90 100
90 103
156 40
200 2
202 1
200 4
203 8
203 10
136 80
211 10
202 20
203 20
204 20
223 4
211 20
213 20
227 10
200 40
221 20
124 122
227 20
241 8
216 40
256 2
240 20
221 40
224 40
261 4
249 20
265 10
246 40
249 40
211 80
216 80
289 8
200 100
300 10
310 4
221 100
321 2
323 4
327 1
310 20
327 10
328 10
337 2
300 40
338 8
310 40
275 80
338 20
340 20
355 10
103 269
365 8
337 40
300 80
380 4
314 80
355 40
377 20
400 1
401 4
400 8
405 8
401 20
413 10
421 10
413 20
223 213
431 8
401 40
405 40
436 10
358 100
421 40
423 40
445 20
446 20
461 8
466 4
470 2
433 40
436 40
469 8
476 8
446 40
408 80
469 20
395 100
400 100
500 2
502 1
500 4
503 4
507 2
504 10
504 20
524 4
524 8
514 20
337 200
537 2
504 40
537 8
509 40
545 8
202 360
528 40
549 20
553 20
534 40
545 40
213 377
202 394
202 397
600 2
600 4
507 100
607 4
602 20
604 20
549 80
602 40
642 1
568 80
629 20
611 40
643 10
651 4
651 10
622 40
337 330
629 40
651 20
662 10
669 10
600 80
604 80
607 80
648 40
611 80
672 20
679 20
700 4
704 1
704 2
705 4
700 10
709 2
704 8
709 8
710 8
709 10
719 4
706 20
655 80
717 20
718 20
737 4
706 40
737 10
709 40
711 40
746 8
735 20
735 40
775 1
706 80
747 40
709 80
711 80
712 80
755 40
718 80
719 80
400 400
723 80
803 2
805 1
803 4
805 4
806 8
806 10
809 10
800 20
803 20
814 10
807 20
823 10
827 8
833 8
841 1
803 40
806 40
846 2
842 8
841 10
842 10
833 20
835 20
819 40
823 40
848 20
835 40
842 40
806 80
848 40
850 40
851 40
852 40
814 80
888 10
900 2
902 4
906 1
900 8
900 10
907 4
908 10
911 8
900 20
401 524
906 20
919 10
925 10
926 10
900 40
906 40
910 40
936 20
918 40
919 40
929 40
969 2
894 80
936 40
969 8
958 20
971 10
902 80
907 80
969 20
911 80
919 80
600 841
6000 275
6275 10
7000 936
7936 1
10000 868
10868 4
20000 1441
21441 70
21511 3000
24511 275
24786 2
24788 2000
26788 500
27288 1000
28288 423
28711 5
28288 4000
32288 1441
33729 477
34206 2
204 34208
34412 1441
35853 484
36337 1
36338 1000
37338 10
37348 1
40000 3000
43000 161
5 43161
43166 4000
47166 117
47283 1
472 47166
60000 1441
61441 423
61864 6
61870 3000
64870 330
65200 1
65201 1000
66201 114
66315 3000
69315 35
69350 1
820 70000
296 70820
71116 4000
75116 514
75630 3
291 80000
80291 3000
83291 723
84014 2000
86014 408
86422 1
90000 1441
91441 249
91690 4
100000 41
100041 5
100046 10872
110918 2000
112918 607
113525 3
113528 6285
119813 50
119863 2
119865 3000
122865 562
123427 5
123432 3000
126432 247
126679 1
123427 10000
149 133427
133576 8000
141576 835
142411 3
142414 4000
146414 177
718 146591
147309 5000
152309 395
152704 2000
154704 275
154979 8
154987 75
155062 1
155063 5000
160063 355
160418 3000
163418 843
164261 1
164262 1000
165262 75
165337 8000
173337 395
173732 1
173733 2000
175733 800
176533 1
176533 4
176537 4000
180537 261
180798 6000
186798 21
186819 2
186821 330
187151 1
187152 4000
191152 692
191844 1
191845 2000
193845 835
194680 2000
196680 289
200000 3000
203000 712
203712 1
431 203712
204143 1441
205584 143
205727 2000
207727 868
208595 4
792 208599
971 209391
210362 4000
214362 629
214991 9
215000 143
215143 1
215144 4000
219144 446
219590 10
219600 1
219601 1441
221042 41
221083 1441
222524 549
223073 3
223076 755
223831 10
223841 1
223842 1441
225283 380
225663 1
225664 2000
227664 117
227781 1
227782 1000
228782 83
228865 2
228867 2000
230867 807
231674 1
231675 1441
233116 384
233500 1
233501 4000
237501 982
238483 1
238484 6285
244769 495
245264 2
245266 7000
252266 755
253021 7
253028 10872
263900 3000
266900 261
267161 1
267162 2000
269162 355
269517 8000
277517 114
277631 1441
279072 41
279113 5
279118 1441
280559 41
280600 8
280608 3000
283608 574
284182 6
284188 10872
295060 2000
297060 926
297986 2
114 300000
300114 4000
304114 213
304327 2
304329 1000
305329 314
305643 5
305648 5000
310648 700
311348 2
311350 5000
316350 473
316823 2000
318823 261
319084 1
319085 10872
329957 1000
330957 380
331337 1
331338 1000
332338 384
332722 4
332726 2000
334726 196
334922 1
334923 1441
336364 202
989 336566
69 337555
337624 157
337781 2
337783 1000
338783 177
338960 4
338964 2000
340964 946
341910 489
342399 5
342404 6285
348689 604
349293 1
405 349294
349699 2000
351699 514
352213 9
624 351699
405 352323
352728 6285
359013 624
359637 3
359640 5000
364640 413
365053 2
365055 1000
366055 100
366155 1
366156 2000
368156 83
368239 1
368240 83
368323 3
368326 2000
370326 611
370937 3
370940 2000
372940 662
373602 4
373606 1441
375047 355
375402 2
375404 7000
382404 629
383033 4
30 383037
383067 2000
385067 971
386038 2
37348 351699
24786 368240
90 400000
65200 334922
400122 1441
401563 500
402063 4000
406063 96
406159 1
406160 7000
413160 83
413243 4
413247 1000
414247 384
414631 4000
418631 661
419292 5000
424292 545
424837 2
424839 590
425429 3
193845 233116
426961 1441
428402 143
428545 3
428548 5000
433548 360
433908 1
433909 3000
436909 408
437317 3
437320 1000
438320 75
438395 1
438396 1000
439396 204
439600 2
439602 4000
443602 413
444015 4
265 444019
444284 3000
447284 841
448125 10000
458125 75
458200 607
458807 1
458808 10872
469680 3000
472680 888
473568 1
473569 3000
476569 971
477540 174
477714 1
47284 444015
491299 2000
493299 408
35853 458807
494660 4000
498660 358
499018 314
499332 4
500000 350
500350 1
500351 26
500377 1
500378 2000
502378 34
122865 383033
505898 2000
507898 365
508263 2000
510263 684
510947 5000
515947 503
516450 920
517370 3
517373 859
518232 3
518235 2000
520235 157
520392 3
875 520392
521267 514
521781 1
164261 364640
528901 10000
538901 524
539425 2
395 539427
225663 316823
542486 2000
544486 26
544512 1
227781 316823
544604 2000
546604 549
547153 3
809 546604
547413 7000
554413 919
555332 1441
556773 504
557277 2
557279 602
557881 1
557882 3000
560882 177
746 560882
561628 4000
565628 373
566001 3
566004 4000
570004 629
570633 10
570643 1
228865 349699
578564 2000
580564 553
581117 1
581118 3000
584118 70
584188 1
584189 2000
586189 500
586689 1
586690 1441
588131 340
588471 3
43000 546604
589604 2000
591604 509
592113 2000
594113 149
594262 6
75633 520395
600000 5000
605000 486
605486 1
605487 1000
606487 83
606570 3
606573 4000
610573 439
611012 3000
614012 537
614549 1000
615549 261
119813 499336
619149 4000
623149 365
623514 1
623515 2000
625515 408
625923 1441
627364 143
627507 726
628233 4
5000 623515
37348 591604
628952 1000
629952 172
630124 1
630125 1000
631125 75
631200 585
631785 4
631789 83
631872 1
275 631873
569 632148
241 632717
863 632717
633580 4000
637580 237
637817 2
238484 400090
638574 5000
643574 213
643787 2
643789 940
644729 5
644734 1000
645734 423
646157 5
646162 3000
649162 868
650030 2000
652030 798
652828 3000
655828 384
656212 3
656215 2000
658215 991
659206 7
659213 4000
663213 855
664068 3
258 664071
706 664329
665035 1441
666476 30
666506 7000
673506 149
673655 3
673658 2000
675658 233
675891 3
675894 1441
677335 75
677410 1
677411 1441
678852 204
679056 2
350 679058
164262 515947
680209 1441
681650 10
681660 1
681661 2000
683661 423
684084 3000
687084 275
687359 8000
695359 463
695822 1
695823 3000
698823 157
698980 1
700000 3000
703000 476
359637 352213
711850 2000
713850 224
714074 2
65201 650030
470 715231
715701 2000
717701 680
718381 3
718384 2000
720384 157
720541 3
863 720384
721247 6285
727532 300
727832 9
727841 1441
729282 41
729323 4
729327 1000
730327 224
730551 4000
734551 898
336364 402063
738427 3000
741427 340
741767 4
554413 200000
754413 2000
756413 365
756778 5
756783 2000
758783 289
759072 1
759073 6000
765073 177
765250 9
765259 3000
768259 50
768309 3
768312 50
768362 4
768366 75
768441 2
768443 1441
769884 122
770006 1
770007 8000
778007 700
778707 1
778708 4000
782708 553
783261 8000
791261 846
792107 1
792108 1000
793108 177
793285 3
800000 2000
802000 819
193845 614012
807857 2000
809857 629
810486 2000
812486 911
813397 1
813398 8000
821398 310
821708 3
821711 2000
823711 611
824322 4000
828322 258
828580 1
828581 21511
850092 1441
851533 441
851974 2
851976 6000
857976 204
858180 2
754 858182
240 858936
214991 644734
859725 4000
863725 124
863849 1
337 863850
864187 8000
872187 384
872571 4
872575 911
873486 2
873488 3000
876488 868
877356 5
877361 10872
888233 2000
890233 863
891096 4
191844 700000
891844 5000
896844 75
896919 1
900000 5000
905000 473
905473 835
906308 2
906310 2000
908310 667
193845 720384
914229 1441
915670 241
915911 2
915913 408
916321 1
916322 3000
919322 886
920208 1441
921649 193
921842 1
921843 330
922173 1
366055 557881
923936 712
924648 4
924652 5000
929652 959
930611 7
930618 4000
934618 157
934775 3
934778 3000
937778 358
938136 1
352213 588471
940684 882
941566 3
941569 4000
945569 545
946114 1
946115 1441
947556 524
948080 3
948083 3000
951083 868
951951 6
951957 2000
953957 275
954232 7
667 954232
954899 2000
956899 859
957758 10872
968630 7000
975630 868
976498 1
976499 3000
979499 413
979912 1
979913 1000
980913 172
981085 1
300000 681660
981660 3000
984660 365
985025 1
984660 4000
988660 75
988735 4
221083 770006
991089 5000
996089 596
996685 2
476569 521782
9000000 1000000
10000000 187152
10187152 330
10187482 2
10187484 2000000
12187484 957758
13145242 9000
13154242 384
13154626 6
13154632 1000000
14154632 437320
14591952 350
14592302 8000000
22592302 75633
22667935 4000
22671935 30
22671965 3
22671968 1000000
23671968 419292
24091260 4000
24095260 755
24096015 3
24096018 1000000
25096018 770007
25866025 3000
25869025 672
25869697 5
25869702 2000000
27869702 703476
28573178 6000
28579178 120
28579298 727841
29307139 1000
29308139 265
29308404 2000000
31308404 566004
31874408 221
31874629 7000000
38874629 877361
39751990 1441
39753431 265
39753696 2
39753698 2000000
41753698 50000
41803698 7000
41810698 553
41811251 8
41811259 1000000
42811259 200000
43011259 726
43011985 3
43011988 160418
43172406 2000
43174406 800
43175206 1000000
44175206 334923
44510129 1000
44511129 161
44511290 2000000
46511290 469680
46980970 2000
46982970 809
46983779 10872
46994651 3000
46997651 738
46998389 2
46998391 1000000
47998391 319085
48317476 9000
48326476 950
48327426 1
48327427 5000
48332427 946
48333373 1000000
49333373 991089
50324462 3000
50327462 982
50328444 3
50328447 7000000
57328447 718384
58046831 1000
58047831 355
58048186 2000
58050186 472
58050658 10187484
68238142 828581
69066723 10000
69076723 700
69077423 2000000
71077423 502412
71579835 1441
71581276 203
71581479 2000000
73581479 521782
74103261 5000
74108261 149
74108410 4
74108414 1000000
75108414 205727
75314141 1000
75315141 423
75315564 3
75315567 2000000
77315567 66315
77381882 247
77382129 1
77382130 3000000
80382130 778708
81160838 2000
81162838 408
81163246 3
81163249 2000000
83163249 37349
83200598 1441
83202039 384
83202423 3
83202426 1000000
84202426 319085
84521511 5000
84526511 746
84527257 633580
85160837 2000
85162837 700
85163537 1
85163538 3000000
88163538 180798
88344336 2000
88346336 269
88346605 4
88346609 3000000
91346609 33729
91380338 394
91380732 1000000
92380732 922174
93302906 514
93303420 1
93303421 4000000
97303421 401
97303822 5000000
102303822 557882
102861704 2000
102863704 350
102864054 4
102864058 684084
103548142 1000
103549142 240
103549382 8000000
111549382 873488
112422870 1441
112424311 328
112424639 2000000
114424639 800000
115224639 1441
115226080 413
115226493 6
115226499 1000000
116226499 594268
116820767 723
116821490 2
116821492 703476
117524968 7000
117531968 786
117532754 1000000
118532754 283608
118816362 340
118816702 3
118816705 1000000
119816705 615810
120432515 1000
120433515 26
120433541 3
120433544 133576
120567120 5000
120572120 300
120572420 2
120572422 7000000
127572422 521782
128094204 6285
128100489 174
128100663 1000000
129100663 502412
129603075 2000
129605075 35
129605110 1
129605111 1000000
130605111 210362
130815473 940
130816413 4
130816417 10187484
141003901 1000000
142003901 948083
142951984 607
142952591 1
142952592 985026
143937618 3000
143940618 216
143940834 3
143940837 623515
144564352 310
144564662 3
144564665 3000000
147564665 584189
148148854 1441
148150295 360
148150655 7000000
155150655 155063
155305718 3000
155308718 624
155309342 4
155309346 3000000
158309346 888233
159197579 1000
159198579 80
159198659 2
159198661 165337
159363998 7000
159370998 604
159371602 6000000
165371602 100046
165471648 3000
165474648 149
165474797 2
165474799 3000000
168474799 364640
168839439 395
168839834 1
168839835 1000000
169839835 277631
170117466 846
170118312 968630
171086942 3000
171089942 121
171090063 1000000
172090063 687359
172777422 7000
172784422 894
172785316 1
172785317 406160
173191477 6285
173197762 680
173198442 2
173198444 1000000
174198444 91694
174290138 1000
174291138 275
174291413 5
174291418 1000000
175291418 521782
175813200 5000
175818200 726
175818926 5000000
180818926 113528
180932454 2000
180934454 495
180934949 2
180934951 623515
181558466 1441
181559907 261
181560168 1
181560169 3000000
184560169 311350
184871519 3000
184874519 177
184874696 1
184874697 700000
185574697 946
185575643 2
185575645 924652
186500297 2000
186502297 405
186502702 2000000
188502702 924652
189427354 157
189427511 3
189427514 741771
190169285 10872
190180157 1000
190181157 423
190181580 1
190181581 638574
190820155 4000
190824155 408
190824563 2
190824565 1000000
191824565 21511
191846076 463
191846539 1
191846540 2000000
193846540 21511
193868051 737
193868788 1000000
194868788 493707
195362495 800
195363295 469680
195832975 269
195833244 3
195833247 1000000
196833247 126680
196959927 2000
196961927 177
196962104 1
196962105 3000000
199962105 561628
200523733 2000
200525733 473
200526206 1
200526207 3000000
203526207 448125
203974332 8000
203982332 21
203982353 2
203982355 2000000
205982355 10000
205992355 377
205992732 1000000
206992732 638574
207631306 2000
207633306 323
207633629 2
207633631 4000000
211633631 267162
211900793 373
211901166 2
211901168 3000000
214901168 547413
215448581 4000
215452581 83
215452664 5
215452669 21511
215474180 241
215474421 2
215474423 592113
216066536 1441
216067977 549
216068526 2
216068528 3000
216071528 241
216071769 4
216071773 6000000
222071773 419292
222491065 1441
222492506 129
222492635 2
222492637 491299
222983936 816
222984752 2
222984754 3000000
225984754 6285
225991039 672
225991711 2
225991713 393026
226384739 1441
226386180 484
226386664 1000000
227386664 625923
228012587 446
228013033 1
228013034 319085
228332119 1441
228333560 41
228333601 7
228333608 2000000
230333608 319085
230652693 9000
230661693 747
230662440 319085
230981525 1441
230982966 75
230983041 4
230983045 628952
231611997 853
231612850 100046
231712896 5000
231717896 929
231718825 5
231718830 828581
232547411 9000
232556411 10
232556421 4
232556425 3000000
235556425 703476
236259901 8000
236267901 216
236268117 4
236268121 1000000
237268121 596028
237864149 275
237864424 2
237864426 730551
238594977 1441
238596418 463
238596881 253028
238849909 3000
238852909 642
238853551 1000000
239853551 126680
239980231 4000
239984231 741
239984972 3
239984975 1000000
240984975 8000
240992975 111
240993086 1
240993087 4000000
244993087 570644
245563731 2000
245565731 129
245565860 2
245565862 1000000
246565862 448125
247013987 7937
247021924 50
247021974 1000000
248021974 7000
248028974 286
248029260 9000000
257029260 448125
257477385 5000
257482385 258
257482643 1
257482644 2000000
259482644 253028
259735672 5000
259740672 755
259741427 17
259741444 1
259741445 176537
259917982 726
259918708 8
259918716 1000000
260918716 477715
261396431 2000
261398431 688
261399119 2
261399121 1000000
262399121 133576
262532697 1000
262533697 289
262533986 1000000
263533986 393026
263927012 604
263927616 521782
264449398 1000
264450398 70
264450468 180798
264631266 433
264631699 1
264631700 1000000
265631700 957758
266589458 1000
266590458 223
266590681 4000000
270590681 611012
271201693 2000
271203693 216
271203909 1
271203910 215144
271419054 1441
271420495 286
271420781 3000000
274420781 165337
274586118 1000
274587118 350
274587468 1
274587469 1000000
275587469 695823
276283292 2000
276285292 169
276285461 3000000
279285461 900000
280185461 524
280185985 3
280185988 1000000
281185988 698981
281884969 624
281885593 375404
282260997 6285
282267282 607
282267889 3
282267892 368326
282636218 35
282636253 929652
283565905 711
283566616 1000000
284566616 957758
285524374 8000
285532374 755
285533129 17
285533146 2
285533148 1000000
286533148 100046
286633194 4000
286637194 161
286637355 6
286637361 1000000
287637361 84014
287721375 377
287721752 1
287721753 1000000
288721753 872187
289593940 114
289594054 1
289594055 10872
289604927 6285
289611212 667
289611879 1
289611880 1000000
290611880 110918
290722798 855
290723653 3
290723656 4000000
294723656 176537
294900193 3000
294903193 655
294903848 3
294903851 896920
295800771 1441
295802212 297
295802509 2
295802511 5000000
300802511 10872
300813383 204
300813587 3000000
303813587 186821
304000408 108
304000516 1
304000517 180798
304181315 4000
304185315 20
304185335 263900
304449235 50
304449285 2
304449287 3000000
307449287 864187
308313474 4000
308317474 539
308318013 4
308318017 1000000
309318017 147309
309465326 2000
309467326 377
309467703 2
309467705 2000000
311467705 91694
311559399 122
311559521 1
311559522 10872
311570394 1441
311571835 5
311571840 2000000
313571840 30000
313601840 495
313602335 1
313602336 3000000
316602336 510947
317113283 3000
317116283 514
317116797 4
317116801 1000000
318116801 122865
318239666 30
318239696 9000000
327239696 592113
327831809 827
327832636 2000000
329832636 821711
330654347 888
330655235 1000000
331655235 656215
332311450 846
332312296 2000000
334312296 615810
334928106 1441
334929547 514
334930061 1000000
335930061 389047
336319108 3000
336322108 177
336322285 6
336322291 1000000
337322291 448125
337770416 7000
337777416 193
337777609 1
337777610 311350
338088960 4000
338092960 187
338093147 2
338093149 458200
338551349 524
338551873 1
338551874 2000000
340551874 802819
341354693 4000
341358693 900
341359593 1000000
342359593 741771
343101364 8000
343109364 886
343110250 812486
343922736 256
343922992 1
343922993 5000000
348922993 64870
348987863 15
348987878 1
348987879 3000000
351987879 8000
351995879 70
351995949 1
351995950 2000000
353995950 225283
354221233 247
354221480 1
354221481 245266
354466747 6000
354472747 264
354473011 2000000
356473011 631873
357104884 227
357105111 1
357105112 1000000
358105112 319085
358424197 5000
358429197 590
358429787 3
358429790 1000000
359429790 953957
360383747 227
360383974 2
360383976 359640
360743616 2000
360745616 269
360745885 1
360745886 3000000
363745886 633580
364379466 484
364379950 1
364379951 4000000
368379951 477540
368857491 124
368857615 1
368857616 700000
369557616 2000
369559616 172
369559788 1
369559789 1000000
370559789 100046
370659835 3000
370662835 868
370663703 6
370663709 7000000
377663709 703476
378367185 6000
378373185 216
378373401 1
378373402 1000000
379373402 630125
380003527 735
380004262 1
380004263 735449
380739712 470
380740182 1
380740183 518235
381258418 1441
381259859 441
381260300 2
381260302 5000000
386260302 703476
386963778 7937
386971715 30
386971745 3000000
389971745 165337
390137082 5000
390142082 843
390142925 1
390142926 2000000
392142926 703000
392845926 240
392846166 4000000
396846166 734551
397580717 611
397581328 10
397581338 1000000
398581338 50000
398631338 8000
398639338 83
398639421 4
398639425 10187484
408826909 375404
409202313 2000
409204313 875
409205188 6
409205194 2000000
411205194 759073
411964267 3000
411967267 549
411967816 1
411967817 3000000
414967817 996687
415964504 1000
415965504 413
415965917 7
415965924 666506
416632430 611
416633041 5
416633046 2000000
418633046 741771
419374817 1441
419376258 10
419376268 4
419376272 2000000
421376272 155063
421531335 2000
421533335 911
421534246 3000000
424534246 813398
425347644 5000
425352644 549
425353193 2
425353195 2000000
427353195 269517
427622712 2000
427624712 10
427624722 4
427624726 477715
428102441 5000
428107441 50
428107491 890233
428997724 373
428998097 2000000
430998097 734551
431732648 129
431732777 3
431732780 269517
432002297 122
432002419 859725
432862144 1000
432863144 384
432863528 9
432863537 477715
433341252 10872
433352124 1441
433353565 489
433354054 4
433354058 2000000
435354058 252266
435606324 377
435606701 1000000
436606701 872187
437478888 50
437478938 3
437478941 7000000
444478941 828581
445307522 10872
445318394 6000
445324394 50
445324444 2
445324446 4000000
449324446 349294
449673740 177
449673917 6
449673923 2000000
451673923 406160
452080083 5000
452085083 712
452085795 2
452085797 7000000
459085797 269517
459355314 3000
459358314 562
459358876 666506
460025382 4000
460029382 755
460030137 3
460030140 1000000
461030140 414631
461444771 1000
461445771 204
461445975 2
461445977 1000000
462445977 330957
462776934 168
462777102 2000000
464777102 133576
464910678 6285
464916963 394
464917357 2000000
466917357 253028
467170385 4000
467174385 611
467174996 2
467174998 3000000
470174998 352728
470527726 5000
470532726 751
470533477 4000000
474533477 305648
474839125 2000
474841125 446
474841571 547413
475388984 6285
475395269 700
475395969 386040
475782009 946
475782955 1
475782956 2000000
477782956 329957
478112913 413
478113326 5
478113331 1000000
479113331 521782
479635113 5000
479640113 868
479640981 5
479640986 165337
479806323 4000
479810323 859
479811182 3
479811185 2000000
481811185 406160
482217345 275
482217620 8
482217628 721247
482938875 6000
482944875 177
482945052 1
482945053 4000000
486945053 968630
487913683 1441
487915124 484
487915608 1000000
488915608 957758
489873366 1000
489874366 327
489874693 1000000
490874693 43166
490917859 843
490918702 245266
491163968 6285
491170253 446
491170699 1000000
492170699 851976
493022675 1441
493024116 275
493024391 5
493024396 3000000
496024396 729327
496753723 26
496753749 373606
497127355 692
497128047 1
497128048 2000000
499128048 828581
499956629 10872
499967501 6285
499973786 148
499973934 2000000
501973934 968630
502942564 337
502942901 458808
503401709 6000
503407709 211
503407920 164262
503572182 17
503572199 1
503572200 4000000
507572200 110918
507683118 83
507683201 5
507683206 2000000
509683206 458808
510142014 4000
510146014 789
510146803 1
510146804 253028
510399832 8000
510407832 524
510408356 2
510408358 2000000
512408358 86423
512494781 2000
512496781 380
512497161 4000000
516497161 735449
517232610 841
517233451 951957
518185408 629
518186037 5
518186042 5000000
523186042 10872
523196914 6285
523203199 524
523203723 2
523203725 469680
523673405 17
523673422 1000000
524673422 951957
525625379 275
525625654 8
525625662 1000000
526625662 50000
526675662 9000
526684662 643
526685305 4
526685309 1000000
527685309 458808
528144117 6285
528150402 122
528150524 1
528150525 6000000
534150525 477715
534628240 6285
534634525 104
534634629 305648
534940277 3000
534943277 755
534944032 3
534944035 1000000
535944035 570004
536514039 83
536514122 5
536514127 406160
536920287 5000
536925287 700
536925987 3
536925990 4000000
540925990 200000
541125990 776
541126766 1
541126767 735449
541862216 2000
541864216 823
541865039 547413
542412452 692
542413144 2
542413146 802819
543215965 3000
543218965 149
543219114 2
543219116 2000000
545219116 20000
545239116 1000
545240116 161
545240277 1
545240278 32288
545272566 726
545273292 2
545273294 10187484
555460778 1000000
556460778 406160
556866938 2000
556868938 982
556869920 1
556869921 1000000
557869921 625923
558495844 1000
558496844 75
558496919 3
558496922 700000
559196922 2000
559198922 911
559199833 3
559199836 754413
559954249 1441
559955690 373
559956063 3000000
562956063 828581
563784644 10872
563795516 2000
563797516 528
563798044 1000000
564798044 311350
565109394 569
565109963 1000000
566109963 494660
566604623 3000
566607623 982
566608605 3
566608608 5000000
571608608 596028
572204636 719
572205355 3
572205358 6000000
578205358 245266
578450624 5000
578455624 717
578456341 10187484
588643825 1000000
589643825 561628
590205453 2000
590207453 726
590208179 2
590208181 3000000
593208181 237501
593445682 408
593446090 1
593446091 1000000
594446091 253028
594699119 1000
594700119 64
594700183 6000000
600700183 319085
601019268 10000
601029268 350
601029618 4
601029622 1000000
602029622 100046
602129668 7
602129675 715701
602845376 380
602845756 3
602845759 6000000
608845759 968630
609814389 649
609815038 2000000
611815038 807857
612622895 991
612623886 7
612623893 4000000
616623893 934618
617558511 10
617558521 1
617558522 3000000
620558522 50000
620608522 64
620608586 1
620608587 1000000
621608587 147309
621755896 3000
621758896 835
621759731 5
621759736 1000000
622759736 165337
622925073 1441
622926514 136
622926650 6000000
628926650 448125
629374775 7000
629381775 233
629382008 3000000
632382008 703476
633085484 2000
633087484 596
633088080 2
633088082 7000000
640088082 930618
641018700 17
641018717 4000000
645018717 638574
645657291 2000
645659291 982
645660273 2
645660275 1000000
646660275 428548
647088823 4000
647092823 719
647093542 2
647093544 3000000
650093544 679058
650772602 111
650772713 1
650772714 342404
651115118 3000
651118118 190
651118308 5000000
656118308 659213
656777521 2000
656779521 275
656779796 8
656779804 155063
656934867 3000
656937867 726
656938593 4
656938597 319085
657257682 8000
657265682 10
657265692 2
657265694 1000000
658265694 61441
658327135 300
658327435 9
658327444 319085
658646529 4000
658650529 24
658650553 1
658650554 3000000
661650554 47638
661698192 1441
661699633 30
661699663 2
661699665 1000000
662699665 305648
663005313 2000
663007313 477
663007790 1
663007791 4000000
667007791 606573
667614364 2000
667616364 940
667617304 3
667617307 2000000
669617307 223842
669841149 1000
669842149 161
669842310 4
669842314 1000000
670842314 517373
671359687 700
671360387 2
671360389 3000000
674360389 133576
674493965 2000
674495965 809
674496774 2
674496776 828581
675325357 10000
675335357 607
675335964 6000000
681335964 269517
681605481 6000
681611481 60
681611541 2
681611543 1000000
682611543 71116
682682659 1000
682683659 405
682684064 1
682684065 1000000
683684065 215144
683899209 2000
683901209 433
683901642 1
683901643 4000000
687901643 253028
688154671 7000
688161671 261
688161932 3000000
691161932 8000
691169932 726
691170658 2
691170660 957758
692128418 6285
692134703 340
692135043 2
692135045 3000000
695135045 864187
695999232 289
695999521 850092
696849613 300
696849913 6
696849919 528901
697378820 6285
697385105 41
697385146 8
697385154 1000000
698385154 338964
698724118 888
698725006 1
698725007 6000000
704725007 544604
705269611 373
705269984 1
705269985 284188
705554173 5000
705559173 10
705559183 4
705559187 4000000
709559187 319085
709878272 6285
709884557 384
709884941 1
709884942 1000000
710884942 280608
711165550 1000
711166550 265
711166815 3
711166818 90000
711256818 719
711257537 1
711257538 414631
711672169 2000
711674169 83
711674252 6
711674258 1000000
712674258 402063
713076321 1441
713077762 340
713078102 2
713078104 3000000
716078104 438396
716516500 590
716517090 3
716517093 6000000
722517093 802819
723319912 4000
723323912 261
723324173 8000000
731324173 615549
731939722 70
731939792 4
731939796 727841
732667637 330
732667967 1
732667968 600000
733267968 3000
733270968 946
733271914 3
733271917 4000000
737271917 91694
737363611 5000
737368611 643
737369254 1
737369255 3000000
740369255 547413
740916668 2000
740918668 177
740918845 9
740918854 50000
740968854 9000
740977854 859
740978713 2
740978715 3000000
743978715 703476
744682191 3000
744685191 340
744685531 5
744685536 1000000
745685536 284188
745969724 4000
745973724 177
745973901 9
745973910 735449
746709359 680
746710039 2
746710041 3000000
749710041 946115
750656156 300
750656456 802819
751459275 3000
751462275 562
751462837 4
751462841 738427
752201268 90
752201358 5
752201363 1000000
753201363 126680
753328043 655
753328698 4
753328702 687359
754016061 5000
754021061 433
754021494 2
754021496 1000000
755021496 778708
755800204 3000
755803204 373
755803577 2
755803579 4000000
759803579 366156
760169735 755
760170490 10
760170500 2
760170502 687359
760857861 859
760858720 3000000
763858720 920208
764778928 169
764779097 3000000
767779097 35853
767814950 26
767814976 1
767814977 4000000
771814977 253028
772068005 2000
772070005 360
772070365 4
772070369 86423
772156792 1441
772158233 291
772158524 3
772158527 160418
772318945 1441
772320386 405
772320791 1
772320792 1000000
773320792 555332
773876124 1000
773877124 405
773877529 2
773877531 12187484
786065015 113528
786178543 6000
786184543 100
786184643 196969
786381612 2000
786383612 712
786384324 1
786384325 80291
786464616 1441
786466057 355
786466412 3000000
789466412 155063
789621475 4000
789625475 129
789625604 3
789625607 1000000
790625607 778708
791404315 477
791404792 2
791404794 4000000
795404794 717701
796122495 539
796123034 3
796123037 2000000
798123037 50000
798173037 4000
798177037 69
798177106 2000000
800177106 570644
800747750 7000
800754750 553
800755303 3
800755306 6000000
806755306 253028
807008334 10000
807018334 247
807018581 1
807018582 2000000
809018582 373606
809392188 875
809393063 5
809393068 1000000
810393068 448125
810841193 2000
810843193 786
810843979 3000000
813843979 338964
814182943 1441
814184384 149
814184533 1
814184534 5000000
819184534 770007
819954541 7000
819961541 704
819962245 6000000
825962245 502412
826464657 3000
826467657 190
826467847 663213
827131060 37
827131097 1
827131098 493707
827624805 246
827625051 2000000
829625051 210362
829835413 2000
829837413 929
829838342 3
829838345 187152
830025497 3000
830028497 741
830029238 3
830029241 10187484
840216725 650030
840866755 1441
840868196 227
840868423 200000
841068423 726
841069149 8
841069157 1000000
842069157 494660
842563817 553
842564370 891844
843456214 1000
843457214 39
843457253 2000000
845457253 210362
845667615 495
845668110 1
845668111 7000000
852668111 373606
853041717 70
853041787 340964
853382751 26
853382777 2
853382779 7000000
860382779 721247
861104026 2000
861106026 365
861106391 1
861106392 1000000
862106392 570644
862677036 1000
862678036 156
862678192 5000000
867678192 783261
868461453 3000
868464453 755
868465208 9
868465217 561628
869026845 3000
869029845 476
869030321 1000000
870030321 279118
870309439 1000
870310439 203
870310642 1000000
871310642 133576
871444218 5000
871449218 463
871449681 1
871449682 2000000
873449682 61870
873511552 2000
873513552 902
873514454 2
873514456 714076
874228532 562
874229094 2
874229096 1000000
875229096 352728
875581824 3000
875584824 463
875585287 1
875585288 2000000
877585288 253028
877838316 4000
877842316 875
877843191 5
877843196 253028
878096224 7000
878103224 83
878103307 7000000
885103307 741771
885845078 5000
885850078 384
885850462 5000000
890850462 253028
891103490 6285
891109775 446
891110221 10
891110231 1
891110232 2000000
893110232 269517
893379749 655
893380404 3
893380407 9000000
902380407 342404
902722811 50
902722861 6
902722867 1000000
903722867 433548
904156415 297
904156712 1
904156713 570004
904726717 514
904727231 7
904727238 4000000
908727238 406160
909133398 2000
909135398 946
909136344 1
909136345 1000000
910136345 810486
910946831 1000
910947831 314
910948145 6
910948151 793288
911741439 2000
911743439 894
911744333 3
911744336 7000000
918744336 75633
918819969 2000
918821969 709
918822678 754413
919577091 1000
919578091 360
919578451 3
919578454 1000000
920578454 75633
920654087 139
920654226 721247
921375473 1000
921376473 143
921376616 2
921376618 4000000
925376618 359640
925736258 1441
925737699 337
925738036 4000000
929738036 50000
929788036 8000
929796036 827
929796863 3
929796866 3000000
932796866 738427
933535293 1000
933536293 275
933536568 33729
933570297 286
933570583 2
933570585 305648
933876233 1000
933877233 365
933877598 1
933877599 5000000
938877599 21511
938899110 2000
938901110 486
938901596 1
938901597 4000000
942901597 778708
943680305 1441
943681746 401
943682147 3
943682150 4000000
947682150 165337
947847487 3000
947850487 539
947851026 2
947851028 1000000
948851028 180798
949031826 2000
949033826 611
949034437 6
949034443 1000000
950034443 721247
950755690 269
950755959 5000000
955755959 110918
955866877 1000
955867877 405
955868282 1
955868283 1000000
956868283 43166
956911449 655
956912104 3
956912107 2000000
958912107 342404
959254511 2000
959256511 514
959257025 269517
959526542 7000
959533542 143
959533685 1
959533686 2000000
961533686 566004
962099690 1000
962100690 35
962100725 1
962100726 3000000
965100726 859725
965960451 776
965961227 7
965961234 389047
966350281 2000
966352281 524
966352805 3
966352808 1000000
967352808 245266
967598074 346
967598420 3
967598423 924652
968523075 4000
968527075 562
968527637 4
968527641 828581
969356222 10872
969367094 8000
969375094 723
969375817 2
969375819 86423
969462242 2000
969464242 629
969464871 3000000
972464871 851533
973316404 413
973316817 7
973316824 859725
974176549 2000
974178549 855
974179404 2
974179406 6000000
980179406 32288
980211694 959
980212653 6
980212659 783261
980995920 7937
981003857 6
981003863 7000000
988003863 50000
988053863 6285
988060148 397
988060545 1
988060546 7000000
995060546 6000
995066546 222
995066768 414631
995481399 149
995481548 4
995481552 770007
996251559 2000
996253559 672
996254231 2
996254233 2000000
998254233 142414
998396647 3000
998399647 504
998400151 476569
998876720 50
