2276
1 1
2 2
4 1
5 2
7 2
5 1
9 6
15 2
17 4
2 1
21 3
24 2
26 4
30 4
34 1
35 2
37 2
39 1
40 1
21 1
41 22
63 1
64 3
67 1
68 1
69 6
7 1
75 8
9 4
83 13
96 7
103 1
104 2
106 2
108 3
111 3
114 3
117 2
119 1
120 1
121 1
122 2
124 3
127 2
129 4
133 3
136 2
138 1
139 1
140 3
143 5
148 1
149 7
156 1
157 4
161 7
168 1
169 3
172 2
174 2
176 1
9 1
177 10
187 3
190 3
193 3
196 6
202 1
203 1
204 7
211 2
213 3
216 5
221 1
222 1
223 1
224 3
227 4
231 2
233 4
237 3
240 1
241 5
246 1
247 2
249 7
256 2
258 2
260 1
261 3
264 1
265 4
269 6
10 1
275 11
286 3
289 2
291 5
296 1
297 3
300 10
310 4
314 7
321 2
323 4
327 1
328 2
330 7
337 1
338 1
339 1
340 6
346 4
350 5
355 3
358 2
360 5
365 7
372 1
373 4
377 3
380 4
384 10
394 1
395 2
397 4
401 4
405 3
408 5
413 8
421 2
423 8
431 2
433 3
436 3
439 2
441 4
445 1
11 1
446 12
458 3
461 2
463 2
465 1
466 3
469 1
470 2
472 1
473 3
476 1
477 7
484 2
486 2
488 1
489 6
495 5
500 2
502 1
503 1
504 3
507 2
509 5
514 10
524 4
528 4
532 2
534 3
537 2
539 5
544 1
545 4
549 4
553 9
562 6
568 1
569 4
573 1
574 11
585 5
590 6
596 3
599 3
602 2
604 3
607 4
611 11
622 2
624 5
629 13
642 1
643 5
648 1
649 2
651 2
653 2
655 6
661 1
662 5
667 2
669 2
671 1
672 7
679 1
680 4
684 3
687 1
688 3
691 1
692 7
699 5
704 1
705 1
706 3
709 1
710 1
711 1
712 5
717 1
718 1
719 4
723 3
726 9
735 2
737 1
738 3
741 5
746 1
747 2
749 2
751 3
754 1
17 3
755 20
775 1
776 10
786 1
787 2
789 2
791 1
792 3
795 3
798 1
799 1
800 3
803 2
805 1
806 1
807 2
809 5
814 2
816 3
819 1
820 3
823 1
824 3
827 6
833 2
835 6
841 1
842 1
843 3
846 2
848 2
850 1
851 1
852 1
853 2
855 4
859 4
863 5
868 7
875 7
882 4
886 2
888 2
890 1
891 1
892 2
894 4
898 4
902 4
906 1
907 1
908 2
910 1
911 7
918 1
919 1
920 5
925 1
926 3
929 6
935 1
936 4
940 6
946 4
950 6
956 2
958 1
959 10
969 2
971 3
974 2
976 1
977 1
978 3
981 1
982 5
987 2
989 2
991 8
441 1
999 442
1441 1441
2882 2882
514 7
5764 521
1441 211
6285 1652
41 12
2882 53
7937 2935
41 10
999 51
1652 1050
7937 2702
10872 10639
340 2
2935 342
21511 3277
1652 848
24788 2500
377 1
1050 378
27288 1428
291 4
3277 295
28716 3572
265 3
1652 268
32288 1920
34208 204
1920 6
34412 1926
999 12
36338 1011
41 7
5764 48
37349 5812
43161 5
545 1
3572 546
43166 4118
350 4
47284 354
3277 83
10872 3360
47638 14232
53 1
3277 54
61870 3331
1050 64
65201 1114
96 5
2935 101
66315 3036
26 2
1441 28
69351 1469
70820 296
397 2
4118 399
71116 4517
140 1
4517 141
75633 4658
149 2
3572 151
80291 3723
477 6
1926 483
84014 2409
611 2
4658 613
86423 5271
413 2
7937 415
91694 8352
108 2
2500 110
10872 2610
100046 13482
51 1
6285 52
113528 6337
204 3
3360 207
119865 3567
211 1
3036 212
123432 3248
408 2
6337 410
126680 6747
133427 149
8352 486
133576 8838
54 5
4118 59
142414 4177
146591 718
5271 124
147309 5395
355 2
1926 357
152704 2283
75 1
154987 76
83 1
5271 84
155063 5355
3723 121
160418 3844
24 1
1050 25
164262 1075
41 3
8352 44
165337 8396
96 3
2702 99
173733 2801
176534 3
4177 84
176537 4261
5812 211
180798 6023
330 1
186821 331
4658 35
187152 4693
2801 34
191845 2835
2283 6
194680 2289
405 2
6337 407
196969 6744
423 7
203713 430
114 1
1469 115
204143 1584
2835 37
205727 2872
208599 792
209391 971
4517 121
210362 4638
143 1
215000 144
4261 196
215144 4457
1469 13
219601 1482
1926 67
221083 1993
755 11
223076 766
169 1
1652 170
223842 1822
124 1
1993 125
225664 2118
1075 10
227782 1085
2801 7
228867 2808
1822 4
231675 1826
289 1
4693 290
233501 4983
6747 35
238484 6782
978 2
6782 980
245266 7762
651 1
13482 652
253028 14134
64 2
2289 66
267162 2355
7937 177
269517 8114
1482 5
277631 1487
1487 3
279118 1490
3572 8
280608 3580
314 4
13482 318
284188 13800
2118 8
297988 2126
37 1
4177 38
300114 4215
204 1
1114 205
304329 1319
300 7
5395 307
305648 5702
76 2
5395 78
311350 5473
2126 136
316823 2262
59 3
1319 62
10872 1381
319085 12253
1381 7
331338 1388
69 2
2126 71
332726 2197
1584 59
334923 1643
336566 989
337555 69
157 2
337624 159
1114 67
337783 1181
2935 11
338964 2946
489 5
341910 494
6782 108
342404 6890
349294 405
22 1
2500 23
349699 2523
352222 101
352323 405
6890 22
352728 6912
5395 20
359640 5415
15 1
1085 16
365055 1101
84 7
1993 91
366156 2084
84 2
368240 86
2610 4
368326 2614
2614 52
370940 2666
144 2
1652 146
373606 1798
719 2
6912 721
375404 7633
383037 30
26 1
2946 27
383067 2973
2973 34
386040 3007
133 2
3844 135
389047 3979
151 1
6912 152
393026 7064
30 2
400090 32
1926 15
400122 1941
117 1
3979 118
402063 4097
7064 23
406160 7087
1381 3
413247 1384
4658 3
414631 4661
71 3
5473 74
419292 5547
590 3
424839 593
1490 39
425432 1529
1584 3
426961 1587
5355 6
428548 5361
3360 51
433909 3411
1075 1
437320 1076
1181 25
438396 1206
4261 156
439602 4417
444019 265
3723 118
444284 3841
30 1
1206 31
8838 1237
448125 10075
607 1
458200 608
528 1
14232 529
458808 14761
3844 127
473569 3971
174 1
477540 175
101 1
13482 102
477715 13584
2355 53
491299 2408
950 3
493707 953
96 1
4261 97
494660 4358
499018 318
1011 4
499336 1015
500351 27
1993 41
500378 2034
3411 75
502412 3486
2355 10
505898 2365
17 1
2666 18
508263 2684
5473 30
510947 5503
920 3
516450 923
859 3
517373 862
2126 34
518235 2160
868 4
520395 872
514 1
521267 515
7087 32
521782 7119
446 5
10075 451
528901 10526
539427 395
48 2
2614 50
539822 2664
1993 34
542486 2027
544513 91
28 1
2523 29
544604 2552
256 1
547156 257
7762 157
547413 7919
1941 6
555332 1947
602 1
557279 603
3036 141
557882 3177
561059 569
4358 18
561628 4376
4638 2
566004 4640
7919 1
570644 7920
2552 2
578564 2554
3036 35
581118 3071
2500 1
584189 2501
129 3
1652 132
586690 1784
1114 16
588474 1130
2501 8
589604 2509
2126 29
592113 2155
1652 108
594268 1760
613 8
8838 621
596028 9459
1085 1
605487 1086
4417 22
606573 4439
3486 51
611012 3537
1237 24
614549 1261
3331 8
615810 3339
4358 8
619149 4366
623515 2408
625923 1584
726 4
627507 730
275 3
628237 278
436 1
628515 437
41 2
1130 43
628952 1173
630125 1075
585 4
631200 589
631789 84
631873 275
632148 569
632717 241
632958 622
4215 24
633580 4239
637819 755
231 1
4983 232
638574 5215
940 5
643789 945
644734 1428
3844 24
646162 3868
2702 96
650030 2798
3360 27
652828 3387
2973 25
656215 2998
161 4
4693 165
659213 4858
664071 258
664329 706
1469 2
665035 1471
32 1
7119 33
666506 7152
2197 39
673658 2236
1490 27
675894 1517
1643 4
677411 1647
679058 350
800 1
679408 801
1441 11
680209 1452
13 1
2409 14
681661 2423
3248 27
684084 3275
8396 68
687359 8464
86 1
3071 87
695823 3158
4457 38
698981 4495
8352 22
703476 8374
2197 29
711850 2226
1130 25
714076 1155
715231 470
2666 17
715701 2683
718384 2160
699 4
720544 703
6337 257
721247 6594
1482 4
727841 1486
1206 18
729327 1224
4858 40
730551 4898
2973 5
735449 2978
3339 5
738427 3344
384 5
12253 389
741771 12642
2365 5
754413 2370
2289 1
756783 2290
161 2
6023 163
759073 6186
3036 17
765259 3053
768312 54
76 1
768366 77
1529 35
768443 1564
8464 237
770007 8701
35 1
4517 36
778708 4553
8838 9
783261 8847
1173 7
792108 1180
71 1
9459 72
793288 9531
54 1
4983 55
802819 5038
2614 15
807857 2629
2882 30
810486 2912
196 3
8114 199
813398 8313
2610 1
821711 2611
4239 20
824322 4259
55 3
1826 58
21511 1884
828581 23395
6186 20
851976 6206
858182 754
858936 240
859176 549
4118 7
859725 4125
863850 337
8374 14
864187 8388
911 2
872575 913
3868 5
873488 3873
152 3
13584 155
877361 13739
741 3
891100 744
5038 38
891844 5076
87 2
8464 89
896920 8553
835 2
905473 837
2666 1
906310 2667
5215 37
908977 5252
1652 32
914229 1684
408 1
915913 409
3873 13
916322 3886
1587 48
920208 1635
921843 331
1760 2
922174 1762
712 4
923936 716
152 2
5812 154
924652 5966
4125 35
930618 4160
3344 15
934778 3359
2523 24
938137 2547
882 3
940684 885
4517 29
941569 4546
1947 21
946115 1968
3873 1
948083 3874
2262 20
951957 2282
655 5
954239 660
2835 24
954899 2859
3979 1
14761 3980
957758 18741
3411 3
976499 3414
979913 1173
981086 574
3360 6
981660 3366
3580 54
985026 3634
78 1
988660 79
59 1
2290 60
988739 2350
5547 51
991089 5598
1652 12
996687 1664
998351 998351
1996702 1996702
3993404 3993404
203713 261
1996702 203974
7986808 2200676
1206 7
765259 1213
2200676 766472
10187484 2967148
438396 923
998351 439319
13154632 1437670
1155 9
91694 1164
7986808 92858
14592302 8079666
265 2
425432 267
998351 425699
22671968 1424050
1086 5
334923 1091
1437670 336014
24096018 1773684
655 2
508263 657
2200676 508920
25869702 2709596
1261 4
727841 1265
28579298 729106
365055 494
2200676 365549
29308404 2566225
2160 35
916322 2195
2967148 918517
3993404 3885665
31874629 7879069
574 5
12642 579
47638 13221
1996702 60859
39753698 2057561
5395 14
196969 5409
998351 202378
41811259 1200729
2798 2
160418 2800
43011988 163218
1762 17
133576 1779
1200729 135355
43175206 1336084
2290 6
269517 2296
2200676 271813
44511290 2472489
14232 380
46983779 14612
1587 40
126680 1627
1200729 128307
46998391 1329036
133 1
5812 134
48327427 5946
221083 307
1773684 221390
48333373 1995074
759073 114
2967148 759187
3993404 3726335
50328447 7719739
48 1
2423 49
58048186 2472
60 1
10639 61
828581 10700
10187484 839281
58050658 11026765
2835 16
28716 2851
2472489 31567
69077423 2504056
1319 49
21511 1368
2504056 22879
71581479 2526935
6337 87
1200729 6424
74108414 1207153
8847 155
2057561 9002
75315567 2066563
7119 27
47638 7146
3726335 54784
77382130 3781119
5076 50
37349 5126
1996702 42475
81163249 2039177
4125 25
113528 4150
1207153 117678
83202426 1324831
2684 17
633580 2701
84527257 636281
776 3
215144 779
2967148 215923
85163538 3183071
66315 660
2967148 66975
88346609 3034123
1684 12
147309 1696
1773684 149005
91380732 1922689
84 1
6912 85
3993404 6997
93303421 4000401
2296 4
119865 2300
1437670 122165
4000401 1559835
97303822 5560236
1237 3
684084 1240
102864058 685324
2300 3
793288 2303
8079666 795591
103549382 8875257
569 1
91694 570
2709596 92264
112424639 2801860
34412 746
1559835 35158
115226499 1594993
7762 24
703476 7786
116821492 711262
1164 1
75633 1165
1207153 76798
117532754 1283951
331 4
21511 335
1594993 21846
118816705 1616839
3486 37
135355 3523
120433544 138878
2126 24
43166 2150
1922689 45316
5560236 1968005
120572422 7528241
66315 463
1437670 66778
128100663 1504448
4150 3
1207153 4153
129605111 1211306
10872 141
100046 11013
998351 111059
11026765 1109410
130816417 12136175
41 1
3177 42
985026 3219
142952592 988245
310 3
623515 313
143940837 623828
855 1
402063 856
3183071 402919
144564665 3585990
3414 48
1594993 3462
5560236 1598455
148150655 7158691
3634 16
3885665 3650
155309346 3889315
451 1
7152 452
165337 7604
159198661 172941
473 2
542486 475
5560236 542961
159371602 6103197
1165 2
180798 1167
3183071 181965
165474799 3365036
66975 196
1211306 67171
168839835 1278477
13800 193
957758 13993
170118312 971751
1587 30
76798 1617
1616839 78415
171090063 1695254
6912 55
406160 6967
172785317 413127
1762 3
92858 1765
998351 94623
173198444 1092974
177 4
22879 181
1504448 23060
174291418 1527508
6206 8
1109410 6214
4000401 1115624
175818926 5116025
1388 2
623828 1390
180934951 625218
3071 79
128307 3150
3183071 131457
181560169 3314528
1947 20
698981 1967
184874697 700948
2370 35
924652 2405
185575645 927057
122165 787
2801860 122952
186502702 2924812
12253 43
741771 12296
189427514 754067
4376 34
638574 4410
190181581 642984
227 2
23395 229
998351 23624
190824565 1021975
755 3
24788 758
1996702 25546
191846540 2022248
18 1
2034 19
54784 2053
1437670 56837
193868788 1494507
129 2
11013 131
458808 11144
195363295 469952
13221 13
1115624 13234
195833247 1128858
2084 13
196969 2097
3365036 199066
196962105 3564102
4661 28
86423 4689
3365036 91112
200526207 3456148
13584 91
1996702 13675
203982355 2010377
23624 436
1616839 24060
205992732 1640899
13993 115
253028 14108
4000401 267136
207633631 4267537
94623 730
3456148 95353
211901168 3551501
241 2
21511 243
215452669 21754
1968 24
592113 1992
215474423 594105
3219 26
216068528 3245
843 1
316823 844
6103197 317667
216071773 6420864
816 2
491299 818
222492637 492117
2423 39
37349 2462
2967148 39811
222984754 3006959
1920 5
393026 1925
225991713 394951
1616839 9531
226386664 1626370
1487 2
319085 1489
228013034 320574
1471 5
126680 1476
2200676 128156
228333608 2328832
320574 31
230662440 320605
628952 853
230983045 629805
5812 122
100046 5934
231612850 105980
9002 12
828581 9014
231718830 837595
2262 12
123432 2274
3585990 125706
232556425 3711696
44 3
1265 47
1594993 1312
236268121 1596305
1884 20
730551 1904
237864426 732455
3634 8
253028 3642
238596881 256670
2554 12
1128858 2566
238853551 1131424
229 1
9531 230
998351 9761
239984975 1008112
908 1
304329 909
4267537 305238
240993087 4572775
3650 31
14761 3681
1437670 18442
245565862 1456112
87 1
8847 88
998351 8935
247021974 1007286
7152 331
570644 7483
8875257 578127
248029260 9453384
1265 23
56837 1288
2200676 58125
257482644 2258801
730 4
176537 734
259741445 177271
24060 233
1456112 24293
259918716 1480405
3414 27
1131424 3441
261399121 1134865
56837 709
1336084 57546
262533986 1393630
1050 20
521782 1070
263927616 522852
433 1
180798 434
264450468 181232
1130 4
35158 1134
1922689 36292
264631700 1958981
39811 643
4572775 40454
266590681 4613229
946 2
215923 948
271203910 216871
1101 7
131457 1108
3034123 132565
271420781 3166688
2702 36
1695254 2738
274587469 1697992
11144 68
3889315 11212
276285461 3900527
1587 26
1697992 1613
280185988 1699605
6890 5
375404 6895
281885593 382299
368326 35
282267892 368361
3277 29
927057 3306
282636253 930363
7483 68
1958981 7551
283566616 1966532
11212 27
1092974 11239
285533148 1104213
546 1
61870 547
1021975 62417
286637361 1084392
3248 17
95353 3265
1773684 98618
287721753 1872302
3053 11
14761 3064
289594055 17825
2365 1
1109410 2366
289611880 1111776
177271 2523
4000401 179794
290723656 4180195
1696 44
896920 1740
294903851 898660
2882 14
394951 2896
4613229 397847
295802511 5011076
3844 15
3183071 3859
300813587 3186930
2851 2
181965 2853
304000517 184818
129 1
7152 130
256670 7282
304185335 263952
1181 7
86423 1188
3781119 87611
304449287 3868730
14761 62
1134865 14823
308318017 1149688
24788 466
2066563 25254
309467705 2091817
12296 22
311559522 12318
8114 134
2022248 8248
311571840 2030496
190 2
58125 192
3456148 58317
313602336 3514465
7152 119
1115624 7271
317116801 1122895
672 6
138878 678
9453384 139556
318239696 9592940
1993 5
18741 1998
2801860 20739
327832636 2822599
1319 20
14823 1339
1640899 16162
330655235 1657061
3886 16
47638 3902
2566225 51540
332312296 2617765
1339 23
54784 1362
1336084 56146
334930061 1392230
16162 1487
1437670 17649
336322291 1455319
4177 12
311350 4189
337777610 315539
524 1
458200 525
338093149 458725
5812 47
2801860 5859
338551874 2807719
47638 3414
1699605 51052
341359593 1750657
2236 21
810486 2257
343110250 812743
2262 8
51540 2270
5011076 53810
343922993 5064886
1108 4
3006959 1112
348987879 3008071
24788 67
2200676 24855
351995950 2225531
6214 50
245266 6264
354221481 251530
14232 104
2617765 14336
354473011 2632101
269 4
40454 273
1283951 40727
357105112 1324678
2738 43
28716 2781
1922689 31497
358429790 1954186
359640 2270
360383976 361910
47638 437
3585990 48075
360745886 3634065
209391 737
4267537 210128
364379951 4477665
1224 1
700948 1225
368857616 702173
10872 74
1092974 10946
369559789 1103920
216 4
181232 220
7528241 181452
370663709 7709693
4457 34
1626370 4491
378373402 1630861
470 1
735449 471
380004263 735920
518235 1884
380740183 520119
2197 5
149005 2202
5560236 151207
381260302 5711443
4491 2
3166688 4493
386971745 3171181
71116 23
2632101 71139
390142926 2703240
2053 25
119865 2078
4613229 121943
392846166 4735172
953 1
35158 954
1021975 36112
397581338 1058087
2872 9
375404 2881
10187484 378285
398639425 10565769
51540 1487
2709596 53027
409205194 2762623
4693 10
3993404 4703
411967817 3998107
613 3
666506 616
415965924 667122
1339 3
32288 1342
2709596 33630
416633046 2743226
65201 956
2091817 66157
419376272 2157974
477 4
37349 481
3781119 37830
421534246 3818949
12642 88
2258801 12730
425353195 2271531
5038 12
477715 5050
427624726 482765
13234 11
877361 13245
428107491 890606
24855 232
2709596 25087
428998097 2734683
269517 122
431732780 269639
1390 3
859725 1393
432002419 861118
122 1
7633 123
482765 7756
432863537 490521
1564 2
25546 1566
2225531 27112
433354058 2252643
3177 26
95353 3203
1773684 98556
435606701 1872240
125706 60
7719739 125766
437478941 7845505
1647 2
80291 1649
4267537 81940
445324446 4349477
1101 1
81940 1102
2328832 83042
449673923 2411874
859 1
113528 860
7158691 114388
452085797 7273079
4125 17
667122 4142
459358876 671264
360 1
21846 361
1393630 22207
460030140 1415837
2084 5
1329036 2089
461445977 1331125
361 2
48075 363
2091817 48438
462777102 2140255
4983 15
2252643 4998
464917357 2257641
779 6
43166 785
3314528 43951
467174998 3358479
40454 103
4267537 40557
470533477 4308094
6967 18
547413 6985
474841571 554398
946 1
386040 947
475395969 386987
1529 14
2328832 1543
475782956 2330375
146 1
1527508 147
478113331 1527655
4858 4
165337 4862
479640986 170199
434 1
75633 435
2330375 76068
479811185 2406443
6023 155
721247 6178
482217628 727425
55 1
1826 56
233501 1882
4735172 235383
482945053 4970555
1958981 104
487915608 1959085
187 1
21846 188
1021975 22034
489874693 1044009
466 1
251530 467
490918702 251997
1587 11
78415 1598
1773684 80013
491170699 1853697
3007 11
3726335 3018
493024396 3729353
692 1
373606 693
496753749 374299
23060 227
2822599 23287
497128048 2845886
1798 21
2967148 1819
499973934 2968967
6206 5
458808 6211
502942901 465019
164262 18
503407920 164280
4553 72
105980 4625
4000401 110605
503572200 4111006
181 3
51540 184
2411874 51724
507683206 2463598
4862 22
256670 4884
510146804 261554
22207 33
2066563 22240
510408358 2088803
1114 4
4735172 1118
512497161 4736290
629 5
951957 634
517233451 952591
6594 13
5011076 6607
518186042 5017683
4661 17
465019 4678
523203725 469697
28716 835
1922689 29551
523673422 1952240
1543 17
1058087 1560
525625662 1059647
89 1
9014 90
1456112 9104
526685309 1465216
62417 823
6420864 63240
528150525 6484104
3723 35
305648 3758
534634629 309406
181 1
10075 182
1559835 10257
534944035 1570092
5702 1
406160 5703
536514127 411863
1826 15
18741 1841
4180195 20582
536925990 4200777
2350 2
735920 2352
541126767 738272
693 1
547413 694
541865039 548107
3150 1
802819 3151
542413146 805970
10700 85
2010377 10785
543219116 2021162
726 2
32288 728
545240278 33016
3844 14
566004 3858
11026765 569862
545273294 11596627
629 2
1626370 631
556869921 1627001
702173 741
558496922 702914
1798 16
754413 1814
559199836 756227
152 1
22879 153
3818949 23032
559956063 3841981
27288 680
1283951 27968
563798044 1311919
4125 13
1494507 4138
565109963 1498645
36338 176
5560236 36514
566608608 5596750
147309 477
6103197 147786
572205358 6250983
149 1
155063 150
11596627 155213
578456341 11751840
2523 19
48438 2542
3186930 50980
590208181 3237910
310 1
42475 311
1211306 42786
593446091 1254092
78415 41
6250983 78456
594700183 6329439
7064 15
1092974 7079
601029622 1100053
380 3
715701 383
602129675 716084
2409 1
482765 2410
6484104 485175
602845759 6969279
1134 2
2807719 1136
609815038 2808855
1368 2
196969 1370
4736290 198339
612623893 4934629
1118 1
14823 1119
3034123 15942
617558522 3050065
1452 9
1149688 1461
620608587 1151149
940 2
14823 942
1151149 15765
621759736 1166914
79 3
34412 82
6420864 34494
622926650 6455358
868 2
71139 870
3634065 72009
629382008 3706074
51540 26
7879069 51566
633088082 7930635
27968 361
4613229 28329
641018717 4641558
9104 115
1424050 9219
645660275 1433269
1136 18
43951 1154
3634065 45105
647093544 3679170
3177 13
342404 3190
650772714 345594
1490 16
63240 1506
5596750 64746
651118308 5661496
155213 3580
656779804 158793
6424 68
320605 6492
656938597 327097
2097 6
1059647 2103
657265694 1061750
2501 4
320605 2505
658327444 323110
14823 165
3034123 14988
658650554 3049111
24060 115
1283951 24175
661699665 1308126
36514 227
4572775 36741
663007791 4609516
24293 38
2200676 24331
667617307 2225007
13584 43
1504448 13627
669842314 1518075
2303 5
84014 2308
3050065 86322
671360389 3136387
1587 6
837595 1593
674496776 839188
24331 265
6250983 24596
675335964 6275579
10700 72
1061750 10772
681611543 1072522
6264 8
1211306 6272
682684065 1217578
1188 7
58317 1195
4200777 59512
683901643 4260289
3008071 657
688161932 3008728
6607 20
957758 6627
691170660 964385
249 6
22240 255
3841981 22495
692135045 3864476
11013 104
839281 11117
695999521 850398
6285 49
528901 6334
696849919 535235
3758 11
1336084 3769
697385154 1339853
60859 15
6484104 60874
698725007 6544978
4998 16
284188 5014
705269985 289202
17649 12
4308094 17661
705559187 4325755
3387 12
1278477 3399
709884942 1281876
3071 38
87611 3109
711166818 90720
414631 2089
711257538 416720
10075 141
1393630 10216
711674258 1403846
1941 3
72009 1944
3365036 73953
713078104 3438989
547 1
261554 548
6544978 262102
716517093 6807080
721 1
535235 722
8079666 535957
723324173 8615623
727841 331
731939796 728172
7920 1
596028 7921
732667968 603949
95353 1584
4000401 96937
733271917 4097338
634 6
34494 640
3514465 35134
737369255 3549599
346 3
59512 349
740918854 59861
3706074 747
740978715 3706821
4417 6
1283951 4423
744685536 1288374
735920 211
745973910 736131
570 2
45316 572
3900527 45888
746710041 3946415
805970 415
750656456 806385
91 4
738427 95
751462841 738522
4439 5
1122895 4444
752201363 1127339
5415 20
687359 5435
753328702 692794
8396 3
1773684 8399
754021496 1782083
1265 19
16162 1284
4349477 17446
755803579 4366923
687359 859
760170502 688218
1108 1
18741 1109
3900527 19850
760858720 3920377
1740 17
3034123 1757
764779097 3035880
53810 805
4200777 54615
767814977 4255392
87611 547
772070369 88158
1841 6
160418 1847
772158527 162265
365 3
28716 368
1527655 29084
772320792 1556739
170199 738
12136175 170937
773877531 12307112
199066 616
786184643 199682
81940 147
786384325 82087
22495 313
3136387 22808
786466412 3159195
1773684 5503
789625607 1779187
616 1
76068 617
4641558 76685
791404794 4718243
14823 69
2039177 14892
796123037 2054069
735 1
11239 736
2566225 11975
798177106 2578200
12253 40
6250983 12293
800755306 6263276
159 1
43951 160
2330375 44111
807018582 2374486
13234 7
1437670 13241
809393068 1450911
25546 481
3314528 26027
810843979 3340555
66157 111
5711443 66268
814184534 5777711
758 1
20739 759
6484104 21498
819962245 6505602
3980 58
659213 4038
826467847 663251
493707 246
827131098 493953
12318 300
2200676 12618
827625051 2213294
3723 21
187152 3744
829838345 190896
1598 2
271813 1600
10565769 273413
830029241 10839182
1050 2
199682 1052
840868423 200734
1494507 706
841069157 1495213
1015 24
891844 1039
842564370 892883
106 1
10075 107
2200676 10182
843457253 2210858
549 2
100046 551
7273079 100597
845668111 7373676
2027 1
338964 2028
853041787 340992
7719739 3874
853382779 7723613
1696 12
1570092 1708
861106392 1571800
9219 95
5777711 9314
862678192 5787025
3462 14
561628 3476
868465217 565104
1841 3
1278477 1844
869030321 1280321
4160 15
1134865 4175
870310642 1139040
7152 61
2057561 7213
871449682 2064774
562 2
714076 564
873514456 714640
16162 177
1339853 16339
874229096 1356192
2257641 267
875585288 2257908
256670 3441
877843196 260111
23395 147
7723613 23542
878103307 7747155
1319 12
142414 1331
5116025 143745
885850462 5259770
11239 135
2258801 11374
891110232 2270175
2160 24
465019 2184
8875257 467203
893380407 9342460
574 3
1433269 577
902722867 1433846
662 1
569862 663
904156713 570525
1452 5
40727 1457
4366923 42184
904727238 4409107
29551 172
1782083 29723
909136345 1811806
593 1
795591 594
910948151 796185
3071 12
105980 3083
6969279 109063
911744336 7078342
1362 1
754413 1363
918822678 755776
3248 2
1072522 3250
919578454 1075772
1136 9
721247 1145
920654226 722392
564 3
11374 567
4349477 11941
921376618 4361418
111 1
58317 112
4000401 58429
925738036 4058830
91 1
10257 92
3729353 10349
929796866 3739702
384 3
33630 387
933536568 34017
1363 3
305648 1366
933570585 307014
6285 30
5017683 6315
933877599 5023998
44111 152
4736290 44263
938901597 4780553
323 3
57546 326
4111006 57872
943682150 4168878
161 1
16339 162
1166914 16501
947851028 1183415
64 1
21846 65
1699605 21911
949034443 1721516
47284 154
5064886 47438
950755959 5112324
21846 3
1021975 21849
955868283 1043824
14336 207
2330375 14543
956912107 2344918
273413 3248
959257025 276661
814 1
2566225 815
959533686 2567040
18442 85
3841981 18527
962100726 3860508
2523 4
389047 2527
965961234 391574
27968 69
1217578 28037
966352808 1245615
2160 1
927057 2161
967598423 929218
8847 50
839281 8897
968527641 848178
88158 894
969375819 89052
9761 211
3841981 9972
969464871 3851953
1461 3
861118 1464
973316824 862582
959 3
245266 962
5787025 246228
974179406 6033253
7937 6
783261 7943
980212659 791204
86423 981
6969279 87404
981003863 7056683
36741 202
6969279 36943
988060546 7006222
414631 153
995066768 414784
2667 7
770007 2674
995481552 772681
5598 65
2140255 5663
996254233 2145918
3036 14
473569 3050
998400151 476619
