2827
1 1
1 2
1 3
4 1
2 5
2 7
9 5
1 14
2 15
4 17
3 21
2 24
4 26
4 30
1 34
2 35
2 37
1 39
1 40
41 21
1 62
1 63
3 64
1 67
1 68
69 5
1 74
75 7
1 82
83 9
4 92
7 96
1 103
2 104
2 106
3 108
3 111
3 114
2 117
1 119
1 120
1 121
2 122
3 124
2 127
4 129
3 133
2 136
1 138
1 139
3 140
5 143
1 148
7 149
1 156
4 157
7 161
1 168
3 169
2 172
2 174
1 176
177 9
1 186
3 187
3 190
3 193
196 5
1 201
1 202
1 203
7 204
2 211
3 213
5 216
1 221
1 222
1 223
3 224
4 227
2 231
4 233
3 237
1 240
5 241
1 246
2 247
7 249
2 256
2 258
1 260
3 261
1 264
4 265
269 5
1 274
275 9
2 284
3 286
2 289
5 291
1 296
3 297
300 9
1 309
4 310
7 314
2 321
4 323
1 327
2 328
7 330
1 337
1 338
1 339
340 5
1 345
4 346
5 350
3 355
2 358
5 360
7 365
1 372
4 373
3 377
4 380
384 9
1 393
1 394
2 395
4 397
4 401
3 405
5 408
413 7
1 420
2 421
423 7
1 430
2 431
3 433
3 436
2 439
4 441
1 445
446 9
3 455
3 458
2 461
2 463
1 465
3 466
1 469
2 470
1 472
3 473
1 476
7 477
2 484
2 486
1 488
489 5
1 494
5 495
2 500
1 502
1 503
3 504
2 507
5 509
514 9
1 523
4 524
4 528
2 532
3 534
2 537
5 539
1 544
4 545
4 549
9 553
562 5
1 567
1 568
4 569
1 573
574 9
2 583
5 585
590 5
1 595
3 596
3 599
2 602
3 604
4 607
611 9
2 620
2 622
5 624
629 9
4 638
1 642
5 643
1 648
2 649
2 651
2 653
655 5
1 660
1 661
5 662
2 667
2 669
1 671
7 672
1 679
4 680
3 684
1 687
3 688
1 691
7 692
5 699
1 704
1 705
3 706
1 709
1 710
1 711
5 712
1 717
1 718
4 719
3 723
9 726
2 735
1 737
3 738
5 741
1 746
2 747
2 749
3 751
1 754
755 17
3 772
1 775
776 9
1 785
1 786
2 787
2 789
1 791
3 792
3 795
1 798
1 799
3 800
2 803
1 805
1 806
2 807
5 809
2 814
3 816
1 819
3 820
1 823
3 824
827 5
1 832
2 833
835 5
1 840
1 841
1 842
3 843
2 846
2 848
1 850
1 851
1 852
2 853
4 855
4 859
5 863
7 868
7 875
4 882
2 886
2 888
1 890
1 891
2 892
4 894
4 898
4 902
1 906
1 907
2 908
1 910
7 911
1 918
1 919
5 920
1 925
3 926
929 5
1 934
1 935
4 936
940 5
1 945
4 946
950 5
1 955
2 956
1 958
959 9
1 968
2 969
3 971
2 974
1 976
1 977
3 978
1 981
5 982
2 987
2 989
991 7
1 998
999 441
1 1440
1441 1441
1441 2882
1441 4323
5764 514
7 6278
6285 1441
211 7726
7937 2882
10819 41
10860 9
3 10869
10872 7937
18809 1441
20250 999
21249 261
1 21510
21511 2882
395 24393
24788 1441
26229 999
27228 41
27269 17
2 27286
27288 999
28287 423
28710 5
1 28715
28716 2882
31598 688
2 32286
32288 1441
33729 477
2 34206
204 34208
34412 1441
35853 484
1 36337
36338 999
37337 9
3 37346
37349 5764
43113 41
7 43154
5 43161
43166 2882
46048 999
237 47047
47284 350
4 47634
47638 10872
58510 2882
61392 477
1 61869
61870 2882
64752 446
3 65198
65201 999
66200 114
1 66314
66315 2882
69197 149
5 69346
69351 1441
70792 26
2 70818
296 70820
71116 4323
75439 193
1 75632
75633 4323
79956 330
5 80286
80291 2882
841 83173
84014 1441
968 85455
86423 4323
90746 946
2 91692
91694 7937
99631 413
2 100044
100046 10872
110918 1441
112359 999
113358 169
1 113527
113528 6285
119813 41
119854 9
2 119863
119865 2882
122747 684
1 123431
123432 2882
126314 365
1 126679
126680 6285
132965 461
1 133426
149 133427
133576 7937
141513 898
3 142411
142414 2882
145296 999
296 146295
718 146591
147309 4323
151632 999
152631 69
4 152700
152704 1441
842 154145
154987 75
1 155062
155063 4323
159386 999
160385 30
3 160415
160418 2882
163300 959
3 164259
164262 999
165261 75
1 165336
165337 7937
173274 458
1 173732
173733 1441
175174 999
176173 360
1 176533
3 176534
176537 2882
179419 999
380 180418
180798 5764
186562 258
1 186820
186821 330
1 187151
187152 4323
191475 365
5 191840
191845 1441
193286 999
395 194285
194680 1441
848 196121
196969 6285
203254 458
1 203712
430 203713
204143 1441
143 205584
205727 1441
207168 999
208167 431
1 208598
792 208599
971 209391
210362 4323
214685 314
1 214999
215000 143
1 215143
215144 4323
219467 133
1 219600
219601 1441
41 221042
221083 1441
222524 549
3 223073
223076 755
223831 9
2 223840
223842 1441
225283 380
1 225663
225664 1441
227105 672
5 227777
227782 999
228781 83
3 228864
228867 1441
230308 999
231307 365
3 231672
231675 1441
233116 384
1 233500
233501 4323
660 237824
238484 6285
244769 495
2 245264
245266 7726
252992 35
1 253027
253028 10872
263900 2882
380 266782
267162 1441
268603 911
3 269514
269517 7937
177 277454
277631 1441
279072 41
5 279113
279118 1441
280559 41
280600 7
1 280607
280608 2882
283490 692
284182 5
1 284187
284188 10872
295060 2882
297942 41
5 297983
297988 1441
299429 684
1 300113
300114 2882
302996 999
303995 330
4 304325
304329 999
305328 314
305642 5
1 305647
305648 4323
309971 999
380 310970
311350 4323
315673 999
316672 149
2 316821
316823 1441
318264 820
1 319084
319085 10872
329957 999
330956 380
2 331336
331338 999
332337 384
5 332721
332726 1441
334167 755
1 334922
334923 1441
202 336364
989 336566
69 337555
337624 157
2 337781
337783 999
338782 177
5 338959
338964 2882
64 341846
494 341910
342404 6285
348689 604
1 349293
405 349294
349699 1441
351140 999
83 352139
352222 96
5 352318
405 352323
352728 6285
359013 624
3 359637
359640 4323
363963 999
364962 92
1 365054
365055 999
366054 96
366150 5
1 366155
366156 1441
643 367597
368240 83
3 368323
368326 1441
369767 999
174 370766
370940 1441
372381 999
373380 224
2 373604
373606 1441
375047 355
2 375402
375404 6285
381689 999
382688 346
3 383034
30 383037
383067 2882
385949 83
386032 7
1 386039
386040 2882
388922 124
1 389046
389047 2882
391929 999
392928 96
2 393024
393026 6285
399311 776
3 400087
400090 30
2 400120
400122 1441
500 401563
402063 2882
404945 999
216 405944
406160 6285
412445 800
2 413245
413247 999
414246 384
1 414630
414631 4323
338 418954
419292 4323
423615 999
424614 224
1 424838
424839 590
3 425429
425432 1441
426873 83
5 426956
426961 1441
428402 143
3 428545
428548 4323
432871 999
39 433870
433909 2882
436791 528
1 437319
437320 999
438319 75
2 438394
438396 999
439395 204
3 439599
439602 4323
443925 92
2 444017
265 444019
444284 2882
959 447166
448125 7937
456062 1441
457503 692
5 458195
458200 607
1 458807
458808 10872
469680 2882
472562 999
473561 7
1 473568
473569 2882
476451 999
477450 83
7 477533
477540 174
1 477714
477715 10872
488587 1441
490028 999
491027 269
3 491296
491299 1441
492740 959
493699 7
1 493706
493707 950
3 494657
494660 4323
35 498983
499018 314
4 499332
499336 999
500335 15
1 500350
500351 26
1 500377
500378 1441
501819 590
3 502409
502412 2882
604 505294
505898 1441
507339 920
4 508259
508263 1441
509704 999
510703 241
3 510944
510947 4323
515270 999
516269 177
4 516446
516450 920
3 517370
517373 859
3 518232
518235 1441
719 519676
520395 868
4 521263
521267 514
1 521781
521782 6285
528067 833
1 528900
528901 7937
536838 1441
538279 999
149 539278
395 539427
539822 1441
541263 999
224 542262
542486 1441
543927 585
1 544512
544513 83
544596 7
1 544603
544604 1441
546045 999
547044 111
1 547155
547156 256
1 547412
547413 7726
193 555139
555332 1441
556773 504
2 557277
557279 602
1 557881
557882 2882
560764 291
4 561055
569 561059
561628 4323
565951 41
565992 9
3 566001
566004 4323
570327 314
3 570641
570644 7726
578370 193
1 578563
578564 1441
580005 999
114 581004
581118 2882
584000 187
2 584187
584189 1441
585630 999
586629 41
586670 17
3 586687
586690 1441
588131 340
3 588471
588474 999
589473 129
2 589602
589604 1441
591045 999
69 592044
592113 1441
593554 712
2 594266
594268 1441
595709 314
5 596023
596028 7937
603965 1441
605406 75
605481 5
1 605486
605487 999
606486 83
4 606569
606573 4323
610896 114
2 611010
611012 2882
655 613894
614549 999
615548 261
1 615809
615810 2882
618692 455
2 619147
619149 4323
623472 41
2 623513
623515 1441
624956 959
625915 7
1 625922
625923 1441
143 627364
627507 726
4 628233
628237 275
3 628512
628515 436
1 628951
628952 999
174 629951
630125 999
631124 75
1 631199
631200 585
4 631785
631789 83
1 631872
275 631873
569 632148
241 632717
622 632958
633580 2882
636462 999
358 637461
755 637819
638574 4323
892 642897
945 643789
644734 999
645733 423
646156 5
1 646161
646162 2882
649044 982
4 650026
650030 1441
651471 999
358 652470
652828 2882
655710 504
1 656214
656215 2882
659097 114
2 659211
659213 4323
663536 534
1 664070
258 664071
706 664329
665035 1441
30 666476
666506 6285
672791 863
4 673654
673658 1441
795 675099
675894 1441
677335 75
1 677410
677411 1441
678852 204
2 679056
350 679058
679408 800
1 680208
680209 1441
681650 9
2 681659
681661 1441
982 683102
684084 2882
393 686966
687359 7937
695296 524
3 695820
695823 2882
698705 275
1 698980
698981 4323
172 703304
703476 7937
711413 436
1 711849
711850 1441
785 713291
714076 999
156 715075
470 715231
715701 1441
717142 999
718141 241
2 718382
718384 1441
719 719825
720544 699
4 721243
721247 6285
309 727532
727841 1441
729282 41
4 729323
729327 999
730326 224
1 730550
730551 4323
734874 574
1 735448
735449 2882
96 738331
738427 2882
741309 461
1 741770
741771 10872
752643 1441
754084 328
1 754412
754413 1441
929 755854
756783 1441
758224 848
1 759072
759073 5764
764837 421
1 765258
765259 2882
768141 169
2 768310
768312 41
768353 9
4 768362
768366 75
2 768441
768443 1441
769884 122
1 770006
770007 7937
777944 755
9 778699
778708 4323
783031 227
3 783258
783261 7937
910 791198
792108 999
793107 177
4 793284
793288 7937
801225 1441
802666 149
4 802815
802819 4323
807142 712
3 807854
807857 1441
809298 999
810297 187
2 810484
810486 2882
30 813368
813398 7937
821335 373
3 821708
821711 1441
823152 999
824151 169
2 824320
824322 2882
827204 999
828203 377
1 828580
828581 21511
850092 1441
851533 441
2 851974
851976 5764
857740 441
1 858181
754 858182
240 858936
549 859176
859725 2882
862607 999
863606 241
3 863847
337 863850
864187 7937
872124 446
5 872570
872575 911
2 873486
873488 2882
991 876370
877361 10872
888233 1441
889674 999
890673 423
4 891096
891100 741
3 891841
891844 4323
896167 751
2 896918
896920 7937
904857 611
5 905468
905473 835
2 906308
906310 1441
907751 999
227 908750
908977 4323
929 913300
914229 1441
915670 241
2 915911
915913 408
1 916321
916322 2882
919204 999
5 920203
920208 1441
921649 193
1 921842
921843 330
1 922173
922174 1441
321 923615
923936 712
4 924648
924652 5764
202 930416
930618 2882
933500 999
934499 275
4 934774
934778 2882
477 937660
938137 1441
939578 999
940577 106
1 940683
940684 882
3 941566
941569 4323
223 945892
946115 1441
947556 524
3 948080
948083 2882
950965 991
1 951956
951957 1441
841 953398
660 954239
954899 1441
956340 999
957339 413
957752 5
1 957757
957758 10872
968630 7726
143 976356
976499 2882
532 979381
979913 999
174 980912
574 981086
981660 2882
484 984542
985026 2882
987908 751
1 988659
988660 75
4 988735
988739 1441
990180 908
1 991088
991089 4323
995412 999
996411 275
1 996686
996687 1441
223 998128
998351 998351
998351 1996702
998351 2995053
998351 3993404
998351 4991755
998351 5990106
998351 6988457
998351 7986808
998351 8985159
9983510 203713
261 10187223
10187484 1996702
12184186 968630
13152816 1441
13154257 373
2 13154630
13154632 998351
14152983 438396
14591379 920
3 14592299
14592302 7986808
22579110 91694
22670804 999
22671803 161
4 22671964
22671968 998351
23670319 425432
24095751 265
2 24096016
24096018 998351
25094369 770007
25864376 4323
25868699 999
4 25869698
25869702 1996702
27866404 711850
28578254 999
28579253 41
4 28579294
28579298 727841
29307139 999
29308138 265
1 29308403
29308404 1996702
31305106 566004
31871110 2882
31873992 629
31874621 7
1 31874628
31874629 6988457
38863086 889674
39752760 936
2 39753696
39753698 1996702
41750400 58510
41808910 1441
908 41810351
41811259 998351
42809610 196969
43006579 4323
43010902 999
43011901 83
4 43011984
43011988 160418
43172406 1441
43173847 999
360 43174846
43175206 998351
44173557 337624
44511181 108
1 44511289
44511290 1996702
46507992 473569
46981561 1441
46983002 776
1 46983778
46983779 10872
46994651 2882
46997533 855
3 46998388
46998391 998351
47996742 329957
48326699 726
2 48327425
48327427 5764
48333191 177
5 48333368
48333373 998351
49331724 996687
50328411 35
1 50328446
50328447 6988457
57316904 730551
58047455 726
5 58048181
58048186 1441
58049627 999
58050626 30
2 58050656
58050658 10187484
68238142 828581
69066723 7937
69074660 1441
69076101 999
323 69077100
69077423 1996702
71074125 507339
15 71581464
71581479 1996702
73578181 528901
74107082 999
74108081 330
3 74108411
74108414 998351
75106765 208599
203 75315364
75315567 1996702
77312269 69351
77381620 509
1 77382129
77382130 2995053
80377183 783261
81160444 1441
81161885 999
365 81162884
81163249 1996702
83159951 37349
83197300 4323
803 83201623
83202426 998351
84200777 319085
84519862 6285
84526147 999
111 84527146
84527257 633580
85160837 1441
85162278 999
261 85163277
85163538 2995053
88158591 187152
88345743 863
3 88346606
88346609 2995053
91341662 37349
91379011 1441
91380452 275
5 91380727
91380732 998351
92379083 923936
93303019 401
1 93303420
93303421 3993404
97296825 6285
712 97303110
97303822 4991755
102295577 566004
102861581 1441
102863022 999
37 102864021
102864058 684084
103548142 999
241 103549141
103549382 7986808
111536190 888233
216 112424423
112424639 1996702
114421341 802819
115224160 1441
898 115225601
115226499 998351
116224850 596028
116820878 611
3 116821489
116821492 703476
117524968 7726
117532694 41
117532735 17
2 117532752
117532754 998351
118531105 284188
118815293 999
413 118816292
118816705 998351
119815056 615810
120430866 1441
120432307 999
120433306 237
1 120433543
120433544 133576
120567120 4323
120571443 978
1 120572421
120572422 6988457
127560879 539427
128100306 355
2 128100661
128100663 998351
129099014 505898
129604912 196
3 129605108
129605111 998351
130603462 210362
130813824 1441
130815265 999
130816264 149
4 130816413
130816417 10187484
141003901 998351
142002252 948083
142950335 1441
816 142951776
142952592 987908
337 143940500
143940837 623515
144564352 310
3 144564662
144564665 2995053
147559718 589604
148149322 999
148150321 330
4 148150651
148150655 6988457
155139112 165337
155304449 4323
574 155308772
155309346 2995053
158304399 891844
159196243 1441
977 159197684
159198661 165337
159363998 6285
159370283 999
159371282 314
159371596 5
1 159371601
159371602 5990106
165361708 112359
165474067 726
165474793 5
1 165474798
165474799 2995053
168469852 369767
216 168839619
168839835 998351
169838186 279118
170117304 999
9 170118303
170118312 968630
171086942 2882
171089824 237
2 171090061
171090063 998351
172088414 695823
172784237 999
172785236 75
172785311 5
1 172785316
172785317 412445
173197762 680
2 173198442
173198444 998351
174196795 91694
174288489 2882
174291371 41
174291412 5
1 174291417
174291418 998351
175289769 528901
256 175818670
175818926 4991755
180810681 123432
180934113 835
3 180934948
180934951 624956
181559907 261
1 181560168
181560169 2995053
184555222 319085
184874307 384
184874691 5
1 184874696
184874697 698981
185573678 1441
185575119 524
2 185575643
185575645 924652
186500297 1441
186501738 959
5 186502697
186502702 1996702
188499404 924652
189424056 2882
189426938 574
2 189427512
189427514 752643
190180157 999
190181156 423
2 190181579
190181581 642897
190824478 83
4 190824561
190824565 998351
191822916 21511
191844427 1441
672 191845868
191846540 1996702
193843242 24788
193868030 755
3 193868785
193868788 998351
194867139 494660
195361799 1441
195363240 41
14 195363281
195363295 469680
195832975 269
3 195833244
195833247 998351
196831598 126680
196958278 2882
945 196961160
196962105 2995053
199957158 566004
200523162 2882
200526044 161
2 200526205
200526207 2995053
203521260 458808
203980068 1441
846 203981509
203982355 1996702
205979057 10872
205989929 1441
205991370 999
205992369 360
3 205992729
205992732 998351
206991083 638574
207629657 2882
207632539 999
207633538 92
1 207633630
207633631 3993404
211627035 269517
211896552 4323
211900875 291
2 211901166
211901168 2995053
214896221 555332
215451553 999
117 215452552
215452669 21511
215474180 241
2 215474421
215474423 593554
216067977 549
2 216068526
216068528 2882
216071410 360
3 216071770
216071773 5990106
222061879 428548
222490427 1441
222491868 755
14 222492623
222492637 491299
222983936 816
2 222984752
222984754 2995053
225979807 10872
225990679 999
35 225991678
225991713 393026
226384739 1441
484 226386180
226386664 998351
227385015 627507
228012522 509
3 228013031
228013034 319085
228332119 1441
228333560 41
7 228333601
228333608 1996702
230330310 331338
792 230661648
230662440 319085
230981525 1441
230982966 75
4 230983041
230983045 628952
853 231611997
231612850 100046
231712896 5764
231718660 169
1 231718829
231718830 828581
232547411 7937
232555348 999
232556347 75
3 232556422
232556425 2995053
235551478 715701
236267179 940
2 236268119
236268121 998351
237266472 596028
237862500 1441
237863941 484
1 237864425
237864426 730551
238594977 1441
463 238596418
238596881 253028
238849909 2882
238852791 755
5 238853546
238853551 998351
239851902 132965
108 239984867
239984975 998351
240983326 7937
240991263 1441
240992704 380
3 240993084
240993087 3993404
244986491 578564
807 245565055
245565862 998351
246564213 457503
258 247021716
247021974 998351
248020325 7937
998 248028262
248029260 8985159
257014419 458808
257473227 7937
257481164 1441
39 257482605
257482644 1996702
259479346 253028
259732374 7937
259740311 999
259741310 133
2 259741443
259741445 176537
259917982 726
259918708 7
1 259918715
259918716 998351
260917067 477715
261394782 4323
261399105 15
1 261399120
261399121 998351
262397472 133576
262531048 2882
262533930 41
15 262533971
262533986 998351
263532337 393026
263925363 1441
263926804 809
3 263927613
263927616 521782
264449398 999
264450397 69
2 264450466
264450468 180798
264631266 433
1 264631699
264631700 998351
265630051 957758
266587809 1441
266589250 999
266590249 431
1 266590680
266590681 3993404
270584085 619149
271203234 672
4 271203906
271203910 215144
271419054 1441
286 271420495
271420781 2995053
274415834 165337
274581171 6285
274587456 9
4 274587465
274587469 998351
275585820 698981
660 276284801
276285461 2995053
279280514 905473
1 280185987
280185988 998351
281184339 698981
281883320 1441
832 281884761
281885593 381689
282267282 607
3 282267889
282267892 368326
35 282636218
282636253 924652
283560905 4323
283565228 999
283566227 384
5 283566611
283566616 998351
284564967 957758
285522725 7937
285530662 1441
285532103 999
285533102 41
5 285533143
285533148 998351
286531499 100046
286631545 5764
286637309 41
286637350 9
2 286637359
286637361 998351
287635712 85455
287721167 585
1 287721752
287721753 998351
288720104 873488
463 289593592
289594055 10872
289604927 6285
289611212 667
1 289611879
289611880 998351
290610231 113358
67 290723589
290723656 3993404
294717060 186562
294903622 227
2 294903849
294903851 896920
295800771 1441
295802212 297
2 295802509
295802511 4991755
300794266 18809
300813075 509
3 300813584
300813587 2995053
303808640 191845
304000485 30
2 304000515
304000517 180798
304181315 2882
304184197 999
139 304185196
304185335 263900
304449235 41
304449276 9
2 304449285
304449287 2995053
307444340 873488
308317828 187
2 308318015
308318017 998351
309316368 147309
309463677 2882
309466559 999
309467558 143
4 309467701
309467705 1996702
311464407 91694
311556101 2882
539 311558983
311559522 10872
311570394 1441
5 311571835
311571840 1996702
313568542 33729
313602271 64
1 313602335
313602336 2995053
316597389 518235
317115624 999
317116623 177
1 317116800
317116801 998351
318115152 123432
318238584 999
318239583 111
2 318239694
318239696 8985159
327224855 606573
327831428 999
327832427 204
5 327832631
327832636 1996702
329829338 824322
330653660 1441
330655101 133
1 330655234
330655235 998351
331653586 656215
332309801 1441
332311242 999
332312241 41
14 332312282
332312296 1996702
334308998 619149
334928147 1441
473 334929588
334930061 998351
335928412 393026
853 336321438
336322291 998351
337320642 456062
906 337776704
337777610 311350
338088960 2882
338091842 999
338092841 300
338093141 7
1 338093148
338093149 458200
338551349 524
1 338551873
338551874 1996702
340548576 810486
341359062 528
3 341359590
341359593 998351
342357944 741771
343099715 7937
343107652 1441
343109093 999
343110092 157
1 343110249
343110250 810486
343920736 1441
816 343922177
343922993 4991755
348914748 71116
348985864 1441
574 348987305
348987879 2995053
351982932 10872
351993804 1441
705 351995245
351995950 1996702
353992652 228781
354221433 41
7 354221474
354221481 245266
354466747 5764
500 354472511
354473011 1996702
356469713 633580
357103293 1441
357104734 377
1 357105111
357105112 998351
358103463 319085
358422548 6285
358428833 956
1 358429789
358429790 998351
359428141 954899
936 360383040
360383976 359640
360743616 1441
360745057 827
2 360745884
360745886 2995053
363740939 638574
364379513 436
2 364379949
364379951 3993404
368373355 477715
368851070 6285
261 368857355
368857616 698981
369556597 2882
310 369559479
369559789 998351
370558140 100046
370658186 4323
370662509 999
201 370663508
370663709 6988457
377652166 720544
692 378372710
378373402 998351
379371753 632148
380003901 360
2 380004261
380004263 735449
380739712 470
1 380740182
380740183 519676
381259859 441
2 381260300
381260302 4991755
386252057 718384
386970441 999
386971440 300
5 386971740
386971745 2995053
389966798 175174
390141972 950
4 390142922
390142926 1996702
392139628 703476
392843104 2882
392845986 177
3 392846163
392846166 3993404
396839570 741309
397580879 458
1 397581337
397581338 998351
398579689 58510
398638199 999
227 398639198
398639425 10187484
408826909 375404
409202313 1441
1440 409203754
409205194 1996702
411201896 765259
662 411967155
411967817 3993404
415961221 4323
380 415965544
415965924 666506
416632430 611
5 416633041
416633046 1996702
418629748 741771
419371519 4323
430 419375842
419376272 1996702
421372974 160418
421533392 853
1 421534245
421534246 2995053
424529299 823152
425352451 741
3 425353192
425353195 1996702
427349897 269517
427619414 4323
989 427623737
427624726 477715
428102441 4323
428106764 726
1 428107490
428107491 889674
428997165 929
3 428998094
428998097 1996702
430994799 735449
431730248 1441
431731689 999
92 431732688
431732780 269517
122 432002297
432002419 859725
432862144 999
394 432863143
432863537 490028
433353565 489
4 433354054
433354058 1996702
435350760 253028
435603788 2882
435606670 30
1 435606700
435606701 998351
436605052 873488
401 437478540
437478941 6988457
444467398 851976
445319374 4323
749 445323697
445324446 3993404
449317850 352728
449670578 2882
463 449673460
449673923 1996702
451670625 414631
452085256 539
2 452085795
452085797 6988457
459074254 284188
459358442 433
1 459358875
459358876 666506
460025382 4323
460029705 433
2 460030138
460030140 998351
461028491 414631
461443122 1441
461444563 999
461445562 413
2 461445975
461445977 998351
462444328 332726
462777054 41
7 462777095
462777102 1996702
464773804 142414
464916218 999
140 464917217
464917357 1996702
466914059 253028
467167087 7726
467174813 177
467174990 7
1 467174997
467174998 2995053
470170051 359640
470529691 2882
470532573 902
2 470533475
470533477 3993404
474526881 311350
474838231 2882
458 474841113
474841571 547413
475388984 6285
475395269 699
1 475395968
475395969 386040
475782009 946
1 475782955
475782956 1996702
477779658 332726
478112384 946
1 478113330
478113331 998351
479111682 528901
479640583 401
2 479640984
479640986 165337
479806323 4323
539 479810646
479811185 1996702
481807887 406160
482214047 2882
699 482216929
482217628 721247
482938875 5764
482944639 413
1 482945052
482945053 3993404
486938457 976499
487914956 651
1 487915607
487915608 998351
488913959 957758
489871717 2882
489874599 92
2 489874691
489874693 998351
490873044 43166
490916210 1441
490917651 999
490918650 41
490918691 9
2 490918700
490918702 245266
491163968 6285
446 491170253
491170699 998351
492169050 851976
493021026 2882
488 493023908
493024396 2995053
496019449 730551
496750000 2882
496752882 863
4 496753745
496753749 373606
497127355 692
1 497128047
497128048 1996702
499124750 828581
499953331 20250
499973581 350
3 499973931
499973934 1996702
501970636 968630
502939266 2882
502942148 751
2 502942899
502942901 458808
503401709 5764
503407473 446
1 503407919
503407920 164262
503572182 17
1 503572199
503572200 3993404
507565604 113528
507679132 2882
507682014 999
193 507683013
507683206 1996702
509679908 458808
510138716 7937
510146653 149
2 510146802
510146804 253028
510399832 7937
510407769 585
4 510408354
510408358 1996702
512405060 91694
512496754 405
2 512497159
512497161 3993404
516490565 741771
517232336 999
517233335 114
2 517233449
517233451 951957
518185408 629
5 518186037
518186042 4991755
523177797 24788
523202585 999
523203584 140
1 523203724
523203725 469680
17 523673405
523673422 998351
524671773 953398
525625171 489
2 525625660
525625662 998351
526624013 58510
526682523 1441
526683964 999
346 526684963
526685309 998351
527683660 458808
528142468 7937
120 528150405
528150525 5990106
534140631 493707
291 534634338
534634629 305648
534940277 2882
534943159 875
1 534944034
534944035 998351
535942386 570644
536513030 999
536514029 96
2 536514125
536514127 406160
536920287 4323
536924610 999
536925609 380
1 536925989
536925990 3993404
540919394 207168
541126562 204
1 541126766
541126767 735449
541862216 1441
541863657 999
541864656 380
3 541865036
541865039 547413
542412452 692
2 542413144
542413146 802819
543215965 2882
269 543218847
543219116 1996702
545215818 24393
67 545240211
545240278 32288
545272566 726
2 545273292
545273294 10187484
555460778 998351
556459129 406160
556865289 4323
309 556869612
556869921 998351
557868272 628515
558496787 133
2 558496920
558496922 698981
559195903 2882
559198785 999
559199784 41
559199825 9
2 559199834
559199836 755854
373 559955690
559956063 2995053
562951116 828581
563779697 10872
563790569 6285
563796854 999
563797853 190
1 563798043
563798044 998351
564796395 311350
565107745 1441
565109186 776
1 565109962
565109963 998351
566108314 499336
958 566607650
566608608 4991755
571600363 603965
572204328 999
572205327 30
1 572205357
572205358 5990106
578195464 253028
578448492 7726
578456218 122
1 578456340
578456341 10187484
588643825 998351
589642176 566004
1 590208180
590208181 2995053
593203234 238484
593441718 4323
593446041 41
9 593446082
593446091 998351
594444442 253028
594697470 1441
594698911 999
594699910 269
4 594700179
594700183 5990106
600690289 338964
601029253 365
4 601029618
601029622 998351
602027973 100046
602128019 1441
602129460 213
2 602129673
602129675 715701
602845376 380
3 602845756
602845759 5990106
608835865 976499
609812364 1441
609813805 999
609814804 233
1 609815037
609815038 1996702
611811740 810486
612622226 1441
612623667 224
2 612623891
612623893 3993404
616617297 940684
617557981 539
2 617558520
617558522 2995053
620553575 47638
620601213 6285
620607498 999
620608497 83
7 620608580
620608587 998351
621606938 152704
621759642 92
2 621759734
621759736 998351
622758087 165337
622923424 2882
622926306 340
4 622926646
622926650 5990106
628916756 458808
629375564 6285
629381849 157
2 629382006
629382008 2995053
632377061 703476
633080537 6285
633086822 999
261 633087821
633088082 6988457
640076539 941569
641018108 607
2 641018715
641018717 3993404
645012121 646162
645658283 1441
645659724 549
2 645660273
645660275 998351
646658626 433909
647092535 999
647093534 9
1 647093543
647093544 2995053
650088597 684084
650772681 30
3 650772711
650772714 342404
651115118 2882
651118000 300
651118300 7
1 651118307
651118308 4991755
656110063 666506
656776569 2882
656779451 350
3 656779801
656779804 155063
656934867 2882
848 656937749
656938597 319085
657257682 7937
75 657265619
657265694 998351
658264045 61870
658325915 1441
658327356 83
5 658327439
658327444 319085
658646529 2882
658649411 999
658650410 143
1 658650553
658650554 2995053
661645607 47638
661693245 6285
661699530 133
2 661699663
661699665 998351
662698016 305648
663003664 2882
663006546 999
246 663007545
663007791 3993404
667001195 615810
667617005 300
2 667617305
667617307 1996702
669614009 227782
523 669841791
669842314 998351
670840665 519676
671360341 41
7 671360382
671360389 2995053
674355442 133576
674489018 7726
674496744 30
2 674496774
674496776 828581
675325357 7937
675333294 1441
675334735 999
675335734 227
3 675335961
675335964 5990106
681326070 284188
681610258 999
286 681611257
681611543 998351
682609894 71116
682681010 2882
682683892 172
1 682684064
682684065 998351
683682416 215144
683897560 2882
683900442 999
202 683901441
683901643 3993404
687895047 266782
103 688161829
688161932 2995053
691156985 10872
691167857 1441
691169298 999
691170297 360
3 691170657
691170660 957758
692128418 6285
692134703 340
2 692135043
692135045 2995053
695130098 864187
695994285 4323
695998608 911
2 695999519
695999521 850092
696849613 300
696849913 5
1 696849918
696849919 528901
697378820 6285
697385105 41
697385146 7
1 697385153
697385154 998351
698383505 338964
698722469 1441
698723910 999
698724909 96
2 698725005
698725007 5990106
704715113 547413
705262526 6285
705268811 999
705269810 174
1 705269984
705269985 284188
705554173 4323
691 705558496
705559187 3993404
709552591 332337
14 709884928
709884942 998351
710883293 283490
35 711166783
711166818 86423
711253241 2882
711256123 999
711257122 413
3 711257535
711257538 414631
711672169 1441
648 711673610
711674258 998351
712672609 404945
713077554 549
1 713078103
713078104 2995053
716073157 443925
716517082 9
2 716517091
716517093 5990106
722507199 813398
723320597 2882
723323479 692
2 723324171
723324173 7986808
731310981 628515
300 731939496
731939796 727841
732667637 330
1 732667967
732667968 596028
733263996 7726
733271722 193
2 733271915
733271917 3993404
737265321 100046
737365367 2882
737368249 999
7 737369248
737369255 2995053
740364308 547413
740911721 6285
848 740918006
740918854 58510
740977364 999
740978363 350
2 740978713
740978715 2995053
743973768 711413
355 744685181
744685536 998351
745683887 284188
745968075 5764
745973839 69
2 745973908
745973910 735449
746709359 680
2 746710039
746710041 2995053
749705094 950965
397 750656059
750656456 802819
751459275 2882
684 751462157
751462841 738427
752201268 92
3 752201360
752201363 998351
753199714 126680
753326394 1441
753327835 863
4 753328698
753328702 687359
754016061 4323
754020384 999
754021383 111
2 754021494
754021496 998351
755019847 783261
755803108 470
1 755803578
755803579 3993404
759796983 373380
139 760170363
760170502 687359
859 760857861
760858720 2995053
763853773 924652
672 764778425
764779097 2995053
767774150 37349
767811499 2882
596 767814381
767814977 3993404
771808381 253028
772061409 7937
772069346 999
24 772070345
772070369 86423
772156792 1441
772158233 291
3 772158524
772158527 160418
772318945 1441
772320386 405
1 772320791
772320792 998351
773319143 557882
773877025 504
2 773877529
773877531 12184186
786061717 122747
786184464 177
2 786184641
786184643 196969
786381612 1441
786383053 999
786384052 269
4 786384321
786384325 80291
786464616 1441
355 786466057
786466412 2995053
789461465 163300
842 789624765
789625607 998351
790623958 778708
791402666 1441
687 791404107
791404794 3993404
795398198 721247
796119445 2882
710 796122327
796123037 1996702
798119739 47638
798167377 7937
798175314 1441
798176755 350
1 798177105
798177106 1996702
800173808 581118
380 800754926
800755306 5990106
806745412 269517
807014929 2882
807017811 755
807018566 15
1 807018581
807018582 1996702
809015284 375404
809390688 1441
809392129 936
3 809393065
809393068 998351
810391419 448125
810839544 4323
810843867 111
1 810843978
810843979 2995053
813839032 342404
814181436 2882
216 814184318
814184534 4991755
819176289 783261
819959550 1441
819960991 999
819961990 249
819962239 5
1 819962244
819962245 5990106
825952351 515270
826467621 224
2 826467845
826467847 659213
827127060 2882
827129942 999
157 827130941
827131098 493707
246 827624805
827625051 1996702
829621753 215144
829836897 1441
7 829838338
829838345 187152
830025497 2882
830028379 859
3 830029238
830029241 10187484
840216725 651471
227 840868196
840868423 196969
841065392 2882
841068274 882
1 841069156
841069157 998351
842067508 494660
842562168 1441
842563609 755
842564364 5
1 842564369
842564370 891844
843456214 999
40 843457213
843457253 1996702
845453955 210362
845664317 2882
845667199 911
1 845668110
845668111 6988457
852656568 383067
853039635 1441
711 853041076
853041787 338964
853380751 1441
853382192 585
2 853382777
853382779 6988457
860371236 734874
861106110 275
7 861106385
861106392 998351
862104743 570644
862675387 1441
862676828 999
365 862677827
862678192 4991755
867669947 793288
868463235 1441
868464676 539
2 868465215
868465217 561628
869026845 2882
869029727 590
4 869030317
869030321 998351
870028672 280608
870309280 999
870310279 360
3 870310639
870310642 998351
871308993 133576
871442569 6285
871448854 827
1 871449681
871449682 1996702
873446384 66315
873512699 1441
873514140 314
2 873514454
873514456 714076
874228532 562
2 874229094
874229096 998351
875227447 352728
875580175 4323
875584498 789
1 875585287
875585288 1996702
877581990 253028
877835018 7937
241 877842955
877843196 253028
878096224 6285
798 878102509
878103307 6988457
885091764 758224
885849988 473
1 885850461
885850462 4991755
890842217 267162
853 891109379
891110232 1996702
893106934 269517
893376451 2882
893379333 999
75 893380332
893380407 8985159
902365566 352728
902718294 4323
902722617 249
1 902722866
902722867 998351
903721218 433909
904155127 1441
904156568 143
2 904156711
904156713 570327
904727040 196
2 904727236
904727238 3993404
908720642 414631
909135273 999
909136272 69
4 909136341
909136345 998351
910134696 813398
910948094 41
910948135 15
1 910948150
910948151 793288
911741439 2882
15 911744321
911744336 6988457
918732793 86423
918819216 2882
918822098 574
918822672 5
1 918822677
918822678 754413
919577091 999
919578090 360
4 919578450
919578454 998351
920576805 75633
920652438 1441
920653879 346
1 920654225
920654226 721247
921375473 999
921376472 143
3 921376615
921376618 3993404
925370022 367597
925737619 413
4 925738032
925738036 3993404
929731440 65201
929796641 224
1 929796865
929796866 2995053
932791919 741771
933533690 1441
933535131 999
933536130 436
2 933536566
933536568 33729
933570297 286
2 933570583
933570585 305648
933876233 999
933877232 365
2 933877597
933877599 4991755
938869354 31598
938900952 643
2 938901595
938901597 3993404
942895001 783261
943678262 2882
943681144 999
7 943682143
943682150 3993404
947675554 175174
300 947850728
947851028 998351
948849379 180798
949030177 2882
949033059 999
949034058 384
1 949034442
949034443 998351
950032794 721247
950754041 1441
477 950755482
950755959 4991755
955747714 119865
704 955867579
955868283 998351
956866634 43166
956909800 1441
956911241 863
3 956912104
956912107 1996702
958908809 342404
959251213 5764
959256977 41
7 959257018
959257025 269517
959526542 6285
859 959532827
959533686 1996702
961530388 570327
962100715 9
2 962100724
962100726 2995053
965095779 864187
965959966 999
269 965960965
965961234 389047
966350281 1441
966351722 999
966352721 83
4 966352804
966352808 998351
967351159 245266
967596425 1441
967597866 553
4 967598419
967598423 924652
968523075 4323
968527398 241
2 968527639
968527641 828581
969356222 18809
969375031 787
1 969375818
969375819 86423
969462242 1441
969463683 999
969464682 187
2 969464869
969464871 2995053
972459924 851976
973311900 4323
973316223 599
2 973316822
973316824 859725
974176549 1441
974177990 999
974178989 413
4 974179402
974179406 5990106
980169512 43113
34 980212625
980212659 791198
981003857 5
1 981003862
981003863 6988457
987992320 66315
988058635 1441
470 988060076
988060546 6988457
995049003 10872
995059875 6285
995066160 607
1 995066767
995066768 414631
995481399 149
4 995481548
995481552 770007
996251559 1441
996253000 999
996253999 233
1 996254232
996254233 1996702
998250935 147309
998398244 1441
466 998399685
998400151 476451
168 998876602
