3759
1 1
2 2
1 4
2 5
2 7
4 4
7 8
2 15
4 17
7 17
2 24
4 26
4 30
1 34
2 35
2 37
1 39
1 40
24 39
1 63
4 63
1 67
1 68
7 68
8 75
21 75
7 96
1 103
2 104
2 106
5 106
8 106
9 108
2 117
1 119
1 120
1 121
2 122
5 122
2 127
4 129
7 129
2 136
1 138
1 139
4 139
5 143
1 148
7 149
1 156
4 157
7 161
1 168
4 168
2 172
2 174
1 176
15 172
21 169
17 176
9 187
9 193
1 202
1 203
7 204
2 211
5 211
5 216
1 221
1 222
1 223
4 223
4 227
2 231
4 233
7 233
1 240
5 241
1 246
2 247
7 249
2 256
2 258
1 260
4 260
1 264
4 265
15 260
17 269
24 265
2 289
5 291
1 296
4 296
21 289
4 310
7 314
2 321
4 323
1 327
2 328
7 330
1 337
1 338
1 339
7 339
4 346
5 350
8 350
2 358
5 360
7 365
1 372
4 373
7 373
4 380
17 377
1 394
2 395
4 397
4 401
7 401
5 408
8 413
2 421
8 423
2 431
5 431
8 431
2 439
4 441
1 445
17 441
15 446
2 461
2 463
1 465
4 465
1 469
2 470
1 472
4 472
1 476
7 477
2 484
2 486
1 488
7 488
5 495
2 500
1 502
1 503
4 503
2 507
5 509
15 509
4 524
4 528
2 532
5 532
2 537
5 539
1 544
4 545
4 549
9 553
15 553
1 568
4 569
1 573
17 568
5 585
34 562
9 590
17 585
2 602
5 602
4 607
15 607
2 622
5 624
35 607
1 642
5 643
1 648
2 649
2 651
2 653
8 653
1 661
5 662
2 667
2 669
1 671
7 672
1 679
4 680
7 680
1 687
4 687
1 691
7 692
5 699
1 704
1 705
4 705
1 709
1 710
1 711
5 712
1 717
1 718
4 719
7 719
9 726
2 735
1 737
4 737
5 741
1 746
2 747
2 749
5 749
1 754
21 754
1 775
35 751
1 786
2 787
2 789
1 791
4 791
7 791
1 798
1 799
4 799
2 803
1 805
1 806
2 807
5 809
2 814
5 814
1 819
4 819
1 823
4 823
9 824
2 833
8 833
1 841
1 842
4 842
2 846
2 848
1 850
1 851
1 852
2 853
4 855
4 859
5 863
7 868
7 875
4 882
2 886
2 888
1 890
1 891
2 892
4 894
4 898
4 902
1 906
1 907
2 908
1 910
7 911
1 918
1 919
5 920
1 925
4 925
9 926
1 935
4 936
17 929
4 946
21 935
2 956
1 958
34 935
2 969
5 969
2 974
1 976
1 977
4 977
1 981
5 982
2 987
2 989
8 991
463 978
8 8
16 16
64 64
256 256
512 512
1024 1024
2048 2048
1 140
141 2048
2189 4096
806 987
1793 2048
3841 4096
4096 4096
8 624
632 2048
2680 8192
8192 8192
7 1024
1031 4096
5127 16384
1 211
212 8192
8404 16384
32 10872
10904 16384
4 40
44 4096
4140 8192
12332 16384
936 2680
3616 4096
7712 8192
15904 16384
16384 16384
441 999
1440 32768
204 34208
890 2680
3570 32768
441 4140
4581 32768
408 1793
2201 8192
10393 32768
5 43161
39 6285
6324 8192
14516 32768
534 2048
2582 4096
6678 8192
14870 32768
910 3616
4526 8192
12718 16384
29102 32768
726 987
1713 2048
3761 4096
7857 8192
16049 16384
32433 32768
32768 32768
4 775
779 65536
327 1440
1767 2048
3815 65536
157 5127
5284 65536
296 70820
138 1767
1905 8192
10097 65536
562 1905
2467 4096
6563 8192
14755 65536
327 1767
2094 16384
18478 65536
662 3841
4503 16384
20887 65536
141 1441
1582 8192
9774 16384
26158 65536
711 1031
1742 32768
34510 65536
469 14755
15224 32768
47992 65536
596 4581
5177 16384
21561 32768
54329 65536
340 24788
25128 32768
57896 65536
39 3761
3800 8192
11992 16384
28376 32768
61144 65536
65536 65536
261 2094
2355 131072
149 133427
470 10872
11342 131072
649 14870
15519 131072
718 146591
121 21511
21632 131072
853 6678
7531 16384
23915 131072
929 6678
7607 16384
23991 131072
929 3841
4770 8192
12962 16384
29346 131072
902 32288
33190 131072
466 1031
1497 32768
34265 131072
119 9774
9893 32768
42661 131072
661 3841
4502 8192
12694 32768
45462 131072
365 12332
12697 32768
45465 131072
574 16384
16958 32768
49726 131072
2094 20887
22981 32768
55749 131072
365 6563
6928 16384
23312 32768
56080 131072
717 27288
28005 32768
60773 131072
120 2048
2168 4096
6264 8192
14456 16384
30840 32768
63608 131072
1 360
361 65536
65897 131072
177 6928
7105 65536
72641 131072
4 7531
7535 65536
73071 131072
1 926
927 8192
9119 65536
74655 131072
649 11342
11991 65536
77527 131072
792 208599
971 209391
103 1905
2008 16384
18392 65536
83928 131072
104 2048
2152 16384
18536 65536
84072 131072
361 2152
2513 4096
6609 16384
22993 65536
88529 131072
484 23991
24475 65536
90011 131072
310 91694
92004 131072
12718 14516
27234 65536
92770 131072
4581 221083
35 14755
14790 16384
31174 65536
96710 131072
651 15224
15875 16384
32259 65536
97795 131072
655 34412
35067 65536
100603 131072
310 3815
4125 32768
36893 65536
102429 131072
704 8404
9108 32768
41876 65536
107412 131072
15 15875
15890 32768
48658 65536
114194 131072
340 56080
56420 65536
121956 131072
131072 131072
2 920
922 4096
5018 262144
2355 267162
971 14516
15487 262144
16 16958
16974 262144
32 2048
2080 16384
18464 262144
642 5018
5660 16384
22044 262144
875 2201
3076 32768
35844 262144
75 5127
5202 32768
37970 262144
247 978
1225 8192
9417 32768
42185 262144
338 43166
43504 262144
534 15904
16438 32768
49206 262144
350 54329
54679 262144
258 23915
24173 32768
56941 262144
978 2680
3658 65536
69194 262144
465 4581
5046 65536
70582 262144
138 72641
72779 262144
2 692
694 8192
8886 65536
74422 262144
989 336566
69 337555
169 1742
1911 8192
10103 65536
75639 262144
380 10904
11284 65536
76820 262144
754 5284
6038 8192
14230 65536
79766 262144
247 6285
6532 8192
14724 65536
80260 262144
103 21511
21614 65536
87150 262144
405 349294
67 90011
90078 262144
168 90011
90179 262144
405 352323
786 96710
97496 262144
26 37349
37375 65536
102911 262144
662 5046
5708 32768
38476 65536
104012 262144
261 7531
7792 32768
40560 65536
106096 262144
21 7857
7878 32768
40646 65536
106182 262144
599 42661
43260 65536
108796 262144
461 45465
45926 65536
111462 262144
500 14456
14956 32768
47724 65536
113260 262144
102429 280608
30 383037
17 999
1016 8192
9208 16384
25592 32768
58360 65536
123896 262144
223 126680
126903 262144
124 7878
8002 8192
16194 16384
32578 32768
65346 65536
130882 262144
196 6678
6874 131072
137946 262144
32 400090
655 8192
8847 131072
139919 262144
6038 400122
1742 1905
3647 16384
20031 131072
151103 262144
528 20887
21415 131072
152487 262144
484 25592
26076 131072
157148 262144
15 15224
15239 16384
31623 131072
162695 262144
3841 11991
15832 16384
32216 131072
163288 262144
977 32768
33745 131072
164817 262144
265 35067
35332 131072
166404 262144
133 40560
40693 131072
171765 262144
68 3076
3144 8192
11336 32768
44104 131072
175176 262144
421 11991
12412 32768
45180 131072
176252 262144
224 5202
5426 8192
13618 32768
46386 131072
177458 262144
69 1582
1651 16384
18035 32768
50803 131072
181875 262144
265 444019
3841 444284
32768 425432
246 65346
65592 131072
196664 262144
7712 203713
211425 262144
310 84014
84324 131072
215396 262144
224 2355
2579 16384
18963 65536
84499 131072
215571 262144
114 32433
32547 65536
98083 131072
229155 262144
445 100046
100491 131072
231563 262144
841 231675
232516 262144
624 6874
7498 32768
40266 65536
105802 131072
236874 262144
24 106096
106120 131072
237192 262144
6532 231675
238207 262144
4 662
666 8192
8858 32768
41626 65536
107162 131072
238234 262144
3076 499336
148 14230
14378 32768
47146 65536
112682 131072
243754 262144
853 245266
246119 262144
891 18536
19427 32768
52195 65536
117731 131072
248803 262144
544 8002
8546 16384
24930 32768
57698 65536
123234 131072
254306 262144
2201 253028
255229 262144
11991 14724
26715 32768
59483 65536
125019 131072
256091 262144
500 11991
12491 16384
28875 32768
61643 65536
127179 131072
258251 262144
28005 100046
128051 131072
259123 262144
8847 21415
30262 32768
63030 65536
128566 131072
259638 262144
262144 262144
32 4581
4613 524288
269 14870
15139 524288
395 539427
21 1793
1814 16384
18198 524288
798 19427
20225 524288
5177 539427
824 22044
22868 524288
63 6678
6741 16384
23125 524288
204 30840
31044 524288
113260 444019
1016 32578
33594 524288
21632 539427
569 561059
544 8404
8948 32768
41716 524288
891 45465
46356 524288
24930 29346
54276 524288
10904 45926
56830 524288
4140 22993
27133 32768
59901 524288
532 61870
62402 524288
77527 510947
1 32547
32548 32768
65316 524288
121 2168
2289 65536
67825 524288
629 69351
69980 524288
75633 520395
908 80291
81199 524288
365 16384
16749 65536
82285 524288
15904 70820
86724 524288
149 8192
8341 16384
24725 65536
90261 524288
394 25592
25986 65536
91522 524288
61870 557279
1 922
923 32768
33691 65536
99227 524288
187 3144
3331 32768
36099 65536
101635 524288
413 4502
4915 32768
37683 65536
103219 524288
361 5284
5645 32768
38413 65536
103949 524288
746 5177
5923 32768
38691 65536
104227 524288
75 6285
6360 32768
39128 65536
104664 524288
35 105802
105837 524288
792 106120
106912 524288
42185 589604
423 107162
107585 524288
275 631873
569 632148
241 632717
622 632958
711 47284
47995 65536
113531 524288
755 637819
23125 30840
53965 65536
119501 524288
231 54679
54910 65536
120446 524288
18963 102911
121874 524288
723 125019
125742 524288
97496 555332
855 131072
131927 524288
137946 521267
709 8002
8711 131072
139783 524288
258 664071
706 664329
11336 130882
142218 524288
9 1905
1914 16384
18298 131072
149370 524288
503 151103
151606 524288
18198 659213
573 23125
23698 131072
154770 524288
350 679058
42661 113260
155921 524288
19427 137946
157373 524288
8 28716
28724 131072
159796 524288
5923 157148
163071 524288
3570 36893
40463 131072
171535 524288
65897 108796
174693 524288
121 47995
48116 131072
179188 524288
741 186821
187562 524288
820 57896
58716 131072
189788 524288
65201 650030
470 715231
622 62402
63024 131072
194096 524288
128 32288
32416 32768
65184 131072
196256 524288
1 350
351 65536
65887 131072
196959 524288
17 6928
6945 65536
72481 131072
203553 524288
553 7878
8431 65536
73967 131072
205039 524288
2048 7607
9655 65536
75191 131072
206263 524288
799 210362
211161 524288
29102 53965
83067 131072
214139 524288
351 4140
4491 16384
20875 65536
86411 131072
217483 524288
58360 171765
230125 524288
820 231675
232495 524288
906 4503
5409 32768
38177 65536
103713 131072
234785 524288
859 43504
44363 65536
109899 131072
240971 524288
96 6360
6456 8192
14648 32768
47416 65536
112952 131072
244024 524288
2008 45462
47470 65536
113006 131072
244078 524288
401 243754
244155 524288
23125 91522
114647 131072
245719 524288
114 254306
254420 524288
495 61870
62365 65536
127901 131072
258973 524288
8847 783261
247 6609
6856 262144
269000 524288
193 16194
16387 262144
278531 524288
539 4502
5041 16384
21425 262144
283569 524288
63 23991
24054 262144
286198 524288
890 26076
26966 262144
289110 524288
212 35067
35279 262144
297423 524288
104 5018
5122 32768
37890 262144
300034 524288
433 41716
42149 262144
304293 524288
8 65536
65544 262144
327688 524288
176 6038
6214 65536
71750 262144
333894 524288
754 858182
240 858936
549 859176
4125 859725
337 863850
3076 83067
86143 262144
348287 524288
41876 45180
87056 262144
349200 524288
851 352222
353073 524288
4 104664
104668 262144
366812 524288
545 6563
7108 32768
39876 65536
105412 262144
367556 524288
3076 107412
110488 262144
372632 524288
512 20225
20737 32768
53505 65536
119041 262144
381185 524288
377 119501
119878 262144
382022 524288
671 121874
122545 262144
384689 524288
894 389047
389941 524288
7607 121874
129481 262144
391625 524288
43166 86724
129890 262144
392034 524288
24 2680
2704 131072
133776 262144
395920 524288
524 3815
4339 131072
135411 262144
397555 524288
3815 131927
135742 262144
397886 524288
108 6324
6432 131072
137504 262144
399648 524288
34208 366156
400364 524288
5177 7937
13114 131072
144186 262144
406330 524288
300 16974
17274 131072
148346 262144
410490 524288
602 413247
413849 524288
187 22993
23180 131072
154252 262144
416396 524288
112952 304329
417281 524288
891 11336
12227 16384
28611 131072
159683 262144
421827 524288
4503 419292
423795 524288
41 34412
34453 131072
165525 262144
427669 524288
54276 113531
167807 262144
429951 524288
502 36893
37395 131072
168467 262144
430611 524288
6563 33691
40254 131072
171326 262144
433470 524288
8192 444019
452211 524288
7 62402
62409 131072
193481 262144
455625 524288
24 6214
6238 8192
14430 16384
30814 32768
63582 131072
194654 262144
456798 524288
574 981086
75 1911
1986 65536
67522 131072
198594 262144
460738 524288
40 71116
71156 131072
202228 262144
464372 524288
46386 155921
202307 262144
464451 524288
514 204143
204657 262144
466801 524288
929 12718
13647 65536
79183 131072
210255 262144
472399 524288
172 15139
15311 65536
80847 131072
211919 262144
474063 524288
524288 524288
1048576 1048576
2097152 2097152
4194304 4194304
113006 113006
226012 524288
750300 1048576
1798876 8388608
60773 510947
571720 4194304
4766024 8388608
649 173733
174382 262144
436526 524288
960814 1048576
2009390 4194304
6203694 8388608
8388608 8388608
405 127179
127584 524288
651872 1048576
1700448 4194304
5894752 16777216
2680 500378
503058 524288
1027346 2097152
3124498 4194304
7318802 16777216
231 15519
15750 32768
48518 131072
179590 524288
703878 8388608
9092486 16777216
176 5426
5602 262144
267746 1048576
1316322 2097152
3413474 8388608
11802082 16777216
8192 988660
996852 1048576
2045428 2097152
4142580 8388608
12531188 16777216
68 417281
417349 2097152
2514501 4194304
6708805 8388608
15097413 16777216
16777216 16777216
69351 100603
169954 262144
432098 524288
956386 1048576
2004962 4194304
6199266 33554432
473 916322
916795 1048576
1965371 2097152
4062523 4194304
8256827 33554432
227 3761
3988 16384
20372 1048576
1068948 8388608
9457556 33554432
9208 174382
183590 1048576
1232166 8388608
9620774 33554432
355 208599
208954 262144
471098 2097152
2568250 8388608
10956858 33554432
104664 741771
846435 4194304
5040739 8388608
13429347 33554432
193 336566
336759 524288
861047 4194304
5055351 8388608
13443959 33554432
161 92770
92931 2097152
2190083 4194304
6384387 8388608
14772995 33554432
14378 84499
98877 2097152
2196029 4194304
6390333 8388608
14778941 33554432
692 520395
521087 524288
1045375 1048576
2093951 2097152
4191103 4194304
8385407 8388608
16774015 33554432
168 114194
114362 262144
376506 1048576
1425082 2097152
3522234 4194304
7716538 16777216
24493754 33554432
495 50803
51298 65536
116834 262144
378978 1048576
1427554 2097152
3524706 4194304
7719010 16777216
24496226 33554432
33554432 33554432
9655 386040
395695 524288
919983 1048576
1968559 67108864
680 277631
278311 4194304
4472615 67108864
216 183590
183806 524288
708094 2097152
2805246 4194304
6999550 67108864
473 341910
342383 524288
866671 1048576
1915247 2097152
4012399 4194304
8206703 67108864
9774 39876
49650 262144
311794 524288
836082 1048576
1884658 8388608
10273266 67108864
806 28875
29681 131072
160753 262144
422897 1048576
1471473 4194304
5665777 8388608
14054385 67108864
486 3988
4474 32768
37242 65536
102778 262144
364922 1048576
1413498 2097152
3510650 4194304
7704954 8388608
16093562 67108864
8192 43161
51353 65536
116889 524288
641177 16777216
17418393 67108864
15 228867
228882 1048576
1277458 16777216
18054674 67108864
240 3841
4081 262144
266225 4194304
4460529 16777216
21237745 67108864
423 23125
23548 131072
154620 1048576
1203196 2097152
3300348 4194304
7494652 16777216
24271868 67108864
92931 149370
242301 262144
504445 524288
1028733 8388608
9417341 16777216
26194557 67108864
196256 638574
834830 4194304
5029134 8388608
13417742 16777216
30194958 67108864
699 102911
103610 2097152
2200762 33554432
35755194 67108864
9417 255229
264646 524288
788934 2097152
2886086 33554432
36440518 67108864
718 29681
30399 65536
95935 131072
227007 1048576
1275583 2097152
3372735 8388608
11761343 33554432
45315775 67108864
72779 858936
931715 1048576
1980291 4194304
6174595 8388608
14563203 33554432
48117635 67108864
2 36338
36340 131072
167412 262144
429556 1048576
1478132 2097152
3575284 4194304
7769588 8388608
16158196 33554432
49712628 67108864
667 9655
10322 16384
26706 65536
92242 16777216
16869458 33554432
50423890 67108864
127 65346
65473 262144
327617 1048576
1376193 16777216
18153409 33554432
51707841 67108864
40254 331338
371592 524288
895880 2097152
2993032 16777216
19770248 33554432
53324680 67108864
365 116889
117254 131072
248326 262144
510470 524288
1034758 2097152
3131910 16777216
19909126 33554432
53463558 67108864
9 174382
174391 2097152
2271543 8388608
10660151 16777216
27437367 33554432
60991799 67108864
138 630125
630263 1048576
1678839 2097152
3775991 8388608
12164599 16777216
28941815 33554432
62496247 67108864
959 267746
268705 524288
792993 4194304
4987297 8388608
13375905 16777216
30153121 33554432
63707553 67108864
67108864 67108864
40 84072
84112 262144
346256 8388608
8734864 134217728
83 23698
23781 262144
285925 1048576
1334501 8388608
9723109 134217728
776 908977
909753 1048576
1958329 8388608
10346937 134217728
604 38691
39295 262144
301439 1048576
1350015 4194304
5544319 8388608
13932927 134217728
233 119865
120098 4194304
4314402 16777216
21091618 134217728
433 338964
339397 524288
863685 1048576
1912261 2097152
4009413 4194304
8203717 16777216
24980933 134217728
446 20372
20818 32768
53586 65536
119122 131072
250194 262144
512338 524288
1036626 1048576
2085202 2097152
4182354 4194304
8376658 16777216
25153874 134217728
791 61144
61935 262144
324079 524288
848367 1048576
1896943 4194304
6091247 8388608
14479855 16777216
31257071 134217728
136 18963
19099 1048576
1067675 33554432
34622107 134217728
23781 28611
52392 65536
117928 131072
249000 2097152
2346152 33554432
35900584 134217728
143 8192
8335 32768
41103 131072
172175 1048576
1220751 2097152
3317903 33554432
36872335 134217728
5 32416
32421 262144
294565 524288
818853 4194304
5013157 33554432
38567589 134217728
8711 174693
183404 1048576
1231980 4194304
5426284 33554432
38980716 134217728
795 227007
227802 2097152
2324954 4194304
6519258 33554432
40073690 134217728
30840 675894
706734 1048576
1755310 2097152
3852462 4194304
8046766 33554432
41601198 134217728
779 22044
22823 32768
55591 524288
579879 4194304
4774183 8388608
13162791 33554432
46717223 134217728
4915 151606
156521 1048576
1205097 4194304
5399401 8388608
13788009 33554432
47342441 134217728
159796 165525
325321 16777216
17102537 33554432
50656969 134217728
46356 979913
1026269 16777216
17803485 33554432
51357917 134217728
111462 793288
904750 1048576
1953326 16777216
18730542 33554432
52284974 134217728
469 28005
28474 131072
159546 524288
683834 4194304
4878138 16777216
21655354 33554432
55209786 134217728
2 127179
127181 262144
389325 1048576
1437901 4194304
5632205 16777216
22409421 33554432
55963853 134217728
611 245266
245877 262144
508021 524288
1032309 1048576
2080885 4194304
6275189 16777216
23052405 33554432
56606837 134217728
10322 471098
481420 524288
1005708 2097152
3102860 4194304
7297164 16777216
24074380 33554432
57628812 134217728
338 12962
13300 131072
144372 262144
406516 524288
930804 8388608
9319412 16777216
26096628 33554432
59651060 134217728
11336 316823
328159 2097152
2425311 8388608
10813919 16777216
27591135 33554432
61145567 134217728
337 11342
11679 262144
273823 524288
798111 2097152
2895263 8388608
11283871 16777216
28061087 33554432
61615519 134217728
439 91522
91961 262144
354105 524288
878393 1048576
1926969 2097152
4024121 8388608
12412729 16777216
29189945 33554432
62744377 134217728
337 18478
18815 32768
51583 65536
117119 131072
248191 1048576
1296767 2097152
3393919 4194304
7588223 8388608
15976831 16777216
32754047 33554432
66308479 134217728
632 33691
34323 524288
558611 2097152
2655763 67108864
69764627 134217728
738 471098
471836 4194304
4666140 67108864
71775004 134217728
64 15519
15583 2097152
2112735 4194304
6307039 67108864
73415903 134217728
40 6856
6896 16384
23280 65536
88816 2097152
2185968 8388608
10574576 67108864
77683440 134217728
882 493707
494589 1048576
1543165 4194304
5737469 8388608
14126077 67108864
81234941 134217728
6238 116889
123127 131072
254199 262144
516343 1048576
1564919 4194304
5759223 8388608
14147831 67108864
81256695 134217728
2 61870
61872 2097152
2159024 4194304
6353328 8388608
14741936 67108864
81850800 134217728
133 32216
32349 32768
65117 2097152
2162269 4194304
6356573 8388608
14745181 67108864
81854045 134217728
2680 191845
194525 4194304
4388829 16777216
21166045 67108864
88274909 134217728
45465 641177
686642 4194304
4880946 16777216
21658162 67108864
88767026 134217728
717 547156
547873 1048576
1596449 2097152
3693601 4194304
7887905 16777216
24665121 67108864
91773985 134217728
532 24788
25320 131072
156392 262144
418536 524288
942824 1048576
1991400 2097152
4088552 4194304
8282856 16777216
25060072 67108864
92168936 134217728
507 209391
209898 262144
472042 1048576
1520618 8388608
9909226 16777216
26686442 67108864
93795306 134217728
24173 768443
792616 1048576
1841192 8388608
10229800 16777216
27007016 67108864
94115880 134217728
672 499336
500008 524288
1024296 1048576
2072872 2097152
4170024 8388608
12558632 16777216
29335848 67108864
96444712 134217728
436 33745
34181 262144
296325 4194304
4490629 8388608
12879237 16777216
29656453 67108864
96765317 134217728
222 8404
8626 131072
139698 262144
401842 524288
926130 4194304
5120434 8388608
13509042 16777216
30286258 67108864
97395122 134217728
61872 183806
245678 262144
507822 524288
1032110 4194304
5226414 8388608
13615022 16777216
30392238 67108864
97501102 134217728
187 34510
34697 262144
296841 524288
821129 1048576
1869705 4194304
6064009 8388608
14452617 16777216
31229833 67108864
98338697 134217728
10904 1376193
1387097 33554432
34941529 67108864
102050393 134217728
7857 878393
886250 2097152
2983402 33554432
36537834 67108864
103646698 134217728
4125 566004
570129 1048576
1618705 2097152
3715857 33554432
37270289 67108864
104379153 134217728
11991 28376
40367 262144
302511 524288
826799 1048576
1875375 2097152
3972527 33554432
37526959 67108864
104635823 134217728
738 56941
57679 65536
123215 262144
385359 524288
909647 4194304
5103951 33554432
38658383 67108864
105767247 134217728
466 82285
82751 262144
344895 524288
869183 1048576
1917759 4194304
6112063 33554432
39666495 67108864
106775359 134217728
484 198594
199078 2097152
2296230 8388608
10684838 33554432
44239270 67108864
111348134 134217728
41 606573
606614 1048576
1655190 2097152
3752342 8388608
12140950 33554432
45695382 67108864
112804246 134217728
589604 12558632
13148236 33554432
46702668 67108864
113811532 134217728
816 56420
57236 524288
581524 1048576
1630100 4194304
5824404 16777216
22601620 33554432
56156052 67108864
123264916 134217728
39295 703878
743173 1048576
1791749 2097152
3888901 4194304
8083205 16777216
24860421 33554432
58414853 67108864
125523717 134217728
461 1968559
1969020 2097152
4066172 4194304
8260476 16777216
25037692 33554432
58592124 67108864
125700988 134217728
6856 296841
303697 1048576
1352273 8388608
9740881 16777216
26518097 33554432
60072529 67108864
127181393 134217728
661 389325
389986 2097152
2487138 8388608
10875746 16777216
27652962 33554432
61207394 67108864
128316258 134217728
6609 204143
210752 524288
735040 1048576
1783616 2097152
3880768 8388608
12269376 16777216
29046592 33554432
62601024 67108864
129709888 134217728
717 208599
209316 4194304
4403620 8388608
12792228 16777216
29569444 33554432
63123876 67108864
130232740 134217728
562 389986
390548 4194304
4584852 8388608
12973460 16777216
29750676 33554432
63305108 67108864
130413972 134217728
859 120446
121305 131072
252377 2097152
2349529 4194304
6543833 8388608
14932441 16777216
31709657 33554432
65264089 67108864
132372953 134217728
134217728 134217728
423 146591
147014 524288
671302 2097152
2768454 268435456
32547 331338
363885 524288
888173 2097152
2985325 268435456
156 908977
909133 1048576
1957709 4194304
6152013 268435456
32433 477540
509973 1048576
1558549 2097152
3655701 4194304
7850005 268435456
800 215396
216196 1048576
1264772 2097152
3361924 8388608
11750532 268435456
75191 267746
342937 524288
867225 4194304
5061529 8388608
13450137 268435456
10393 59483
69876 131072
200948 1048576
1249524 4194304
5443828 8388608
13832436 268435456
26 12227
12253 32768
45021 524288
569309 1048576
1617885 4194304
5812189 8388608
14200797 268435456
92242 96710
188952 262144
451096 2097152
2548248 4194304
6742552 8388608
15131160 268435456
436 57896
58332 262144
320476 16777216
17097692 268435456
709 375404
376113 1048576
1424689 16777216
18201905 268435456
177 18536
18713 131072
149785 262144
411929 2097152
2509081 16777216
19286297 268435456
258 186821
187079 4194304
4381383 16777216
21158599 268435456
247 204657
204904 4194304
4399208 16777216
21176424 268435456
358 1316322
1316680 4194304
5510984 16777216
22288200 268435456
25128 228867
253995 1048576
1302571 8388608
9691179 16777216
26468395 268435456
469 2200762
2201231 8388608
10589839 16777216
27367055 268435456
643 920208
920851 2097152
3018003 4194304
7212307 8388608
15600915 16777216
32378131 268435456
445 437320
437765 524288
962053 1048576
2010629 33554432
35565061 268435456
212 98083
98295 2097152
2195447 33554432
35749879 268435456
114 34453
34567 65536
100103 262144
362247 2097152
2459399 33554432
36013831 268435456
574 36099
36673 2097152
2133825 4194304
6328129 33554432
39882561 268435456
35 6678
6713 131072
137785 1048576
1186361 2097152
3283513 4194304
7477817 33554432
41032249 268435456
397 981
1378 131072
132450 1048576
1181026 8388608
9569634 33554432
43124066 268435456
978 12718
13696 131072
144768 1048576
1193344 8388608
9581952 33554432
43136384 268435456
585 77527
78112 1048576
1126688 2097152
3223840 8388608
11612448 33554432
45166880 268435456
128 53505
53633 131072
184705 262144
446849 2097152
2544001 4194304
6738305 8388608
15126913 33554432
48681345 268435456
7 62409
62416 65536
127952 131072
259024 262144
521168 1048576
1569744 2097152
3666896 4194304
7861200 8388608
16249808 33554432
49804240 268435456
149 152487
152636 524288
676924 8388608
9065532 16777216
25842748 33554432
59397180 268435456
4096 349699
353795 1048576
1402371 2097152
3499523 8388608
11888131 16777216
28665347 33554432
62219779 268435456
227 962053
962280 4194304
5156584 8388608
13545192 16777216
30322408 33554432
63876840 268435456
408 433909
434317 1048576
1482893 2097152
3580045 4194304
7774349 8388608
16162957 16777216
32940173 33554432
66494605 268435456
655 253028
253683 524288
777971 67108864
67886835 268435456
160418 2072872
2233290 67108864
69342154 268435456
129 58332
58461 131072
189533 262144
451677 2097152
2548829 67108864
69657693 268435456
649 909753
910402 2097152
3007554 67108864
70116418 268435456
959 47146
48105 524288
572393 1048576
1620969 4194304
5815273 67108864
72924137 268435456
574 28716
29290 65536
94826 131072
225898 1048576
1274474 2097152
3371626 4194304
7565930 67108864
74674794 268435456
373606 665035
1038641 1048576
2087217 2097152
4184369 4194304
8378673 67108864
75487537 268435456
922 859725
860647 4194304
5054951 8388608
13443559 67108864
80552423 268435456
108 198594
198702 524288
722990 1048576
1771566 2097152
3868718 4194304
8063022 8388608
16451630 67108864
83560494 268435456
35 15750
15785 16384
32169 32768
64937 262144
327081 524288
851369 1048576
1899945 16777216
18677161 67108864
85786025 268435456
358 53965
54323 2097152
2151475 16777216
18928691 67108864
86037555 268435456
798 588474
589272 4194304
4783576 16777216
21560792 67108864
88669656 268435456
233501 631873
865374 1048576
1913950 4194304
6108254 16777216
22885470 67108864
89994334 268435456
15750 51298
67048 131072
198120 524288
722408 1048576
1770984 2097152
3868136 4194304
8062440 16777216
24839656 67108864
91948520 268435456
463 35279
35742 8388608
8424350 16777216
25201566 67108864
92310430 268435456
152487 371592
524079 1048576
1572655 2097152
3669807 8388608
12058415 16777216
28835631 67108864
95944495 268435456
39128 768312
807440 1048576
1856016 2097152
3953168 4194304
8147472 8388608
16536080 16777216
33313296 67108864
100422160 268435456
37242 423795
461037 33554432
34015469 67108864
101124333 268435456
688 56941
57629 65536
123165 131072
254237 262144
516381 1048576
1564957 33554432
35119389 67108864
102228253 268435456
135742 750300
886042 8388608
9274650 33554432
42829082 67108864
109937946 268435456
52195 367556
419751 2097152
2516903 8388608
10905511 33554432
44459943 67108864
111568807 268435456
999 106096
107095 1048576
1155671 2097152
3252823 8388608
11641431 33554432
45195863 67108864
112304727 268435456
15 102911
102926 524288
627214 1048576
1675790 2097152
3772942 8388608
12161550 33554432
45715982 67108864
112824846 268435456
16387 30814
47201 1048576
1095777 16777216
17872993 33554432
51427425 67108864
118536289 268435456
14956 57698
72654 4194304
4266958 16777216
21044174 33554432
54598606 67108864
121707470 268435456
1915247 5054951
6970198 16777216
23747414 33554432
57301846 67108864
124410710 268435456
303697 915913
1219610 2097152
3316762 8388608
11705370 16777216
28482586 33554432
62037018 67108864
129145882 268435456
2189 47284
49473 131072
180545 4194304
4374849 8388608
12763457 16777216
29540673 33554432
63095105 67108864
130203969 268435456
1 129481
129482 131072
260554 2097152
2357706 4194304
6552010 134217728
140769738 268435456
34181 891844
926025 8388608
9314633 134217728
143532361 268435456
1814 72654
74468 131072
205540 524288
729828 4194304
4924132 8388608
13312740 134217728
147530468 268435456
469 20225
20694 65536
86230 262144
348374 1048576
1396950 4194304
5591254 8388608
13979862 134217728
148197590 268435456
2289 205727
208016 262144
470160 524288
994448 1048576
2043024 2097152
4140176 4194304
8334480 8388608
16723088 134217728
150940816 268435456
16 6678
6694 2097152
2103846 16777216
18881062 134217728
153098790 268435456
507 679408
679915 1048576
1728491 4194304
5922795 16777216
22700011 134217728
156917739 268435456
238484 615810
854294 1048576
1902870 2097152
4000022 4194304
8194326 16777216
24971542 134217728
159189270 268435456
20737 267746
288483 8388608
8677091 16777216
25454307 134217728
159672035 268435456
1031 129482
130513 1048576
1179089 8388608
9567697 16777216
26344913 134217728
160562641 268435456
2 243754
243756 524288
768044 1048576
1816620 2097152
3913772 8388608
12302380 16777216
29079596 134217728
163297324 268435456
314 119865
120179 131072
251251 262144
513395 524288
1037683 1048576
2086259 2097152
4183411 8388608
12572019 16777216
29349235 134217728
163566963 268435456
56420 269517
325937 524288
850225 4194304
5044529 8388608
13433137 16777216
30210353 134217728
164428081 268435456
680 29346
30026 262144
292170 1048576
1340746 4194304
5535050 8388608
13923658 16777216
30700874 134217728
164918602 268435456
122 54323
54445 131072
185517 262144
447661 1048576
1496237 2097152
3593389 4194304
7787693 8388608
16176301 16777216
32953517 134217728
167171245 268435456
549 25592
26141 65536
91677 131072
222749 1048576
1271325 33554432
34825757 134217728
169043485 268435456
51298 9065532
9116830 33554432
42671262 134217728
176888990 268435456
395 14648
15043 16384
31427 65536
96963 262144
359107 524288
883395 4194304
5077699 8388608
13466307 33554432
47020739 134217728
181238467 268435456
5 18464
18469 131072
149541 1048576
1198117 2097152
3295269 4194304
7489573 8388608
15878181 33554432
49432613 134217728
183650341 268435456
8341 8711
17052 65536
82588 2097152
2179740 4194304
6374044 16777216
23151260 33554432
56705692 134217728
190923420 268435456
87150 142414
229564 524288
753852 2097152
2851004 4194304
7045308 16777216
23822524 33554432
57376956 134217728
191594684 268435456
787 71750
72537 8388608
8461145 16777216
25238361 33554432
58792793 134217728
193010521 268435456
981 354105
355086 1048576
1403662 8388608
9792270 16777216
26569486 33554432
60123918 134217728
194341646 268435456
119878 278311
398189 1048576
1446765 2097152
3543917 8388608
11932525 16777216
28709741 33554432
62264173 134217728
196481901 268435456
67 558611
558678 1048576
1607254 4194304
5801558 8388608
14190166 16777216
30967382 33554432
64521814 134217728
198739542 268435456
807 49726
50533 65536
116069 131072
247141 524288
771429 67108864
67880293 134217728
202098021 268435456
704 98083
98787 262144
360931 524288
885219 4194304
5079523 67108864
72188387 134217728
206406115 268435456
433909 1005708
1439617 4194304
5633921 67108864
72742785 134217728
206960513 268435456
712 253028
253740 524288
778028 1048576
1826604 4194304
6020908 67108864
73129772 134217728
207347500 268435456
977 223842
224819 262144
486963 524288
1011251 1048576
2059827 2097152
4156979 4194304
8351283 67108864
75460147 134217728
209677875 268435456
632148 858182
1490330 8388608
9878938 67108864
76987802 134217728
211205530 268435456
568 21561
22129 65536
87665 524288
611953 1048576
1660529 8388608
10049137 67108864
77158001 134217728
211375729 268435456
800 4066172
4066972 8388608
12455580 67108864
79564444 134217728
213782172 268435456
15904 584189
600093 4194304
4794397 8388608
13183005 67108864
80291869 134217728
214509597 268435456
687 327081
327768 1048576
1376344 16777216
18153560 67108864
85262424 134217728
219480152 268435456
168 189533
189701 1048576
1238277 2097152
3335429 16777216
20112645 67108864
87221509 134217728
221439237 268435456
476 53586
54062 131072
185134 4194304
4379438 16777216
21156654 67108864
88265518 134217728
222483246 268435456
596 174391
174987 262144
437131 4194304
4631435 16777216
21408651 67108864
88517515 134217728
222735243 268435456
202 62402
62604 131072
193676 2097152
2290828 4194304
6485132 16777216
23262348 67108864
90371212 134217728
224588940 268435456
8858 768443
777301 1048576
1825877 8388608
10214485 16777216
26991701 67108864
94100565 134217728
228318293 268435456
246 102778
103024 2097152
2200176 8388608
10588784 16777216
27366000 67108864
94474864 134217728
228692592 268435456
935 31623
32558 32768
65326 262144
327470 524288
851758 4194304
5046062 8388608
13434670 16777216
30211886 67108864
97320750 134217728
231538478 268435456
23125 1700448
1723573 2097152
3820725 4194304
8015029 8388608
16403637 16777216
33180853 67108864
100289717 134217728
234507445 268435456
776 25128
25904 65536
91440 33554432
33645872 67108864
100754736 134217728
234972464 268435456
45465 210255
255720 33554432
33810152 67108864
100919016 134217728
235136744 268435456
247 172175
172422 4194304
4366726 33554432
37921158 67108864
105030022 134217728
239247750 268435456
125019 413849
538868 2097152
2636020 4194304
6830324 33554432
40384756 67108864
107493620 134217728
241711348 268435456
372 13618
13990 262144
276134 524288
800422 2097152
2897574 4194304
7091878 33554432
40646310 67108864
107755174 134217728
241972902 268435456
39 267746
267785 524288
792073 8388608
9180681 33554432
42735113 67108864
109843977 134217728
244061705 268435456
1914 283569
285483 1048576
1334059 4194304
5528363 8388608
13916971 33554432
47471403 67108864
114580267 134217728
248797995 268435456
747 57679
58426 131072
189498 2097152
2286650 4194304
6480954 8388608
14869562 33554432
48423994 67108864
115532858 134217728
249750586 268435456
129482 883395
1012877 2097152
3110029 16777216
19887245 33554432
53441677 67108864
120550541 134217728
254768269 268435456
528 433470
433998 1048576
1482574 2097152
3579726 16777216
20356942 33554432
53911374 67108864
121020238 134217728
255237966 268435456
227 26715
26942 262144
289086 1048576
1337662 4194304
5531966 16777216
22309182 33554432
55863614 67108864
122972478 134217728
257190206 268435456
330 37683
38013 262144
300157 2097152
2397309 4194304
6591613 16777216
23368829 33554432
56923261 67108864
124032125 134217728
258249853 268435456
7108 54329
61437 131072
192509 524288
716797 1048576
1765373 2097152
3862525 4194304
8056829 16777216
24834045 33554432
58388477 67108864
125497341 134217728
259715069 268435456
144186 765259
909445 1048576
1958021 4194304
6152325 8388608
14540933 16777216
31318149 33554432
64872581 67108864
131981445 134217728
266199173 268435456
321 169954
170275 2097152
2267427 4194304
6461731 8388608
14850339 16777216
31627555 33554432
65181987 67108864
132290851 134217728
266508579 268435456
32578 659213
691791 1048576
1740367 2097152
3837519 4194304
8031823 8388608
16420431 16777216
33197647 33554432
66752079 67108864
133860943 134217728
268078671 268435456
268435456 268435456
168 54910
55078 536870912
114 61437
61551 4194304
4255855 536870912
694 12697
13391 262144
275535 524288
799823 4194304
4994127 536870912
127179 1220751
1347930 4194304
5542234 536870912
328 56420
56748 2097152
2153900 4194304
6348204 536870912
652828 7716538
8369366 536870912
127 13647
13774 8388608
8402382 536870912
555332 569309
1124641 2097152
3221793 16777216
19999009 536870912
275 31623
31898 32768
64666 65536
130202 524288
654490 4194304
4848794 16777216
21626010 536870912
328 46356
46684 262144
308828 1048576
1357404 4194304
5551708 16777216
22328924 536870912
41 16438
16479 2097152
2113631 4194304
6307935 16777216
23085151 536870912
882 711850
712732 1048576
1761308 8388608
10149916 16777216
26927132 536870912
176252 799823
976075 2097152
3073227 8388608
11461835 16777216
28239051 536870912
68 17052
17120 32768
49888 65536
115424 262144
377568 4194304
4571872 8388608
12960480 16777216
29737696 536870912
90261 641177
731438 1048576
1780014 33554432
35334446 536870912
908 34697
35605 131072
166677 524288
690965 1048576
1739541 2097152
3836693 4194304
8030997 33554432
41585429 536870912
421 56080
56501 65536
122037 262144
384181 524288
908469 2097152
3005621 16777216
19782837 33554432
53337269 536870912
11991 988660
1000651 1048576
2049227 4194304
6243531 16777216
23020747 33554432
56575179 536870912
65897 91694
157591 1048576
1206167 2097152
3303319 4194304
7497623 16777216
24274839 33554432
57829271 536870912
894 194680
195574 1048576
1244150 4194304
5438454 8388608
13827062 16777216
30604278 33554432
64158710 536870912
717 49726
50443 65536
115979 131072
247051 2097152
2344203 4194304
6538507 8388608
14927115 16777216
31704331 33554432
65258763 536870912
855 962280
963135 2097152
3060287 4194304
7254591 8388608
15643199 16777216
32420415 33554432
65974847 536870912
269 592113
592382 1048576
1640958 4194304
5835262 67108864
72944126 536870912
22993 232516
255509 8388608
8644117 67108864
75752981 536870912
803 208599
209402 262144
471546 524288
995834 4194304
5190138 8388608
13578746 67108864
80687610 536870912
47724 328159
375883 524288
900171 1048576
1948747 2097152
4045899 4194304
8240203 8388608
16628811 67108864
83737675 536870912
741 477715
478456 524288
1002744 16777216
17779960 67108864
84888824 536870912
6609 65897
72506 2097152
2169658 16777216
18946874 67108864
86055738 536870912
8626 227782
236408 8388608
8625016 16777216
25402232 67108864
92511096 536870912
65316 1780014
1845330 2097152
3942482 8388608
12331090 16777216
29108306 67108864
96217170 536870912
260 1387097
1387357 2097152
3484509 33554432
37038941 67108864
104147805 536870912
106120 1728491
1834611 2097152
3931763 4194304
8126067 33554432
41680499 67108864
108789363 536870912
196 121956
122152 1048576
1170728 8388608
9559336 33554432
43113768 67108864
110222632 536870912
4125 127181
131306 524288
655594 4194304
4849898 8388608
13238506 33554432
46792938 67108864
113901802 536870912
537 1000651
1001188 4194304
5195492 8388608
13584100 33554432
47138532 67108864
114247396 536870912
44 43504
43548 65536
109084 262144
371228 2097152
2468380 16777216
19245596 33554432
52800028 67108864
119908892 536870912
611 5122
5733 524288
530021 2097152
2627173 16777216
19404389 33554432
52958821 67108864
120067685 536870912
104 332726
332830 524288
857118 2097152
2954270 16777216
19731486 33554432
53285918 67108864
120394782 536870912
9893 73967
83860 262144
346004 524288
870292 1048576
1918868 2097152
4016020 16777216
20793236 33554432
54347668 67108864
121456532 536870912
35742 109084
144826 4194304
4339130 16777216
21116346 33554432
54670778 67108864
121779642 536870912
104 48105
48209 1048576
1096785 2097152
3193937 4194304
7388241 16777216
24165457 33554432
57719889 67108864
124828753 536870912
21561 286198
307759 8388608
8696367 16777216
25473583 33554432
59028015 67108864
126136879 536870912
5202 193481
198683 524288
722971 4194304
4917275 8388608
13305883 16777216
30083099 33554432
63637531 67108864
130746395 536870912
786 63608
64394 262144
326538 524288
850826 2097152
2947978 4194304
7142282 8388608
15530890 16777216
32308106 33554432
65862538 67108864
132971402 536870912
42185 229564
271749 134217728
134489477 536870912
264 262144
262408 1048576
1310984 2097152
3408136 134217728
137625864 536870912
4502 48518
53020 4194304
4247324 134217728
138465052 536870912
470 2133825
2134295 8388608
10522903 134217728
144740631 536870912
5041 23280
28321 32768
61089 1048576
1109665 2097152
3206817 8388608
11595425 134217728
145813153 536870912
936 229155
230091 4194304
4424395 8388608
12813003 134217728
147030731 536870912
16958 279118
296076 16777216
17073292 134217728
151291020 536870912
13774 14230
28004 131072
159076 1048576
1207652 2097152
3304804 16777216
20082020 134217728
154299748 536870912
463 74422
74885 4194304
4269189 16777216
21046405 134217728
155264133 536870912
35844 233501
269345 524288
793633 1048576
1842209 2097152
3939361 4194304
8133665 16777216
24910881 134217728
159128609 536870912
585 70582
71167 524288
595455 8388608
8984063 16777216
25761279 134217728
159979007 536870912
362247 768443
1130690 8388608
9519298 16777216
26296514 134217728
160514242 536870912
5127 106120
111247 262144
373391 2097152
2470543 8388608
10859151 16777216
27636367 134217728
161854095 536870912
196 102429
102625 524288
626913 33554432
34181345 134217728
168399073 536870912
202 915913
916115 33554432
34470547 134217728
168688275 536870912
172 129890
130062 131072
261134 262144
523278 524288
1047566 4194304
5241870 33554432
38796302 134217728
173014030 536870912
114362 117928
232290 2097152
2329442 4194304
6523746 33554432
40078178 134217728
174295906 536870912
30840 292170
323010 2097152
2420162 4194304
6614466 33554432
40168898 134217728
174386626 536870912
40266 175176
215442 524288
739730 2097152
2836882 4194304
7031186 33554432
40585618 134217728
174803346 536870912
68 46356
46424 8388608
8435032 33554432
41989464 134217728
176207192 536870912
15139 62402
77541 262144
339685 1048576
1388261 2097152
3485413 8388608
11874021 33554432
45428453 134217728
179646181 536870912
227802 627507
855309 1048576
1903885 16777216
18681101 33554432
52235533 134217728
186453261 536870912
2704 31044
33748 2097152
2130900 8388608
10519508 16777216
27296724 33554432
60851156 134217728
195068884 536870912
723 105837
106560 131072
237632 524288
761920 2097152
2859072 8388608
11247680 16777216
28024896 33554432
61579328 134217728
195797056 536870912
470 316823
317293 1048576
1365869 2097152
3463021 8388608
11851629 16777216
28628845 33554432
62183277 134217728
196401005 536870912
726 219601
220327 1048576
1268903 2097152
3366055 4194304
7560359 8388608
15948967 16777216
32726183 33554432
66280615 134217728
200498343 536870912
176537 447661
624198 2097152
2721350 67108864
69830214 134217728
204047942 536870912
91677 592382
684059 2097152
2781211 67108864
69890075 134217728
204107803 536870912
36893 159683
196576 2097152
2293728 4194304
6488032 67108864
73596896 134217728
207814624 536870912
210362 226012
436374 1048576
1484950 2097152
3582102 4194304
7776406 67108864
74885270 134217728
209102998 536870912
26966 96963
123929 8388608
8512537 67108864
75621401 134217728
209839129 536870912
680 923936
924616 1048576
1973192 2097152
4070344 8388608
12458952 67108864
79567816 134217728
213785544 536870912
332726 349699
682425 4194304
4876729 8388608
13265337 67108864
80374201 134217728
214591929 536870912
55078 1365869
1420947 4194304
5615251 8388608
14003859 67108864
81112723 134217728
215330451 536870912
24173 426961
451134 2097152
2548286 4194304
6742590 8388608
15131198 67108864
82240062 134217728
216457790 536870912
181875 962053
1143928 2097152
3241080 4194304
7435384 8388608
15823992 67108864
82932856 134217728
217150584 536870912
711 41716
42427 262144
304571 524288
828859 16777216
17606075 67108864
84714939 134217728
218932667 536870912
827 1000651
1001478 4194304
5195782 16777216
21972998 67108864
89081862 134217728
223299590 536870912
824322 865374
1689696 4194304
5884000 16777216
22661216 67108864
89770080 134217728
223987808 536870912
14870 352323
367193 1048576
1415769 8388608
9804377 16777216
26581593 67108864
93690457 134217728
227908185 536870912
61089 196256
257345 4194304
4451649 8388608
12840257 16777216
29617473 67108864
96726337 134217728
230944065 536870912
46684 271749
318433 33554432
33872865 67108864
100981729 134217728
235199457 536870912
75 406516
406591 33554432
33961023 67108864
101069887 134217728
235287615 536870912
232290 336566
568856 33554432
34123288 67108864
101232152 134217728
235449880 536870912
67 28376
28443 2097152
2125595 33554432
35680027 67108864
102788891 134217728
237006619 536870912
32 14755
14787 262144
276931 524288
801219 1048576
1849795 4194304
6044099 8388608
14432707 33554432
47987139 67108864
115096003 134217728
249313731 536870912
15875 985026
1000901 1048576
2049477 4194304
6243781 8388608
14632389 33554432
48186821 67108864
115295685 134217728
249513413 536870912
34412 2097152
2131564 4194304
6325868 8388608
14714476 33554432
48268908 67108864
115377772 134217728
249595500 536870912
241 47638
47879 1048576
1096455 16777216
17873671 33554432
51428103 67108864
118536967 134217728
252754695 536870912
300034 478456
778490 2097152
2875642 16777216
19652858 33554432
53207290 67108864
120316154 134217728
254533882 536870912
10097 243756
253853 1048576
1302429 2097152
3399581 4194304
7593885 16777216
24371101 33554432
57925533 67108864
125034397 134217728
259252125 536870912
349699 909647
1259346 8388608
9647954 16777216
26425170 33554432
59979602 67108864
127088466 134217728
261306194 536870912
853 3836693
3837546 8388608
12226154 16777216
29003370 33554432
62557802 67108864
129666666 134217728
263884394 536870912
581524 1130690
1712214 268435456
270147670 536870912
156 23312
23468 131072
154540 262144
416684 524288
940972 1048576
1989548 2097152
4086700 268435456
272522156 536870912
5645 5531966
5537611 268435456
273973067 536870912
17052 210362
227414 262144
489558 8388608
8878166 268435456
277313622 536870912
789 106096
106885 131072
237957 262144
500101 524288
1024389 1048576
2072965 4194304
6267269 8388608
14655877 268435456
283091333 536870912
258 189701
189959 4194304
4384263 16777216
21161479 268435456
289596935 536870912
960814 4086700
5047514 16777216
21824730 268435456
290260186 536870912
599 297988
298587 1048576
1347163 4194304
5541467 16777216
22318683 268435456
290754139 536870912
24788 389941
414729 1048576
1463305 2097152
3560457 4194304
7754761 16777216
24531977 268435456
292967433 536870912
138 605487
605625 1048576
1654201 2097152
3751353 4194304
7945657 16777216
24722873 268435456
293158329 536870912
850 433909
434759 524288
959047 1048576
2007623 33554432
35562055 268435456
303997511 536870912
717 110488
111205 2097152
2208357 33554432
35762789 268435456
304198245 536870912
221083 336759
557842 1048576
1606418 2097152
3703570 33554432
37258002 268435456
305693458 536870912
222 139783
140005 262144
402149 4194304
4596453 33554432
38150885 268435456
306586341 536870912
55591 198120
253711 262144
515855 2097152
2613007 4194304
6807311 33554432
40361743 268435456
308797199 536870912
54910 14126077
14180987 33554432
47735419 268435456
316170875 536870912
40266 850225
890491 1048576
1939067 4194304
6133371 8388608
14521979 33554432
48076411 268435456
316511867 536870912
50803 174693
225496 1048576
1274072 4194304
5468376 16777216
22245592 33554432
55800024 268435456
324235480 536870912
590 223842
224432 524288
748720 2097152
2845872 4194304
7040176 16777216
23817392 33554432
57371824 268435456
325807280 536870912
211 244078
244289 4194304
4438593 8388608
12827201 16777216
29604417 33554432
63158849 268435456
331594305 536870912
88529 196576
285105 524288
809393 4194304
5003697 8388608
13392305 16777216
30169521 33554432
63723953 268435456
332159409 536870912
16749 14655877
14672626 16777216
31449842 33554432
65004274 268435456
333439730 536870912
168467 65974847
66143314 268435456
334578770 536870912
922 49726
50648 1048576
1099224 67108864
68208088 268435456
336643544 536870912
86230 679058
765288 1048576
1813864 67108864
68922728 268435456
337358184 536870912
337 23991
24328 1048576
1072904 2097152
3170056 67108864
70278920 268435456
338714376 536870912
10097 174987
185084 1048576
1233660 4194304
5427964 67108864
72536828 268435456
340972284 536870912
911 444284
445195 1048576
1493771 4194304
5688075 67108864
72796939 268435456
341232395 536870912
219601 632717
852318 4194304
5046622 8388608
13435230 67108864
80544094 268435456
348979550 536870912
103949 765259
869208 1048576
1917784 16777216
18695000 67108864
85803864 268435456
354239320 536870912
57679 198120
255799 262144
517943 524288
1042231 1048576
2090807 2097152
4187959 16777216
20965175 67108864
88074039 268435456
356509495 536870912
10904 19099
30003 131072
161075 262144
423219 524288
947507 4194304
5141811 8388608
13530419 16777216
30307635 67108864
97416499 268435456
365851955 536870912
589604 1791749
2381353 4194304
6575657 8388608
14964265 16777216
31741481 67108864
98850345 268435456
367285801 536870912
103024 227414
330438 524288
854726 2097152
2951878 4194304
7146182 8388608
15534790 16777216
32312006 67108864
99420870 268435456
367856326 536870912
43260 1026269
1069529 2097152
3166681 33554432
36721113 67108864
103829977 268435456
372265433 536870912
922 783261
784183 4194304
4978487 33554432
38532919 67108864
105641783 268435456
374077239 536870912
648 6856
7504 524288
531792 1048576
1580368 4194304
5774672 33554432
39329104 67108864
106437968 268435456
374873424 536870912
585 269517
270102 4194304
4464406 8388608
12853014 33554432
46407446 67108864
113516310 268435456
381951766 536870912
1582 1024296
1025878 4194304
5220182 8388608
13608790 33554432
47163222 67108864
114272086 268435456
382707542 536870912
7 4491
4498 2097152
2101650 4194304
6295954 8388608
14684562 33554432
48238994 67108864
115347858 268435456
383783314 536870912
710 70820
71530 131072
202602 524288
726890 2097152
2824042 4194304
7018346 8388608
15406954 33554432
48961386 67108864
116070250 268435456
384505706 536870912
477 107095
107572 262144
369716 524288
894004 2097152
2991156 16777216
19768372 33554432
53322804 67108864
120431668 268435456
388867124 536870912
164262 594268
758530 2097152
2855682 4194304
7049986 16777216
23827202 33554432
57381634 67108864
124490498 268435456
392925954 536870912
231 303697
303928 2097152
2401080 8388608
10789688 16777216
27566904 33554432
61121336 67108864
128230200 268435456
396665656 536870912
321 337624
337945 2097152
2435097 8388608
10823705 16777216
27600921 33554432
61155353 67108864
128264217 268435456
396699673 536870912
573 120098
120671 524288
644959 2097152
2742111 8388608
11130719 16777216
27907935 33554432
61462367 67108864
128571231 268435456
397006687 536870912
314 32547
32861 131072
163933 262144
426077 1048576
1474653 2097152
3571805 4194304
7766109 8388608
16154717 16777216
32931933 33554432
66486365 67108864
133595229 268435456
402030685 536870912
114647 373391
488038 524288
1012326 1048576
2060902 2097152
4158054 134217728
138375782 268435456
406811238 536870912
123215 8203717
8326932 134217728
142544660 268435456
410980116 536870912
110488 1011251
1121739 8388608
9510347 134217728
143728075 268435456
412163531 536870912
34323 56420
90743 131072
221815 524288
746103 2097152
2843255 8388608
11231863 134217728
145449591 268435456
413885047 536870912
8192 83067
91259 524288
615547 1048576
1664123 2097152
3761275 4194304
7955579 8388608
16344187 134217728
150561915 268435456
418997371 536870912
96 86411
86507 524288
610795 16777216
17388011 134217728
151605739 268435456
420041195 536870912
599 71530
72129 262144
334273 524288
858561 2097152
2955713 16777216
19732929 134217728
153950657 268435456
422386113 536870912
139 86507
86646 1048576
1135222 2097152
3232374 16777216
20009590 134217728
154227318 268435456
422662774 536870912
30 32216
32246 524288
556534 1048576
1605110 4194304
5799414 16777216
22576630 134217728
156794358 268435456
425229814 536870912
923 221815
222738 1048576
1271314 8388608
9659922 16777216
26437138 134217728
160654866 268435456
429090322 536870912
74885 539427
614312 1048576
1662888 8388608
10051496 16777216
26828712 134217728
161046440 268435456
429481896 536870912
32861 2875642
2908503 8388608
11297111 16777216
28074327 134217728
162292055 268435456
430727511 536870912
202 3837519
3837721 8388608
12226329 16777216
29003545 134217728
163221273 268435456
431656729 536870912
296 491299
491595 4194304
4685899 8388608
13074507 16777216
29851723 134217728
164069451 268435456
432504907 536870912
99227 481420
580647 4194304
4774951 8388608
13163559 16777216
29940775 134217728
164158503 268435456
432593959 536870912
339 237957
238296 33554432
33792728 134217728
168010456 268435456
436445912 536870912
217483 883395
1100878 33554432
34655310 134217728
168873038 268435456
437308494 536870912
163933 6970198
7134131 33554432
40688563 134217728
174906291 268435456
443341747 536870912
37890 547413
585303 1048576
1633879 2097152
3731031 4194304
7925335 33554432
41479767 134217728
175697495 268435456
444132951 536870912
34208 267746
301954 2097152
2399106 4194304
6593410 8388608
14982018 33554432
48536450 134217728
182754178 268435456
451189634 536870912
111247 905473
1016720 4194304
5211024 16777216
21988240 33554432
55542672 134217728
189760400 268435456
458195856 536870912
155921 1275583
1431504 4194304
5625808 16777216
22403024 33554432
55957456 134217728
190175184 268435456
458610640 536870912
121 106912
107033 2097152
2204185 4194304
6398489 16777216
23175705 33554432
56730137 134217728
190947865 268435456
459383321 536870912
9208 146591
155799 8388608
8544407 16777216
25321623 33554432
58876055 134217728
193093783 268435456
461529239 536870912
545 631873
632418 8388608
9021026 16777216
25798242 33554432
59352674 134217728
193570402 268435456
462005858 536870912
