2561
1 1
2 2
4 1
5 2
7 2
9 5
14 1
15 2
17 4
17 7
24 2
26 4
30 4
34 1
35 2
37 2
39 1
40 1
39 24
63 1
63 4
67 1
68 1
68 7
69 14
75 21
96 7
103 1
104 2
106 2
106 5
75 39
108 9
117 2
119 1
120 1
121 1
122 2
122 5
127 2
129 4
129 7
136 2
138 1
139 1
139 4
143 5
148 1
149 7
156 1
157 4
161 7
168 1
168 4
172 2
174 2
176 1
172 15
176 14
176 17
187 9
193 9
202 1
203 1
204 7
211 2
211 5
216 5
221 1
222 1
223 1
223 4
227 4
231 2
233 4
233 7
240 1
241 5
246 1
247 2
249 7
256 2
258 2
260 1
260 4
264 1
265 4
261 14
269 17
275 14
289 2
291 5
296 1
296 4
296 14
310 4
314 7
321 2
323 4
327 1
328 2
330 7
337 1
338 1
339 1
339 7
346 4
350 5
337 21
358 2
360 5
365 7
372 1
373 4
373 7
380 4
380 14
394 1
395 2
397 4
401 4
401 7
408 5
397 24
421 2
405 26
431 2
431 5
413 26
439 2
441 4
445 1
441 17
446 15
461 2
463 2
465 1
465 4
469 1
470 2
472 1
472 4
476 1
477 7
484 2
486 2
488 1
488 7
495 5
500 2
502 1
503 1
503 4
507 2
509 5
509 15
524 4
528 4
532 2
532 5
537 2
539 5
544 1
545 4
549 4
553 9
553 15
568 1
569 4
573 1
568 17
585 5
562 34
590 9
585 17
602 2
602 5
607 4
607 15
622 2
624 5
607 35
642 1
643 5
648 1
649 2
651 2
653 2
624 37
661 1
662 5
667 2
669 2
671 1
672 7
679 1
680 4
680 7
687 1
687 4
691 1
692 7
699 5
704 1
705 1
705 4
709 1
710 1
711 1
712 5
717 1
718 1
719 4
719 7
726 9
735 2
737 1
737 4
741 5
746 1
747 2
749 2
749 5
754 1
754 21
775 1
751 35
786 1
787 2
789 2
791 1
791 4
791 7
798 1
799 1
799 4
803 2
805 1
806 1
807 2
809 5
814 2
814 5
819 1
819 4
823 1
823 4
824 9
833 2
827 14
841 1
842 1
842 4
846 2
848 2
850 1
851 1
852 1
853 2
855 4
859 4
863 5
868 7
875 7
882 4
886 2
888 2
890 1
891 1
892 2
894 4
898 4
902 4
906 1
907 1
908 2
910 1
911 7
918 1
919 1
920 5
925 1
925 4
926 9
935 1
936 4
929 17
946 4
935 21
956 2
958 1
935 34
969 2
969 5
974 2
976 1
977 1
977 4
981 1
982 5
987 2
989 2
982 17
978 463
1441 1441
2882 2882
5764 514
6278 7
6285 1441
7726 211
7937 2882
10819 41
10860 9
10869 2
10871 1
10872 7937
18809 1441
20250 999
21249 261
21510 1
18809 5764
24573 213
24786 2
21511 5764
27275 9
27284 4
27275 1441
21249 10872
32121 161
32282 5
32287 1
32288 1441
33729 477
34206 2
34208 204
34412 1441
35853 484
36337 1
36338 999
37337 9
37346 2
37348 1
32288 10872
43160 1
43161 5
36338 10872
47210 69
47279 5
47279 358
47637 1
34412 27288
61700 169
61869 1
36338 28716
65054 143
65197 4
65201 999
66200 114
66314 1
66315 2882
69197 149
69346 5
65054 5764
70818 2
70820 296
69346 6285
75631 2
69351 10872
80223 68
65201 18809
84010 4
43166 43166
86332 83
86415 7
86422 1
71116 20250
91366 328
66315 33729
100044 2
66315 47210
113525 2
113527 1
84010 35853
119863 2
61700 61700
123400 30
123430 2
123432 2882
126314 365
126679 1
71116 61870
132986 441
133427 149
113528 28716
142244 169
142413 1
126314 20250
146564 26
146590 1
146591 718
86332 66315
152647 41
152688 15
152703 1
133427 21511
154938 41
154979 7
154986 1
154987 75
155062 1
152688 7726
160414 4
84014 80223
164237 24
164261 1
132986 32288
165274 63
126314 47284
173598 133
173731 2
154987 21511
176498 35
176533 1
176533 4
146590 34208
165274 21511
186785 35
186820 1
186821 330
187151 1
100046 91694
191740 104
191844 1
160418 34208
194626 41
194667 9
194676 4
176537 20250
196787 177
196964 5
123400 80291
203691 21
203712 1
203712 431
173598 32121
205719 7
205726 1
142244 66315
208559 40
208599 792
209391 971
204143 10819
214962 37
214999 1
215000 143
215143 1
208599 10872
219471 129
219600 1
219601 1441
221042 41
187152 35853
223005 69
223074 2
223005 835
223840 2
204143 21511
225654 9
225663 1
191845 35853
227698 83
227781 1
208599 20250
228849 17
228866 1
165337 66315
231652 21
231673 2
133427 100046
233473 26
233499 2
219601 18809
238410 69
238479 5
209391 35853
245244 21
245265 1
186821 66200
253021 7
133576 133576
267152 9
267161 1
233501 35853
269354 161
269515 2
253028 24573
277601 30
277631 1441
279072 41
279113 5
279118 1441
280559 41
280600 7
280607 1
214962 69197
284159 26
284185 2
284187 1
231673 66315
238410 61700
300110 4
233501 70820
304321 7
304328 1
284188 21249
305437 211
277601 33729
311330 17
311347 2
311349 1
269517 47284
316801 21
316822 1
311350 7726
319076 9
269354 61870
331224 114
305437 27288
332725 1
208599 126314
334913 9
334922 1
223005 113528
336533 30
336563 2
336565 1
336566 989
337555 69
337555 227
337782 1
331224 7726
338950 14
186821 155063
341884 26
341910 489
342399 5
284188 65054
349242 41
349283 9
349292 2
349294 405
349294 2882
352176 41
352217 5
352217 106
352323 405
334923 24573
359496 143
359639 1
332726 32288
365014 41
205727 160418
366145 9
366154 2
191740 176498
368238 2
368240 83
368323 2
368325 1
300114 70820
370934 5
370939 1
186821 186785
214962 160418
375380 24
349294 33729
383023 14
383037 30
349699 36338
386037 2
386039 1
386040 2882
388922 124
389046 1
368240 24786
352728 47284
400012 75
400087 2
400089 1
400087 35
368326 33729
402055 7
402062 1
334923 71116
406039 121
342404 70820
413224 21
413245 2
227782 186821
414603 26
414629 2
215144 204143
419287 5
359640 65197
424837 2
424839 590
425429 2
425431 1
365055 61870
426925 35
426960 1
231675 196787
428462 83
428545 2
428547 1
400122 33729
433851 41
433892 17
304329 132986
437315 5
402055 36338
438393 2
438395 1
419292 20250
439542 41
439583 17
439600 2
352323 91694
444017 2
444019 265
383067 65054
448121 4
305437 152704
458141 41
458182 17
458199 1
458141 667
269354 204143
473497 69
473566 2
473568 1
280559 196969
477528 9
477537 2
477539 1
477539 176
444019 47279
491298 1
428462 65201
493663 41
493704 2
493706 1
493704 956
437315 61700
499015 2
499017 1
499015 321
499336 999
500335 15
500350 1
500351 26
500377 1
305437 196969
502406 5
502411 1
439583 66315
280559 227698
508257 5
508262 1
426925 84014
510939 7
510946 1
383023 133427
516450 920
517370 2
517372 1
517372 863
433909 86423
520332 63
520332 935
521267 514
521781 1
494660 34208
528868 30
528898 2
528900 1
477715 61700
539415 9
539424 2
539426 1
539427 395
316823 225663
316801 227698
544499 14
458182 86422
539427 7726
547153 2
547155 1
547155 258
544513 10819
393026 164237
557263 15
557278 1
557278 604
499336 61700
561036 21
561057 2
561059 569
547156 18809
565965 39
338964 231675
570639 5
413224 165337
578561 2
578563 1
366156 214962
555332 28716
584048 140
584188 1
500351 86332
586683 7
319085 269354
588439 35
305437 284159
589596 7
589603 1
557882 34208
592090 21
592111 2
433851 160414
594265 2
594267 1
520395 75633
458141 147309
605450 37
473569 132986
606555 17
606572 1
510947 100046
610993 17
611010 2
494660 119865
614525 24
473566 142244
557279 61870
561628 61870
623498 17
402063 223842
625905 17
625922 1
389047 238410
627457 41
627498 9
627498 738
628236 1
544499 84014
628513 2
628513 439
594268 35853
630121 4
539822 91366
631188 9
631197 2
631199 1
631199 590
631789 83
631872 1
631873 275
632148 569
632717 241
632958 622
406160 231652
637812 7
637819 755
366156 277631
643787 2
375380 269354
625905 20250
646155 7
473497 176533
458200 194626
652826 2
627498 28716
656214 1
342404 316801
659205 7
659212 1
631789 32282
664071 258
664329 706
539822 126680
666502 4
393026 280608
673634 24
632717 43166
675883 9
675892 2
630125 47284
677409 2
373606 305437
679043 15
679058 350
611012 69197
539415 142244
681659 2
352728 331338
684066 17
684083 1
383037 304321
687358 1
499018 196787
695805 17
695822 1
565965 132986
698951 30
419287 284188
703475 1
588439 123400
711839 9
711848 2
499018 215000
714018 41
714059 17
650030 65201
715231 470
366156 352222
718378 5
718383 1
368326 352217
720543 1
720543 704
594265 133576
542486 186821
729307 17
729324 2
729326 1
477528 253021
730549 2
664329 71116
735445 4
517373 221042
738415 9
738424 2
738426 1
628237 113528
741765 5
741770 1
539427 214962
754389 24
425432 331338
756770 9
756779 4
711850 47210
759060 9
759069 4
754389 10869
765258 1
698951 69351
768302 9
768311 1
768302 64
768302 140
768442 1
759073 10872
769945 41
769986 21
584048 194626
778674 34
714059 69197
783256 5
406039 386040
792079 26
792105 2
792107 1
589596 203691
793287 1
638574 164237
802811 7
802818 1
502412 305437
807849 7
807856 1
615810 194676
413247 400122
813369 26
813395 2
813397 1
517373 304329
821702 9
802811 21511
675892 152688
828580 1
718384 133576
851960 15
851975 1
520395 337783
858178 4
858182 754
858936 240
859176 549
438396 425432
863828 21
863849 1
863850 337
520395 352176
872571 4
851976 21511
873487 1
566004 311350
877354 7
738427 152647
891074 26
768443 123400
891843 1
810486 86423
896909 9
896918 2
858182 47284
905466 7
905466 843
906309 1
592113 316823
908936 41
633580 280608
914188 41
677411 238484
915895 17
915912 1
915913 408
916321 1
872571 47637
584048 337783
921831 9
921840 2
921842 1
921843 330
922173 1
729307 194626
923933 2
923935 1
923935 717
517373 413245
923936 10819
934755 21
934776 2
578564 359496
938060 75
938135 2
915895 24788
940683 1
940683 886
521267 424839
946106 9
588439 359640
948079 4
924652 27288
951940 17
673634 280600
954234 5
954234 662
954896 2
954898 1
544513 413245
518235 458200
976435 64
756783 223076
979859 41
979900 9
979909 4
646162 334923
981085 1
981086 574
914188 70820
985008 17
985025 1
807857 180798
988655 5
677409 311330
769986 221083
991069 17
991086 2
991088 1
976435 20250
996685 2
561036 437315
998351 998351
1996702 1996702
3993404 3993404
7986808 1996702
9983510 203713
10187223 261
10187484 1996702
12184186 957758
13141944 10872
13152816 1441
13154257 373
13154630 2
12184186 1996702
14180888 406160
14587048 2882
14589930 1441
14591371 929
14592300 2
14592302 7986808
22579110 91694
22670804 999
22671803 161
22671964 4
22671968 998351
23670319 425432
24095751 265
24096016 2
23670319 1996702
25667021 196969
25863990 2882
25866872 1441
25868313 999
25869312 384
25869696 5
25869701 1
14180888 14180888
28361776 215144
28576920 1441
28578361 936
28579297 1
28361776 946115
29307891 509
29308400 4
23670319 7986808
31657127 215144
31872271 1441
31873712 911
31874623 5
31874628 1
31657127 7986808
39643935 100046
39743981 7937
39751918 1441
39753359 339
39753698 1996702
41750400 47638
41798038 10872
41808910 1441
41810351 908
28361776 14592302
42954078 47638
43001716 7937
43009653 1441
43011094 894
42954078 221083
43175161 41
43175202 4
43175206 998351
44173557 337624
44511181 108
44511289 1
42954078 3993404
46947482 35853
46983335 441
46983776 2
46983778 1
46947482 47638
46995120 2882
46998002 384
46998386 5
25667021 22579110
48246131 80291
48326422 999
48327421 5
48327426 1
48327427 5764
48333191 177
48333368 5
48327427 1996702
50324129 2882
50327011 999
50328010 436
50328446 1
29308404 28579298
57887702 160418
58048120 64
58048184 2
58048186 1441
58049627 999
58050626 30
58050656 2
39753698 29308404
69062102 10872
69072974 2882
69075856 1441
69077297 124
69077421 2
43001716 28579298
71581014 465
48333373 25667021
74000394 100046
74100440 7937
74108377 37
46947482 28361776
75309258 6285
75315543 24
75315567 1996702
77312269 69351
77381620 509
77382129 1
58050658 22671968
80722626 439602
81162228 999
81163227 21
81163248 1
81163249 1996702
83159951 37349
83197300 2882
83200182 1441
83201623 803
74108414 10187484
84295898 228867
84524765 1441
84526206 999
84527205 41
84527246 9
84527255 2
84524765 638574
85163339 196
85163535 2
85163537 1
84295898 3993404
88289302 47638
88336940 7937
88344877 1441
88346318 291
81163249 10187484
91350733 28716
91379449 999
91380448 275
91380723 9
50328447 42954078
93282525 20250
93302775 643
93303418 2
93303420 1
93303421 3993404
97296825 6285
97303110 712
74108414 28579298
102687712 173733
102861445 1441
102862886 999
102863885 172
102864057 1
102861445 687359
103548804 574
103549378 4
88289302 24096018
112385320 37349
112422669 1441
112424110 528
112424638 1
83202426 31874629
115077055 147309
115224364 1441
115225805 692
115226497 2
85163538 31657127
116820665 827
116820665 711850
117532515 237
117532752 2
74108414 44511290
118619704 196969
118816673 30
118816703 2
112424639 7986808
120411447 21511
120432958 585
120433543 1
120411447 160418
120571865 553
120572418 4
88346609 39753698
128100307 355
128100662 1
81163249 48333373
129496622 100046
129596668 7937
129604605 504
129605109 2
118619704 12184186
130803890 10872
130814762 1441
130816203 213
130816416 1
118816705 24096018
142912723 37349
142950072 1441
142951513 999
142952512 75
142952587 5
142951513 988739
143940252 585
143940837 623515
144564352 310
144564662 2
144564664 1
118816705 29308404
148125109 24788
148149897 755
148150652 2
148150654 1
129605111 25667021
155272132 36338
155308470 875
155309345 1
130816417 28361776
159178193 20250
159198443 216
159198659 2
112424110 46947482
159371592 9
159371601 1
155272132 10187484
165459616 10872
165470488 2882
165473370 999
165474369 423
165474792 7
84527257 84295898
168823155 10872
168834027 5764
168839791 41
168839832 2
168839834 1
128100663 41811259
169911922 205727
170117649 662
170118311 1
170118312 957758
171076070 10872
171086942 2882
171089824 237
171090061 2
129605111 43175206
172780317 2882
172783199 1441
172784640 672
172785312 5
172784640 413247
173197887 553
173198440 4
102687712 71581479
174269191 21511
174290702 712
174291414 4
143940837 31874629
175815466 2882
175818348 574
175818922 4
103549382 77382130
180931512 2882
180934394 553
180934947 4
180931512 628515
181560027 140
181560167 2
159198661 25667021
184865682 7937
184873619 999
184874618 75
184874693 4
184874697 698981
185573678 1441
185575119 524
185575643 2
185575645 924652
186500297 1441
186501738 959
186502697 5
115226499 74108414
189334913 91694
189426607 907
189426607 754413
190181020 553
190181573 7
190181580 1
116821492 74000394
190821886 1441
190823327 999
190824326 237
190824563 2
103549382 88289302
191838684 7726
191846410 129
191846539 1
191846540 1996702
193843242 24788
193868030 755
193868785 2
193868787 1
172783199 22579110
195362309 982
195363291 4
191838684 3993404
195832088 999
195833087 157
195833244 2
195833246 1
174290702 22670804
196961506 599
168839835 31657127
200496962 28716
200525678 528
200526206 1
118816705 85163538
203980243 1441
203981684 671
203982355 1996702
205979057 10872
205989929 1441
205991370 999
205992369 360
205992729 2
205992731 1
159371602 48246131
207617733 10872
207628605 2882
207631487 1441
207632928 699
207633627 4
170118312 41750400
211868712 32288
211901000 168
130816417 84527257
215343674 100046
215443720 7937
215451657 999
215452656 9
215452665 4
215452669 21511
215474180 241
215474421 2
215452669 615810
216068479 41
216068520 7
216068527 1
215343674 727841
216071515 258
190824565 31657127
222481692 10872
222492564 69
222492633 4
222481692 502412
222984104 649
222984753 1
193868788 31874629
225743417 245266
225988683 2882
225991565 148
225991713 393026
226384739 1441
226386180 484
170118312 57887702
228006014 6285
228012299 735
228013034 319085
228332119 1441
228333560 41
228333601 7
216071773 14589930
230661703 737
230662440 319085
230981525 1441
230982966 75
230983041 4
230981525 631200
231612725 124
231612849 1
230983045 735449
231718494 330
231718824 5
231718829 1
231612850 941569
232554419 1441
232555860 562
232556422 2
232556424 1
142952592 93303421
236256013 10872
236266885 999
236267884 237
205991370 31872271
237863641 776
237864417 9
237864426 730551
238594977 1441
238596418 463
237864426 988739
238853165 384
238853549 2
196962105 43011988
239974093 10872
239984965 9
239984974 1
120572422 120411447
240983869 7937
240991806 999
240992805 275
240993080 7
222984754 22579110
245563864 1441
245565305 553
245565858 4
215343674 31657127
247000801 20250
247021051 920
247021971 2
247021973 1
247021974 998351
248020325 7937
248028262 991
248029253 7
231612850 25869702
257482552 83
257482635 9
142912723 116821492
259734215 6285
259740500 940
259741440 5
259741445 176537
259917982 726
259918708 7
259918715 1
144564665 116821492
261386157 10872
261397029 1441
261398470 651
230661703 31872271
262533974 9
262533983 2
262533985 1
259918716 3993404
263912120 10872
263922992 2882
263925874 1441
263927315 300
263927615 1
263927616 521782
264449398 999
264450397 69
264450466 2
264450468 180798
264631266 433
264631699 1
262533986 3993404
266527390 61870
266589260 999
266590259 421
266590680 1
228013034 43175206
271188240 10872
271199112 2882
271201994 1441
271203435 473
271203908 2
271199112 221083
271420195 585
271420780 1
266590681 7986808
274577489 7937
274585426 1441
274586867 602
228013034 48246131
276259165 24788
276283953 1441
276285394 67
191838684 88346609
280185293 692
280185985 2
280185987 1
238853551 43011988
281865539 18809
281884348 999
281885347 246
281865539 402063
282267602 289
282267891 1
282267892 368326
282636218 35
282636253 924652
283560905 2882
283563787 1441
283565228 999
283566227 384
283566611 5
240993087 44511290
285504377 28716
285533093 41
285533134 14
189334913 97296825
286631738 2882
286634620 1441
286636061 999
286637060 300
286637360 1
274577489 13141944
287719433 1441
287720874 875
287721749 4
263925874 25667021
289592895 999
289593894 161
289592895 18809
289611704 176
261399121 29308404
290707525 10872
290718397 2882
290721279 1441
290722720 936
266527390 28361776
294889166 10872
294900038 2882
294902920 929
294903849 2
263927616 31874629
295802245 265
295802510 1
286631738 14180888
300812626 959
300813585 2
159371602 144564665
303936267 61870
303998137 1441
303999578 936
304000514 2
304000516 1
303998137 187152
304185289 41
304185330 5
304000517 448125
304448642 643
304449285 2
282636253 25667021
308303274 10872
308314146 2882
308317028 989
237864426 71581479
309445905 21511
309467416 289
239974093 71581479
311555572 2882
311558454 999
311559453 69
236256013 75315567
311571580 260
165474799 148125109
313599908 1441
313601349 987
248029260 69077423
317106683 7937
317114620 1441
317116061 738
317116799 2
174291418 143940837
318232255 6285
318238540 999
318239539 157
215443720 112385320
327829040 2882
327831922 712
327832634 2
282267892 48333373
330601265 47638
330648903 6285
330655188 41
330655229 5
330655234 1
211868712 120433544
332302256 7937
332310193 1441
332311634 662
222492637 112424639
334917276 10872
334928148 1441
334929589 472
304449287 31872271
336321558 726
336322284 7
290723656 46998391
337722047 47638
337769685 7726
337777411 196
337777607 2
337777609 1
337722047 370940
338092987 161
338093148 1
338092987 458808
338551795 75
338551870 4
309467705 31874629
341342334 10872
341353206 6285
341359491 96
341359587 5
341359592 1
173197887 169911922
343109809 441
343110250 810486
343920736 1441
343922177 816
317114620 31872271
348986891 987
348987878 1
222492637 129496622
351989259 6285
351995544 405
351995949 1
282636253 71581479
354217732 2882
354220614 863
354221477 4
354217732 253028
354470760 1441
354472201 809
354473010 1
285504377 71581479
357085856 18809
357104665 446
357105111 1
215474423 142952592
358427015 1441
358428456 999
358429455 330
358429785 5
337777610 22579110
360356720 24788
360381508 1441
360382949 999
360383948 26
360383974 2
286637361 74108414
360745775 111
360383976 3993404
364377380 1441
364378821 999
364379820 129
364379949 2
354221481 14592302
368813783 43166
368856949 667
368857616 698981
369556597 2882
369559479 310
341353206 29308404
370661610 1441
370663051 655
370663706 2
370663708 1
259741445 118619704
378361149 10872
378372021 999
378373020 380
378373400 2
286637361 93303421
379940782 61870
380002652 1441
380004093 169
380004262 1
380004263 735449
380739712 470
380740182 1
380739712 520395
381260107 193
381260300 2
274585426 112385320
386970746 999
245565862 144564665
390130527 10872
390141399 1441
390142840 83
390142923 2
390142925 1
308318017 84527257
392845274 892
294889166 102687712
397576878 2882
397579760 1441
397581201 136
397581337 1
283560905 115077055
398637960 1441
398639401 24
369559789 39643935
409203724 1441
409205165 26
409205191 2
409205193 1
226386664 185575645
411962309 2882
411965191 1441
411966632 999
411967631 177
411967808 9
411967817 3993404
415961221 2882
415964103 1441
415965544 380
415965924 666506
416632430 611
416633041 5
271203910 148150655
419354565 21511
419376076 196
239974093 181560027
421534120 124
421534244 2
378361149 46983779
425344928 7937
425352865 330
230662440 196962105
427624545 177
427624722 4
236268121 191838684
428106805 684
428107489 2
428106805 891100
428997905 190
428998095 2
237864426 193868030
431732456 323
431732779 1
431732780 269517
432002297 122
432002419 859725
432862144 999
432863143 394
432862144 491299
433353443 611
433354054 4
231612850 203982355
435595205 10872
435606077 624
248029260 189427514
437456774 21511
437478285 655
437478940 1
259741445 185575645
445317090 6285
445323375 999
445324374 69
445324443 2
445324445 1
437478941 12184186
449663127 7937
449671064 1441
449672505 999
449673504 413
449673917 5
449673922 1
276259165 175818926
452078091 6285
452084376 999
452085375 421
452085796 1
230983045 228333608
459316653 37349
459354002 2882
459356884 1441
459358325 549
459358874 2
459354002 675894
460029896 241
460030137 2
460030139 1
432863537 28579298
461442835 2882
461445717 260
276259165 186502702
462761867 10872
462772739 2882
462775621 1441
462777062 40
435606701 29308404
464915105 1441
464916546 809
464917355 2
425353195 41811259
467164454 7937
467172391 1441
467173832 999
467174831 161
467174992 5
467174997 1
289594055 180934951
470529006 2882
470531888 1441
470533329 148
285504377 189334913
474839290 1441
474840731 835
474841566 5
474839290 555332
475394622 999
475395621 346
475395967 2
474840731 941569
475782300 655
475782955 1
282267892 195833247
478101139 10872
478112011 999
478113010 321
248020325 231612850
479633175 7726
479640901 83
479640984 2
432863537 46947482
479811019 161
479811180 5
274585426 207631487
482216913 712
482217625 2
482217627 1
482216913 727841
482944754 297
482945051 2
357105112 130803890
487909002 6285
487915287 321
308314146 181560169
489874315 377
489874692 1
432863537 58050658
490914195 2882
490917077 1441
490918518 177
490918695 7
490917077 253028
491170105 590
491170695 4
261399121 231612850
493011971 10872
493022843 1441
493024284 111
493024395 1
419354565 77382130
496736695 10872
496747567 5764
496753331 413
496753744 5
415965544 81162228
497127772 275
497128047 1
259918716 239984975
499903691 69351
499973042 892
427624726 75315567
502940293 1441
502941734 999
502942733 168
311559522 191846540
503406062 1441
503407503 413
503407916 4
503407920 164262
503572182 17
503572199 1
337769685 169911922
507681607 1441
507683048 157
507683205 1
452085797 58050658
510136455 7937
510144392 1441
510145833 971
510136455 269517
510405972 1441
510407413 940
510408353 5
317116801 195363295
512480096 10872
512490968 5764
512496732 423
512497155 5
512497160 1
259741445 257482644
517224089 7937
517232026 999
517233025 423
517233448 2
517233450 1
517233451 951957
518185408 629
518186037 5
327832636 195363295
523195931 7726
523203657 68
449672505 74000394
523672899 514
523673413 9
512480096 13141944
525622040 2882
525624922 738
525625660 2
512497161 14180888
526678049 6285
526684334 974
526685308 1
332312296 195833247
528145543 2882
528148425 1441
528149866 655
528150521 4
459316653 75315567
534632220 1441
534633661 959
534634620 9
534632220 311350
534943570 465
496753749 39753698
536507447 6285
536513732 395
536507447 414631
536922078 2882
536924960 999
536925959 30
536925989 1
274587469 266527390
541114859 10872
541125731 999
541126730 37
304000517 237864426
541864943 96
541865039 547413
542412452 692
542413144 2
503572200 39643935
543216135 2882
543219017 96
543219113 2
543219115 1
285504377 259734215
545238592 1441
545240033 241
545240274 4
545238592 34412
545273004 289
545273293 1
517224089 39643935
556868024 1441
556869465 446
556869911 9
556869920 1
327832636 230662440
558495076 1441
558496517 405
558495076 703476
559198552 999
559199551 275
559199826 9
559199835 1
559198552 756783
559955335 726
559956061 2
541125731 22671968
563797699 340
563798039 5
435606701 129496622
565103323 6285
565109608 355
534944035 31657127
566601162 6285
566607447 999
566608446 161
566608607 1
487909002 84295898
572204900 458
294889166 283566616
578455782 553
578456335 5
578456340 1
308318017 281885593
590203610 2882
590206492 1441
590207933 247
590208180 1
311559522 281885593
593445115 976
525622040 69077423
594699463 719
594700182 1
559199836 41811259
601011095 10872
601021967 6285
601028252 999
601029251 365
601029616 5
601029621 1
578456341 23670319
602126660 2882
602129542 133
602129675 715701
602845376 380
602845756 2
602845758 1
415965924 193843242
609809166 5764
609814930 108
390130527 222492637
612623164 726
612623890 2
612623892 1
452084376 165473370
617557746 776
543219116 77382130
620601246 6285
620607531 999
620608530 41
620608571 15
620608586 1
502942901 118816705
621759606 129
621759735 1
525622040 97303822
622925862 787
622926649 1
526685309 102687712
629373021 7937
629380958 999
629381957 41
629381998 9
629382007 1
512497161 120572422
633069583 10872
633080455 6285
633086740 999
633087739 340
633088079 2
633088081 1
381260302 259741445
641001747 10872
641012619 5764
641018383 330
641018713 4
398637960 247021974
645659934 340
645660274 1
487915287 159178193
647093480 64
368857616 281885593
650743209 28716
650771925 789
650743209 373606
651116815 1441
651118256 41
651118297 9
651118306 2
392846166 263927616
656773782 5764
656779546 258
656773782 164262
656938044 553
656773782 491299
657265081 611
657265692 2
510146804 148150655
658297459 28716
658326175 999
658327174 269
658327443 1
658297459 352728
658650187 365
658650552 2
541126767 120572422
661699189 476
380740183 282267602
663007785 5
663007790 1
523673422 143940837
667614259 2882
667617141 161
667617302 5
398637960 271203910
669841870 441
669842311 2
669842313 1
523203725 148150655
671354380 5764
671360144 241
671360385 4
411962309 262533986
674496295 477
674496772 4
357085856 318239696
675325552 7937
675333489 1441
675334930 999
675335929 35
496736695 184874697
681611392 149
681611541 2
517224089 165459616
682683705 360
502942901 180934951
683877852 21511
683899363 1441
683900804 835
683901639 4
545240278 142912723
688153001 7937
688160938 991
688161929 2
688161931 1
386971745 304185335
691157080 10872
691167952 1441
691169393 999
691170392 265
691170657 2
691170659 1
691157080 976499
692133579 1441
692135020 24
692135044 1
578456341 117532754
695989095 7937
695997032 1441
695998473 999
695999472 41
695999513 7
695999520 1
695997032 851976
696849008 911
696849919 528901
697378820 6285
697385105 41
697385146 7
697385153 1
617558522 81163249
698721771 2882
698724653 350
698725003 4
656938597 48327427
705266024 2882
705268906 999
705269905 75
705269980 5
415965924 289592895
705558819 365
705559184 2
705559186 1
478113331 231718830
709832161 47638
709879799 2882
709882681 1441
709884122 820
566601162 144564665
711165827 991
711165827 91694
711257521 17
428107491 283566616
711674107 149
711674256 2
425353195 287721753
713074948 2882
713077830 269
713078099 5
445317090 271199112
716516202 891
435595205 287721753
723316958 6285
723323243 929
723324172 1
681611543 50328010
731939553 241
731939794 2
517224089 215443720
732667809 157
732667966 2
475782956 257482644
733265600 6285
733271885 30
733271915 2
462777102 274587469
737364571 2882
737367453 1441
737368894 360
737369254 1
565103323 175815466
740918789 64
740918853 1
525625662 215343674
740969336 7937
740977273 1441
740978714 1
462777102 281885593
744662695 21511
744684206 999
744685205 330
744685535 1
459316653 286637361
745954014 18809
745972823 999
745973822 83
745973905 5
745973910 735449
746709359 680
746710039 2
490914195 259741445
750655640 816
750656456 802819
751459275 2882
751462157 684
751462841 738427
752201268 83
752201351 9
752201360 2
752201362 1
411967817 341359593
753327410 999
753328409 291
753328700 2
753328702 687359
754016061 2882
754018943 1441
754020384 999
754021383 111
754021494 2
491170699 264631700
755802399 999
755803398 177
755803575 4
459356884 300813587
760170471 30
760170501 1
760170502 687359
760857861 859
681611543 83159951
764771494 6285
764777779 999
764778778 314
764779092 5
698725007 69077423
767802430 10872
767813302 1441
767814743 233
767814976 1
602129675 169911922
772041597 28716
772070313 41
772070354 15
696849008 75309258
772158266 261
772041597 279118
772320715 75
772320790 2
512490968 261386157
773877125 405
773877530 1
482217628 303936267
786153895 28716
786182611 1441
786184052 590
786184642 1
656779546 129604605
786384151 174
437478285 348987879
786466164 247
786466411 1
518186042 271420781
789606823 10872
789617695 7726
789625421 177
789625598 9
479811185 311571840
791383025 21511
791404536 258
431732780 364379951
796112731 7937
796120668 1441
796122109 926
796123035 2
709832161 88344877
798177038 68
496753749 304000517
800754266 999
800755265 41
601028252 205989929
807018181 401
499903691 309467705
809371396 21511
809392907 161
767814977 43011988
810826965 10872
810837837 5764
810843601 377
810843978 1
445324446 368857616
814182062 1441
814183503 999
814184502 30
814184532 2
791383025 28578361
819961386 859
487915608 338551874
826467482 365
826467847 659213
827127060 2882
827129942 999
827130941 157
827131098 493707
827624805 246
798177106 31657127
829834233 2882
829837115 999
829838114 231
829837115 191845
830028960 275
830029235 5
830029240 1
711257538 129605111
840862649 5764
840868413 9
840868422 1
840862649 205727
841068376 776
841069152 5
800755306 41808910
842564216 149
842564365 5
842564370 891844
843456214 999
843457213 40
563798044 281865539
845663583 2882
845666465 1441
845667906 204
845668110 1
578456341 274585426
853041767 17
853041784 2
853041786 1
493024396 360356720
853381116 1441
853382557 222
767802430 93303421
861105851 539
861106390 2
650772714 211901168
862673882 2882
862676764 999
862677763 423
862678186 5
862678191 1
697385154 171076070
868461224 2882
868464106 999
868465105 111
868465216 1
868464106 566004
869030110 211
827131098 43175206
870306304 2882
870309186 1441
870310627 15
723324173 148125109
871449282 397
871449679 2
871449681 1
682684065 190824565
873508630 5764
873514394 41
873514435 21
873514456 714076
874228532 562
874229094 2
732667968 142912723
875580691 2882
875583573 1441
875585014 269
875585283 5
733271917 144564665
877836582 6285
877842867 328
877843195 1
877843196 253028
878096224 6285
878102509 798
877843196 7986808
885830004 20250
885850254 204
885850458 4
651118308 239984975
891103283 6285
891109568 662
891110230 2
609815038 283565228
893380266 140
893380406 1
698725007 203982355
902707362 10872
902718234 2882
902721116 1441
902722557 310
452078091 452078091
904156182 528
904156710 2
904156712 1
904156182 570644
904726826 408
904727234 4
475782300 433353443
909135743 602
853041787 57887702
910929489 10872
910940361 7726
910948087 64
767802430 143940837
911743267 999
911744266 69
911744335 1
688160938 230661703
918822641 37
918822678 754413
919577091 999
919578090 360
919578450 4
493024396 427624726
920649122 2882
920652004 1441
920653445 776
920654221 5
920654226 721247
921375473 999
921376472 143
921376615 2
921376617 1
496736695 428998097
925734792 2882
925737674 360
925738034 2
510408358 419376272
929784630 10872
929795502 999
929796501 365
910948151 22579110
933527261 7937
933535198 999
933536197 365
933536562 5
933536567 1
933527261 43166
933570427 157
933570584 1
933535198 342399
933877597 2
753327410 185573678
938901088 509
814184534 129496622
943681156 991
943682147 2
943682149 1
862678192 85163538
947841730 7937
947849667 999
947850666 360
947851026 2
658326175 290707525
949033700 741
949034441 2
674496776 276259165
950755941 17
950755958 1
943682150 12184186
955866336 1441
955867777 504
955868281 2
772041597 184865682
956907279 2882
956910161 1441
956911602 504
956912106 1
641018383 318238540
959256923 96
959257019 5
959257024 1
496753749 462777102
959530851 1441
959532292 999
959533291 395
671360389 290723656
962084045 10872
962094917 5764
962100681 41
962100722 4
772070369 193868788
965939157 21511
965960668 562
965961230 4
965939157 413247
966352404 401
966352805 2
966352807 1
920649122 46947482
967596604 1441
967598045 377
967598422 1
967596604 930618
968527222 413
968527635 5
968527640 1
536507447 432863537
969370984 2882
969373866 1441
969375307 509
969375816 2
969375818 1
754020384 215443720
969464104 755
969464859 9
969464868 2
969464870 1
641012619 332302256
973314875 1441
973316316 507
973316823 1
973314875 864187
974179062 340
974179402 4
862678192 117532754
980210946 1441
980212387 269
980212656 2
980212658 1
956907279 24096018
981003297 562
981003859 4
497128048 490918702
988046750 10872
988057622 2882
988060504 41
988060545 1
772070369 222984754
995055123 10872
995065995 755
995066750 17
995066767 1
995066768 414631
995481399 149
995481548 4
995481552 770007
996251559 1441
996253000 999
996253999 233
996254232 1
716517093 281865539
998382632 10872
998393504 6285
998399789 360
998400149 2
998382632 493707
998876339 431
