3131
1 1
2 2
4 4
8 8
16 16
32 32
64 64
128 128
256 256
512 512
1024 1024
2048 2048
4096 4096
8192 8192
16384 16384
32768 32768
65536 65536
131072 131072
262144 262144
524288 524288
1048576 1048576
2097152 2097152
4194304 4194304
8388608 8388608
16777216 16777216
33554432 33554432
67108864 67108864
134217728 134217728
268435456 268435456
2 1
4 1
5 2
8 1
9 4
13 2
16 1
16 4
20 1
16 8
24 2
26 4
32 1
32 2
34 1
33 4
37 2
32 8
40 1
41 20
61 2
64 3
64 4
68 1
64 8
72 3
67 16
64 32
96 7
96 8
104 2
104 4
108 3
96 16
112 2
112 5
117 2
112 8
120 1
120 2
120 4
124 3
128 1
128 4
132 1
128 8
136 2
138 1
136 4
140 3
132 16
148 1
148 8
156 1
129 32
136 32
168 1
168 4
172 2
128 32
160 16
176 1
177 8
185 2
176 8
184 4
188 2
129 64
132 64
138 64
202 1
196 8
193 16
209 2
209 4
136 64
200 16
216 5
216 4
220 2
222 1
160 64
224 3
227 4
224 9
233 4
224 16
240 1
240 4
244 2
246 1
241 8
256 1
256 2
256 4
260 1
256 8
264 1
265 4
258 17
264 20
284 2
257 32
289 2
264 32
296 1
296 4
260 34
294 16
296 16
312 2
257 64
321 2
323 4
264 64
328 2
321 16
258 64
322 16
338 1
260 64
324 16
338 8
346 4
323 32
324 34
328 32
360 5
340 32
372 1
360 17
372 8
256 128
384 8
392 2
394 1
392 5
384 17
401 4
392 16
408 5
384 37
421 2
423 8
401 32
384 32
416 20
436 3
433 8
441 4
436 8
444 2
394 64
397 64
461 2
401 64
384 64
448 16
464 2
465 4
466 4
464 8
472 1
472 4
476 1
448 32
480 4
484 2
480 8
488 1
489 4
493 2
484 16
500 2
502 1
488 16
504 3
504 5
512 2
512 8
520 4
512 16
528 4
532 2
528 9
537 2
512 32
544 1
545 4
545 8
544 16
560 2
560 8
568 1
569 4
568 4
572 2
520 64
584 1
584 4
588 2
532 64
596 3
584 16
600 2
600 4
604 3
545 64
609 2
590 32
560 64
624 5
514 128
642 1
520 128
648 1
649 2
649 4
653 2
532 129
642 20
651 16
661 8
669 2
544 128
672 7
672 8
680 4
684 3
672 16
688 3
688 4
691 8
512 128
640 64
704 1
704 2
705 4
706 4
710 1
704 8
712 5
712 4
716 2
718 1
706 17
710 16
726 9
705 32
706 32
737 4
738 8
746 1
741 8
749 2
738 16
754 1
514 261
520 256
528 258
786 1
532 257
789 2
776 16
792 3
792 4
796 2
798 1
544 256
800 3
800 5
800 4
804 2
806 1
800 9
806 8
800 16
816 3
816 4
820 3
816 8
824 3
512 321
833 2
833 8
776 64
840 2
842 1
842 4
528 256
784 64
848 2
850 1
848 4
852 1
853 2
851 8
859 4
804 64
843 32
850 32
882 4
848 40
888 2
890 1
888 4
892 2
642 256
898 4
898 8
906 1
776 132
908 2
910 1
902 16
918 1
792 128
920 5
920 4
924 2
800 129
929 4
933 2
800 136
936 4
898 32
930 16
946 4
940 16
956 2
958 1
841 128
969 2
910 64
848 128
976 1
976 2
977 4
978 4
978 9
981 8
989 2
935 64
1024 416
1440 1
4096 2048
6144 140
6284 1
6144 1024
7168 512
7680 257
8192 2048
10240 624
10864 8
16384 4096
20480 1024
21504 7
16384 8192
24576 196
24772 16
24576 2048
26624 648
27272 16
24576 4096
28672 40
28712 4
28672 2048
30720 1024
31744 544
32768 1440
32768 1024
33792 588
34380 32
34208 2048
36256 64
36320 16
36336 2
32768 4096
36864 484
37348 1
32768 10240
43008 136
43144 17
43144 20
43164 2
43008 4096
47104 176
47280 4
47104 534
36864 24576
61440 416
61856 8
61864 4
61868 2
61440 2048
63488 1024
64512 688
65200 1
65536 776
66312 3
65536 2048
67584 1024
68608 741
69349 2
65536 4096
69632 1024
70656 160
70816 4
70656 448
71104 8
71112 4
65536 8192
73728 1024
74752 848
75600 33
73728 6144
79872 416
80288 3
67584 16384
83968 40
84008 4
84012 2
69632 16384
86016 405
86421 2
74752 16384
91136 544
91680 8
91688 4
91692 2
65536 34380
99916 128
100044 2
79872 32768
112640 888
86016 33792
119808 41
119849 16
73728 32768
106496 16384
122880 544
123424 8
122880 2048
124928 1024
125952 712
126664 16
131072 2048
133120 291
133411 16
133120 448
133568 8
133120 8192
141312 1024
142336 72
142408 4
142412 2
142336 4096
146432 157
146589 2
146432 868
147300 9
131072 21504
152576 128
152576 2048
154624 360
154984 3
154624 439
131072 28672
159744 672
160416 2
131072 32768
163840 416
164256 4
164260 2
163840 1024
164864 473
164864 8192
173056 672
173728 5
163840 8192
172032 4096
176128 384
176512 20
176532 2
176512 24
176536 1
163840 16384
180224 574
180224 6144
186368 448
186816 5
186368 784
180224 10240
190464 1024
191488 324
191812 33
190464 4096
194560 120
131072 65536
196608 360
196968 1
196608 6144
202752 833
203585 128
202752 1024
203776 365
204141 2
196608 8192
204800 926
205726 1
204800 2048
206848 1024
207872 726
208598 1
204800 4096
208896 495
208896 1440
210336 26
196608 16384
212992 1024
214016 976
214992 8
212992 2048
215040 104
215040 4096
219136 465
219136 1024
220160 920
221080 3
214016 8192
222208 868
215040 8192
223232 544
223776 64
223840 2
212992 8192
221184 4096
225280 384
225664 2048
227712 68
227780 2
225280 2048
227328 1024
228352 514
228866 1
196608 32768
229376 2048
231424 249
231673 2
229376 4096
233472 24
233496 5
229376 8192
237568 784
238352 132
237568 7680
245248 16
245264 2
233472 16384
249856 2048
251904 1024
252928 96
253024 4
262144 4096
266240 920
267160 2
266240 2048
268288 1024
269312 204
269516 1
269312 8192
277504 127
262144 16384
278528 590
278528 2048
280576 32
278528 4096
282624 1024
283648 532
284180 8
262144 33792
295936 2048
297984 4
295936 4096
300032 64
300096 16
300112 2
295936 8192
304128 200
304328 1
262144 43008
305152 480
305632 16
278528 32768
311296 34
311330 20
311296 4096
315392 1024
316416 405
316821 2
316416 2048
318464 609
319073 8
319081 4
262144 68608
330752 584
331336 2
266240 65536
331776 950
331776 2048
333824 1024
334848 75
262144 73728
335872 692
336564 2
335872 1024
336896 643
337539 16
336896 712
337608 16
336896 886
337782 1
336896 2048
338944 20
336896 4096
340992 918
335872 6144
342016 384
342400 4
331776 16384
348160 1024
349184 108
349292 2
349184 514
349698 1
349698 2048
351746 476
335872 16384
352256 67
352256 472
352256 7168
359424 216
331776 32768
364544 509
365053 2
364544 1024
365568 588
365568 2048
367616 624
367616 710
335872 32768
368640 2048
370688 244
370932 8
368640 4096
372736 868
373604 2
372736 2048
374784 588
375372 32
364544 16384
380928 2048
382976 61
382976 83
383059 8
368640 16384
385024 976
386000 40
385024 2048
387072 1441
388513 534
387072 4096
391168 1024
392192 514
392706 256
392962 64
268288 131072
399360 712
400072 16
400088 2
400090 32
262144 131072
393216 8192
401408 655
401408 4096
405504 640
406144 16
393216 16384
409600 2048
411648 1024
412672 574
413246 1
409600 4096
413696 935
409600 8192
417792 1024
418816 476
417792 6144
423936 902
424838 1
423936 1024
424960 472
393216 32768
425984 977
425984 2048
428032 512
428544 4
428548 4096
432644 1024
433668 241
428032 8192
436224 1024
437248 72
425984 8192
434176 4096
438272 124
438272 1024
439296 258
439554 32
439586 16
425984 16384
442368 1024
443392 624
444016 3
444016 264
444280 4
444016 4096
448112 13
443392 10240
453632 4096
457728 472
393216 65536
458752 40
458792 16
458752 10240
468992 4096
473088 480
473568 1
458752 16384
475136 2048
477184 324
477508 32
477184 528
477712 3
477184 8192
485376 4096
489472 1024
490496 803
458752 32768
491520 2048
493568 139
493568 1024
494592 68
494592 4096
498688 330
498688 648
491520 8192
499712 629
500341 8
500349 2
499712 648
500360 16
500376 2
500360 2048
502408 4
499712 6144
505856 40
505896 2
491520 16384
507904 358
508262 1
507904 2048
509952 930
510882 64
510946 1
507904 8192
516096 322
516418 32
516096 1024
517120 249
517369 4
516096 2048
518144 83
518227 8
516096 4096
520192 203
520192 1024
521216 35
521251 16
521216 562
521778 4
524288 4096
528384 512
528896 5
528896 10240
539136 291
528384 10240
538624 1024
539648 174
524288 16384
540672 1024
541696 786
542482 4
541696 2048
543744 512
544256 257
544256 340
544596 8
540672 6144
546816 340
546816 596
547412 1
546816 8192
555008 324
524288 32768
557056 223
557056 824
557880 2
557056 2048
559104 1441
560545 514
557056 4096
561152 476
557056 8192
565248 704
565952 32
565984 20
565248 4096
569344 1024
570368 260
570628 16
561152 16384
577536 1024
578560 4
578564 2048
580612 504
581116 2
565248 16384
581632 2048
583680 509
581632 4096
585728 898
586626 64
585728 2048
587776 688
588464 8
588472 2
587776 1024
588800 804
524288 67584
591872 241
528384 65536
593920 340
594260 8
593920 2048
595968 40
596008 20
596008 8192
604200 1024
605224 261
605485 2
540672 65536
606208 365
606208 4096
610304 704
611008 4
606208 8192
614400 149
614400 1024
615424 384
615808 2
614400 4096
618496 653
557056 66315
623371 128
623499 16
591872 33792
625664 258
625922 1
593920 32768
626688 819
626688 1024
627712 524
628236 1
627712 803
626688 2048
628736 216
628736 1024
629760 365
565248 65536
630784 416
631200 588
631788 1
630784 1024
631808 64
631872 1
631872 260
632132 16
631808 908
632716 1
630784 2048
632832 124
632956 2
632832 716
633548 32
632832 4096
636928 891
636928 1024
637952 622
626688 16384
643072 717
643072 1024
644096 624
644720 8
644728 4
644732 2
644096 2048
646144 16
646160 2
632832 16384
649216 814
644096 8192
652288 532
652820 8
524288 131072
655360 855
655360 2048
657408 1024
658432 776
659208 5
655360 8192
663552 514
664066 5
663552 776
664328 1
663552 1024
664576 458
665034 1
664328 2048
666376 128
666504 2
655360 16384
671744 1024
672768 890
671744 4096
675840 34
675874 20
675874 1024
676898 512
677410 1
675840 2048
677888 1024
678912 128
679040 16
679056 2
679056 256
679312 96
671744 8192
679936 257
680193 16
679936 1024
680960 692
681652 9
679936 4096
684032 32
684064 20
684084 2048
686132 1024
687156 203
658432 36864
695296 524
695820 3
663552 32768
696320 2048
698368 609
698977 4
698368 4096
702464 976
703440 32
703472 4
695296 16384
711680 168
711848 2
696320 16384
712704 1024
713728 340
714068 8
712704 2048
714752 477
715229 2
714752 933
715685 16
713728 4096
717824 560
717824 2048
719872 672
655360 65536
720896 350
721246 1
720896 6144
727040 800
727840 1
720896 8192
729088 237
729325 2
729088 1441
730529 20
730549 2
729088 6144
735232 216
735448 1
720896 16384
737280 1024
738304 122
738426 1
737280 4096
741376 395
720896 32768
753664 749
753664 2048
755712 1024
756736 41
756777 4
756781 2
753664 4096
757760 1024
758784 289
756736 8192
764928 330
765258 1
757760 10240
768000 312
768000 360
768360 4
768364 2
768312 129
768441 2
768000 1024
769024 982
770006 1
753664 24788
778452 256
757760 24576
782336 925
528896 262144
791040 1024
792064 40
792104 4
791040 2048
793088 200
540672 262144
802816 3
802816 4096
806912 929
807841 16
806912 2048
808960 1440
810400 68
810468 16
810484 2
802816 10240
813056 340
813396 2
559104 262144
821248 463
561152 262144
823296 1024
824320 2
565248 262144
827392 1024
828416 161
828577 4
524288 262144
786432 65536
851968 8
851968 6144
858112 68
858180 2
858112 824
858112 1024
859136 40
859136 588
859724 1
851976 10240
862216 1024
863240 544
863784 64
863848 2
863784 401
864185 2
851976 20480
872456 119
851968 21504
873472 16
851968 24576
876544 816
877360 1
858180 32768
890948 136
891084 16
890948 640
891588 256
863240 32768
896008 784
896792 128
851968 36864
888832 16384
905216 257
905216 1024
906240 68
906308 2
906240 2048
908288 688
908976 1
905473 8192
913665 560
914225 4
913665 2048
915713 200
905216 10240
915456 800
916256 64
916320 2
786432 133120
919552 640
920192 16
786432 131072
917504 4096
921600 241
921841 2
921600 574
921600 2048
923648 256
923904 32
923936 716
921600 8192
929792 824
930616 2
917504 16384
933888 890
933888 4096
937984 136
938120 17
938120 2048
940168 512
940680 4
937984 2048
940032 1024
941056 512
941568 1
933888 10240
944128 1024
945152 898
946050 64
946114 1
937984 8192
946176 1024
947200 882
948082 1
917504 33792
951296 661
951296 2048
953344 894
954238 1
921600 32768
954368 528
954896 3
954368 2048
956416 1024
957440 314
957754 4
951296 24576
975872 624
976496 3
954368 24576
978944 969
978944 2048
980992 72
981064 20
981084 2
980992 648
981640 20
917504 65536
983040 1024
984064 898
984962 64
984064 4096
988160 500
988160 514
988674 64
988738 1
988160 2048
990208 848
991056 33
988160 8192
996352 330
996682 5
983040 10240
993280 4096
997376 974
998350 1
8388608 1048576
9437184 741376
10178560 8192
10186752 716
10187468 16
8388608 4194304
12582912 569344
13152256 2048
13154304 328
12582912 1048576
13631488 919552
14551040 32768
14583808 8192
14592000 300
14592300 2
16777216 4194304
20971520 1048576
22020096 643072
22663168 8192
22671360 544
22671904 64
20971520 2097152
23068672 993280
24061952 33792
24095744 258
24096002 16
16777216 8388608
25165824 702464
25868288 1024
25869312 384
25869696 4
25869700 2
25165824 2097152
27262976 1048576
28311552 266240
28577792 1440
28579232 64
28579296 2
28579296 729088
29308384 20
27262976 4194304
31457280 413696
31870976 2048
31873024 1024
31874048 512
31874560 69
33554432 4194304
37748736 1048576
38797312 954368
39751680 1440
39753120 514
39753634 64
38797312 2097152
40894464 915713
41810177 1024
41811201 40
41811241 16
41811257 2
33554432 9437184
42991616 16384
43008000 2048
43010048 1024
43011072 784
43011856 132
43011072 163840
43174912 294
33554432 8388608
41943040 2097152
44040192 458808
44499000 8192
44507192 4096
44511288 2
41943040 4194304
46137344 827392
46964736 16384
46981120 2048
46983168 611
46137344 851968
46989312 8192
46997504 886
46998390 1
46137344 2097152
48234496 83968
48318464 8192
48326656 514
48327170 257
48234496 65536
48300032 32768
48332800 573
48333373 1048576
49381949 946176
50328125 322
40894464 16777216
57671680 374784
58046464 1024
58047488 688
58048176 8
58048184 2
57671680 311330
57983010 67584
58050594 64
67108864 1048576
68157440 919552
69076992 431
67108864 4194304
71303168 277504
71580672 807
71303168 2097152
73400320 672768
74073088 32768
74105856 2048
74107904 504
74108408 4
74108412 2
73400320 1048576
74448896 862216
75311112 4096
75315208 358
75315566 1
68157440 8388608
76546048 802816
77348864 32768
77381632 480
77382112 16
77382128 2
76546048 4194304
80740352 417792
81158144 4096
81162240 977
81163217 32
80740352 2097152
82837504 364544
83202048 360
83202408 16
83202424 2
67108864 16777216
83886080 606208
84492288 32768
84525056 2048
84527104 136
84527240 17
83886080 1048576
84934656 228866
85163522 16
83886080 4194304
88080384 262144
88342528 2048
88344576 1441
88346017 528
88346545 64
88080384 2097152
90177536 1048576
91226112 133576
91359688 20480
91380168 560
91380728 4
83886080 8388608
92274688 983040
93257728 36864
93294592 8192
93302784 629
93303413 8
92274688 4194304
96468992 828416
97297408 6144
97303552 264
97303816 4
97303820 2
67108864 33554432
100663296 2097152
102760448 70816
102831264 32768
102864032 26
102760448 786432
103546880 2048
103548928 448
103549376 4
103549380 2
102831264 9437184
112268448 131072
112399520 24576
112424096 539
112424635 4
100663296 13631488
114294784 929792
115224576 1024
115225600 898
115226498 1
114294784 2097152
116391936 428032
116819968 1440
116821408 68
116821476 16
100663296 16777216
117440512 83968
117524480 8192
117532672 64
117532736 16
117532752 2
117440512 1048576
118489088 318464
118807552 8192
118815744 833
118816577 128
117440512 2097152
119537664 862216
120399880 32768
120432648 640
120433288 256
119537664 983040
120520704 32768
120553472 16384
120569856 2048
120571904 514
120572418 4
119537664 8388608
127926272 172032
128098304 2048
128100352 310
128100662 1
127926272 1048576
128974848 629760
129604608 503
117440512 12582912
130023424 786432
130809856 6144
130816000 416
130816416 1
134217728 8388608
142606336 280576
142886912 65536
142952448 128
142952576 16
142886912 1048576
143935488 4096
143939584 1024
143940608 224
143940832 5
142606336 1048576
143654912 876544
144531456 32768
144564224 441
143654912 4194304
147849216 268288
148117504 32768
148150272 380
148150652 3
134217728 20971520
155189248 119808
155309056 258
155309314 32
155189248 2097152
157286400 1048576
158334976 851968
159186944 10240
159197184 1024
159198208 448
159198656 5
159186944 180224
159367168 4096
159371264 338
155189248 9437184
164626432 827392
165453824 20480
165474304 495
134217728 33554432
167772160 1048576
168820736 16384
168837120 2048
168839168 667
167772160 2097152
169869312 231424
170100736 16384
170117120 1024
170118144 168
169869312 1048576
170917888 172032
171089920 143
167772160 4194304
171966464 813056
172779520 4096
172783616 1024
172784640 672
172785312 5
171966464 1048576
173015040 180224
173195264 2048
173197312 1024
173198336 108
171966464 2097152
174063616 227712
174291328 72
174291400 16
174291416 2
174063616 1048576
175112192 671744
175783936 32768
175816704 2048
175818752 174
171966464 8388608
180355072 577536
180932608 2048
180934656 294
180934950 1
180355072 1048576
181403648 131072
181534720 24576
181559296 841
181560137 32
167772160 16777216
184549376 316416
184865792 8192
184873984 712
184874696 1
184549376 993280
185542656 32768
185575424 221
184549376 1048576
185597952 851976
186449928 33792
186483720 16384
186500104 2048
186502152 544
186502696 4
186502700 2
184549376 4194304
188743680 680960
189424640 2048
189426688 824
189427512 2
188743680 1048576
189792256 385024
190177280 4096
190181376 204
190181580 1
189792256 983040
190775296 32768
190808064 16384
190824448 117
188743680 2097152
190840832 983040
191823872 20480
191844352 2048
191846400 140
184549376 8388608
192937984 929792
193867776 976
193868752 32
193868784 4
192937984 2097152
195035136 262144
195297280 65536
195362816 477
195363293 2
195297280 524288
195821568 10240
195831808 1024
195832832 413
195833245 2
195821568 1048576
196870144 91688
196961832 257
196962089 16
195035136 4194304
199229440 1048576
200278016 231424
200509440 16384
200525824 380
200526204 3
134217728 67108864
201326592 2097152
203423744 557056
203980800 1024
203981824 528
203982352 3
201326592 4194304
205520896 458752
205979648 8192
205987840 4096
205991936 796
205520896 2097152
207618048 10240
207628288 4096
207632384 1024
207633408 223
203423744 8388608
211812352 86016
211898368 2048
211900416 704
211901120 32
211901152 16
205979648 9437184
215416832 32768
215449600 2048
215451648 989
215452637 32
215449600 24788
215474388 35
211812352 4194304
216006656 61856
216068512 16
216006656 64512
216071168 604
216071772 1
205520896 16777216
222298112 180224
222478336 8192
222486528 4096
222490624 1024
222491648 989
222298112 684064
222982176 2048
222984224 528
222984752 2
222298112 2097152
224395264 1048576
225443840 546816
225990656 1024
225991680 33
225443840 933888
226377728 8192
226385920 712
226386632 32
201326592 25165824
226492416 1048576
227540992 458792
227999784 8192
228007976 4096
228012072 898
228012970 64
227540992 786432
228327424 6144
228333568 40
228327424 2097152
230424576 237568
230662144 296
226492416 4194304
230686720 295936
230982656 384
230983040 5
230686720 917504
231604224 8192
231612416 416
231612832 16
231612848 2
231612832 70656
231683488 32768
231716256 2048
231718304 524
231718828 2
230983040 1048576
232031616 524288
232555904 520
232556424 1
201326592 33554432
234881024 1048576
235929600 335872
236265472 2048
236267520 600
236268120 1
234881024 2097152
236978176 851976
237830152 34208
237864360 64
237864424 2
236978176 1048576
238026752 569344
238596096 784
238596880 1
238026752 824322
238851074 2048
238853122 421
238853543 8
234881024 4194304
239075328 876544
239951872 32768
239984640 330
239984970 5
239075328 1048576
240123904 851976
240975880 16384
240992264 823
236978176 8388608
245366784 196608
245563392 2048
245565440 416
245565856 4
245565860 2
245366784 1048576
246415360 606208
247021568 384
247021952 20
247021972 2
239075328 8388608
247463936 565248
248029184 72
248029256 4
240123904 16777216
256901120 580612
257481732 784
257482516 128
256901120 2097152
258998272 741376
259739648 1024
259740672 512
259741184 261
258998272 919552
259917824 892
235929600 25165824
261095424 262144
261357568 32768
261390336 8192
261398528 528
261399056 64
261399120 1
245366784 16777216
262144000 385024
262529024 4096
262533120 800
262533920 64
262533984 2
262144000 1048576
263192576 729088
263921664 4096
263925760 1024
263926784 512
263927296 256
263927552 64
247463936 16777216
264241152 208896
264450048 416
264450464 4
264241152 385024
264626176 4096
264630272 1024
264631296 384
264631680 20
264241152 2097152
266338304 251904
266590208 473
268435456 2097152
270532608 664576
271197184 6144
271203328 514
271203842 68
270532608 851976
271384584 33792
271418376 2048
271420424 324
271420748 33
268435456 4194304
272629760 1048576
273678336 908288
274586624 841
274587465 4
273678336 2097152
275775488 509952
276285440 21
270532608 9437184
279969792 215040
280184832 1024
280185856 132
272629760 8388608
281018368 862216
281880584 4096
281884680 784
281885464 129
281018368 1048576
282066944 196608
282263552 4096
282267648 244
282066944 565952
282632896 2048
282634944 1024
282635968 284
282636252 1
281018368 2097152
283115520 442368
283557888 8192
283566080 528
283566608 8
268435456 16777216
285212672 311296
285523968 8192
285532160 976
285533136 8
285533144 4
285212672 1048576
286261248 374784
286636032 1024
286637056 289
286637345 16
285212672 2097152
287309824 411648
287721472 265
287721737 16
285212672 4194304
289406976 186368
289593344 711
289406976 204800
289611776 104
289406976 1048576
290455552 266240
290721792 1024
290722816 840
286261248 8388608
294649856 237568
294887424 16384
294903808 41
294903849 2
287309824 8388608
295698432 70656
295769088 32768
295801856 655
295698432 4194304
299892736 919552
300812288 1024
300813312 275
268435456 33554432
301989888 1048576
303038464 953344
303991808 8192
304000000 512
304000512 5
301989888 2097152
304087040 91680
304178720 6144
304184864 470
304185334 1
304087040 295936
304382976 65536
304448512 775
304087040 4194304
308281344 33792
308315136 2048
308317184 833
308281344 1048576
309329920 133120
309463040 4096
309467136 569
303038464 8388608
311427072 131072
311558144 1024
311559168 322
311559490 32
311559168 8192
311567360 4096
311571456 384
311427072 2097152
313524224 73728
313597952 4096
313602048 256
313602304 32
308281344 8388608
316669952 442368
317112320 4096
317116416 384
317116800 1
317116800 1048576
318165376 73728
318239104 528
318239632 64
301989888 25165824
327155712 675840
327831552 1024
327832576 40
327832616 20
327155712 2097152
329252864 1048576
330301440 352256
330653696 1024
330654720 514
330655234 1
327155712 4194304
331350016 953344
332303360 8192
332311552 712
332312264 32
331350016 2097152
333447168 1048576
334495744 434176
334929920 140
334930060 1
268435456 67108864
335544320 758784
336303104 16384
336319488 2048
336321536 755
335544320 2097152
337641472 131072
337772544 4096
337776640 906
337777546 64
337772544 311296
338083840 8192
338092032 1024
338093056 72
338093128 21
337641472 876544
338518016 33792
338551808 64
338551872 2
335544320 4194304
339738624 1048576
340787200 569344
341356544 2048
341358592 969
341359561 32
340787200 2097152
342884352 225280
343109632 584
343110216 34
342884352 983040
343867392 36864
343904256 16384
343920640 2048
343922688 289
343922977 16
339738624 8388608
348127232 851968
348979200 8192
348987392 486
348987878 1
348127232 2097152
350224384 1048576
351272960 720896
351993856 2048
351995904 40
351995944 4
351995948 2
335544320 16777216
352321536 1048576
353370112 828577
354198689 20480
354219169 2048
354221217 264
352321536 2097152
354418688 36864
354455552 16384
354471936 1024
354472960 35
354472995 16
352321536 4194304
356515840 588800
357104640 472
356515840 1048576
357564416 851976
358416392 8192
358424584 4096
358428680 1024
358429704 68
358429772 16
358429788 2
357564416 2097152
359661568 720896
360382464 1440
360383904 72
352321536 8388608
360710144 32768
360742912 2048
360744960 926
360744960 2097152
362842112 1048576
363890688 475136
364365824 8192
364374016 4096
364378112 1024
364379136 814
364379950 1
360710144 4194304
364904448 2097152
367001600 1048576
368050176 806912
368857088 528
335544320 33554432
369098752 458792
369557544 2048
369559592 196
369559788 1
369098752 1048576
370147328 516096
370663424 284
370663708 1
369098752 8388608
377487360 851976
378339336 33792
378373128 258
378373386 16
377487360 2097152
379584512 418816
380003328 935
379584512 1048576
380633088 106496
380739584 599
380633088 626688
381259776 524
381260300 2
370147328 16777216
386924544 47104
386971648 96
386971744 1
369098752 20971520
390070272 69632
390139904 2048
390141952 974
390070272 2097152
392167424 677888
392845312 852
392846164 2
386924544 8388608
395313152 2097152
397410304 164864
397575168 6144
397581312 26
390070272 8388608
398458880 180224
398639104 321
272629760 134217728
406847488 2097152
408944640 251904
409196544 8192
409204736 458
268435456 142606336
411041792 917504
411959296 8192
411967488 328
411967816 1
411041792 4194304
415236096 729088
415965184 704
415965888 32
415965920 4
415236096 1048576
416284672 348160
416632832 196
416633028 16
416633044 2
416284672 2097152
418381824 993280
419375104 1024
419376128 128
419376256 16
287309824 134217728
421527552 6144
421533696 544
421534240 4
421534244 2
406847488 16777216
423624704 1048576
424673280 679040
425352320 875
424673280 2097152
426770432 851968
427622400 2048
427624448 260
427624708 16
427624724 2
411041792 16777216
427819008 278528
428097536 8192
428105728 1024
428106752 738
428107490 1
427819008 1048576
428867584 125952
428993536 4096
428997632 465
428867584 2097152
430964736 768000
431732736 40
431732776 4
430964736 988160
431952896 32768
431985664 16384
432002048 355
432002403 16
428105728 4194304
432300032 561152
432861184 2048
432863232 289
432863521 16
432300032 1048576
433348608 4096
433352704 1024
433353728 330
430964736 4194304
435159040 443392
435602432 4096
435606528 172
435606700 1
303038464 134217728
437256192 222208
437478400 537
437478937 4
411041792 33554432
444596224 727040
445323264 1024
445324288 156
445324444 2
444596224 4194304
448790528 876544
449667072 6144
449673216 706
449673922 1
448790528 2097152
450887680 1048576
451936256 133120
452069376 16384
452085760 37
423624704 33554432
457179136 2097152
459276288 65536
459341824 16384
459358208 648
459358856 20
459341824 655360
459997184 32768
460029952 188
444596224 16777216
461373440 69632
461443072 2048
461445120 848
461445968 9
461373440 1048576
462422016 352256
462774272 2048
462776320 776
462777096 4
462777100 2
462422016 2097152
464519168 393216
464912384 4096
464916480 868
464917348 9
462422016 4194304
466616320 557056
467173376 1024
467174400 596
467174996 2
335544320 134217728
469762048 753664
470515712 16384
470532096 1024
470533120 324
470533444 33
469762048 4194304
473956352 851968
474808320 32768
474841088 480
474841568 3
473956352 1048576
475004928 385024
475389952 4096
475394048 1024
475395072 640
475395712 257
475004928 758784
475763712 16384
475780096 2048
475782144 804
475782948 8
475004928 2097152
477102080 993280
478095360 16384
478111744 1024
478112768 562
478113330 1
469762048 9437184
479199232 439554
479638786 2048
479640834 136
479640970 16
479199232 610304
479809536 1024
479810560 624
479811184 1
479199232 2097152
481296384 920208
482216592 1024
482217616 8
482217624 4
473956352 8388608
482344960 591872
482936832 8192
482945024 24
482945048 5
469762048 16777216
486539264 1048576
487587840 262144
487849984 65536
487915520 72
487915592 16
487587840 2097152
489684992 180224
489865216 8192
489873408 1024
489874432 261
486539264 4194304
490733568 180224
490913792 4096
490917888 814
490733568 436224
491169792 907
490917888 2097152
493015040 8192
493023232 1024
493024256 140
487587840 8388608
495976448 758784
496735232 16384
496751616 2048
496753664 69
496753733 16
486539264 8388608
494927872 2097152
497025024 69632
497094656 32768
497127424 624
494927872 4194304
499122176 828416
499950592 20480
499971072 2048
499973120 814
499122176 2097152
501219328 1048576
502267904 672768
502940672 2048
502942720 177
502942897 4
469762048 33554432
503316480 91136
503407616 256
503407872 32
503407904 16
503407616 163840
503571456 712
503572168 32
503316480 4194304
507510784 172032
507682816 384
507683200 4
507683204 2
507510784 2097152
509607936 538624
510146560 244
509607936 792064
510400000 8192
510408192 160
510408352 4
510408356 2
503316480 8388608
511705088 792064
512497152 9
511705088 4194304
515899392 1048576
516947968 282624
517230592 2048
517232640 809
517233449 2
515899392 2097152
517996544 180224
518176768 8192
518184960 1024
518185984 40
518186024 16
518186040 2
503407616 16777216
520184832 2097152
522281984 921600
523203584 140
523203724 1
503316480 16777216
520093696 2097152
522190848 1048576
523239424 433668
523673092 330
520093696 4194304
524288000 1048576
525336576 280608
525617184 8192
525625376 286
524288000 2097152
526385152 300112
526685264 41
526685305 4
526385152 1048576
527433728 715701
528149429 1024
528150453 72
525336576 8388608
533725184 876544
534601728 32768
534634496 133
526385152 8388608
534773760 163840
534937600 6144
534943744 291
534937600 1048576
535986176 524288
536510464 2048
536512512 1024
536513536 590
536514126 1
536870912 36864
536907776 16384
536924160 1024
536925184 806
536924160 4194304
541118464 8192
541126656 111
536870912 4194304
541065216 786432
541851648 8192
541859840 4096
541863936 1024
541864960 75
541865035 4
541065216 1048576
542113792 266240
542380032 32768
542412800 346
541118464 2097152
543215616 2048
543217664 1440
543219104 8
543219112 4
542412800 2097152
544509952 729088
545239040 1024
545240064 196
545240260 16
545240276 2
536870912 8388608
545259520 8192
545267712 4096
545271808 1024
545272832 458
545273290 4
536870912 16777216
553648128 2097152
555745280 1048576
556793856 73728
556867584 2048
556869632 289
553648128 4194304
557842432 652288
558494720 2048
558496768 138
558496906 16
557842432 1048576
558891008 304128
559195136 4096
559199232 604
557842432 2097152
559939584 16384
559955968 83
559956051 8
559956059 4
553648128 9437184
563085312 712704
563798016 24
563798040 4
555745280 8388608
564133888 975872
565109760 203
557842432 8388608
566231040 311296
566542336 65536
566607872 704
566608576 32
536870912 33554432
570425344 1048576
571473920 729088
572203008 2048
572205056 300
572205356 2
571473920 4194304
575668224 2097152
577765376 657408
578422784 32768
578455552 789
570425344 16777216
587202560 2097152
589299712 908288
590208000 177
590208177 4
587202560 4194304
591396864 1048576
592445440 984064
593429504 16384
593445888 203
592445440 2097152
594542592 131072
594673664 24576
594698240 1024
594699264 919
592445440 8388608
600834048 194560
601028608 982
601029590 32
591396864 8388608
599785472 2097152
601882624 229376
602112000 16384
602128384 1024
602129408 265
602129673 2
601882624 954899
602837523 8192
602845715 40
602845755 4
542113792 67108864
609222656 591872
609814528 504
609815032 4
609815036 2
545267712 67108864
612376576 229376
612605952 16384
612622336 1024
612623360 532
612623892 1
612376576 4194304
616570880 983040
617553920 4096
617558016 504
617558520 2
616570880 2097152
618668032 1048576
619716608 888832
620605440 2048
620607488 1024
620608512 75
553648128 67108864
620756992 984064
621741056 16384
621757440 2048
621759488 240
621759728 8
620756992 2097152
622854144 69632
622923776 2048
622925824 824
622926648 2
620756992 8388608
629145600 233496
629379096 2048
629381144 800
629381944 64
629145600 2097152
631242752 1048576
632291328 786432
633077760 10240
633088000 64
633088064 16
633088080 2
571473920 67108864
638582784 2097152
640679936 335872
641015808 2048
641017856 853
641018709 8
640679936 4194304
644874240 782336
645656576 2048
645658624 1024
645659648 624
645660272 3
638582784 8388608
646971392 119808
647091200 2048
647093248 296
570425344 71303168
641728512 8388608
650117120 655360
650772480 224
650772704 8
650772712 2
650772704 278528
651051232 65536
651116768 1024
651117792 512
651118304 4
622854144 33554432
656408576 370688
656779264 532
656779796 8
656408576 528901
656937477 1024
656938501 96
656408576 851976
657260552 4096
657264648 1024
657265672 20
657265692 2
656408576 1048576
657457152 851968
658309120 16384
658325504 1024
658326528 784
658327312 132
641728512 16777216
658505728 131072
658636800 8192
658644992 4096
658649088 1440
658650528 26
658505728 2097152
660602880 1048576
661651456 47104
661698560 1024
661699584 64
661699648 17
629145600 33554432
662700032 266240
662966272 32768
662999040 8192
663007232 553
663007785 4
663007789 2
662700032 4194304
666894336 720896
667615232 2048
667617280 26
667617306 1
666894336 2097152
668991488 827392
669818880 20480
669839360 2048
669841408 906
536870912 134217728
671088640 262144
671350784 8192
671358976 1024
671360000 384
671360384 5
671350784 2097152
673447936 1048576
674496512 264
671088640 4194304
675282944 33792
675316736 16384
675333120 2048
675335168 796
671088640 8388608
679477248 2097152
681574400 36864
681611264 275
681611539 4
681574400 1048576
682622976 43008
682665984 16384
682682368 1024
682683392 672
682684064 1
679477248 4194304
683671552 229376
683900928 712
683901640 3
671350784 16777216
688128000 33792
688161792 140
671088640 16777216
687865856 2097152
689963008 1048576
691011584 142336
691153920 16384
691170304 324
691170628 32
687865856 4194304
692060160 74752
692134912 133
692060160 2097152
694157312 1048576
695205888 786432
695992320 7168
695999488 33
687865856 8388608
696254464 594268
696848732 1024
696849756 161
696849917 2
696254464 1048576
697303040 65536
697368576 16384
697384960 128
697385088 64
697385152 2
696254464 2097152
698351616 372736
698724352 655
671088640 33554432
704643072 626688
705269760 224
705269984 1
705269760 280576
705550336 8192
705558528 643
705559171 16
705558528 4194304
709752832 131072
709883904 1024
709884928 8
709884936 4
709884940 2
704643072 4194304
708837376 2097152
710934528 231424
711165952 800
711166752 64
711166816 2
710934528 311296
711245824 10240
711256064 1024
711257088 448
711257536 2
710934528 737280
711671808 2048
711673856 384
711674240 16
711674256 2
704643072 8388608
713031680 36864
713068544 8192
713076736 1024
713077760 328
713078088 16
713031680 2097152
715128832 1048576
716177408 338944
716516352 741
704643072 16777216
721420288 1048576
722468864 851976
723320840 2048
723322888 1024
723323912 261
721420288 8388608
729808896 2097152
731906048 32768
731938816 976
731939792 4
731938816 729088
732667904 64
731938816 1048576
732987392 283648
733271040 868
733271908 9
731906048 4194304
736100352 1048576
737148928 220160
737369088 161
737369249 4
737369253 2
671088640 67108864
738197504 2097152
740294656 557056
740851712 65536
740917248 1024
740918272 514
740918786 68
740294656 684032
740978688 26
740978714 1
740294656 4194304
744488960 194560
744683520 1440
744684960 512
744685472 64
744488960 1048576
745537536 436224
745973760 148
745973908 2
738197504 8388608
746586112 122880
746708992 1024
746710016 24
746710040 1
746586112 2097152
748683264 1048576
749731840 923904
750655744 712
746586112 4194304
750780416 680209
751460625 2048
751462673 168
750780416 1048576
751828992 370688
752199680 1024
752200704 643
752201347 16
750780416 2097152
752877568 442368
753319936 8192
753328128 574
752877568 1048576
753926144 91136
754017280 4096
754021376 120
738197504 16777216
754974720 828577
755803297 264
755803561 16
755803577 2
754974720 4194304
759169024 983040
760152064 16384
760168448 2048
760170496 4
760170500 2
759169024 1048576
760217600 606208
760823808 32768
760856576 2048
760858624 96
754974720 9437184
764411904 364544
764776448 2048
764778496 600
764779096 1
759169024 8388608
767557632 237568
767795200 16384
767811584 2048
767813632 1024
767814656 321
738197504 33554432
771751936 315392
772067328 2048
772069376 929
772070305 64
771751936 405504
772157440 1024
772158464 63
771751936 565248
772317184 2048
772319232 1024
772320256 528
772320784 8
771751936 2097152
773849088 26624
773875712 1024
773876736 795
771751936 13631488
785383424 786432
786169856 10240
786180096 4096
786184192 448
786184640 3
786169856 214016
786383872 448
786384320 5
773849088 12582912
786432000 34412
771751936 16777216
788529152 1048576
789577728 47104
789624832 775
788529152 2097152
790626304 753664
791379968 24576
791404544 240
791404784 8
791404792 2
790626304 4194304
794820608 1048576
795869184 252928
796122112 925
789577728 8388608
797966336 208896
798175232 1024
798176256 850
797966336 2097152
800063488 658432
800721920 32768
800754688 584
800755272 34
536870912 268435456
805306368 1048576
806354944 663552
807018496 68
807018564 16
807018580 2
806354944 2097152
808452096 940684
809392780 256
809393036 32
806354944 4194304
810549248 283648
810832896 10240
810843136 843
805306368 8388608
813694976 489472
814184448 68
814184516 16
814184532 2
813694976 4194304
817889280 1048576
818937856 983040
819920896 32768
819953664 8192
819961856 384
819962240 5
805306368 20971520
826277888 180224
826458112 8192
826466304 1024
826467328 514
826467842 5
826277888 851976
827129864 1024
827130888 128
827131016 64
827131080 16
827131096 2
826277888 1048576
827326464 297984
827624448 602
827625050 1
827326464 2097152
829423616 413696
829837312 1024
829838336 9
829423616 605224
830028840 401
807018564 33554432
840572996 262144
840835140 32768
840867908 514
840868422 1
805306368 33554432
838860800 2097152
840957952 106496
841064448 4096
841068544 609
841069153 4
840957952 1048576
842006528 557056
842563584 786
838860800 4194304
843055104 401408
843456512 741
843055104 2097152
845152256 509952
845662208 4096
845666304 1024
845667328 776
845668104 7
843055104 9437184
852492288 540672
853032960 8192
853041152 624
853041776 9
853041785 2
852492288 888832
853381120 1024
853382144 624
853382768 9
853382777 2
843055104 16777216
859832320 1048576
860880896 225280
861106176 216
859832320 2097152
861929472 738304
862667776 10240
862678016 176
859832320 8388608
868220928 237568
868458496 6144
868464640 512
868465152 64
868465216 1
868220928 808960
869029888 433
868458496 1048576
869507072 802816
870309888 754
868220928 2097152
870318080 1048576
871366656 65536
871432192 16384
871448576 1024
871449600 64
871449664 16
871449680 2
806354944 67108864
873463808 33792
873497600 16384
873513984 472
873497600 729088
874226688 2048
874228736 360
873463808 2097152
875560960 21504
875582464 2048
875584512 776
873463808 4194304
877658112 180224
877838336 4096
877842432 716
877843148 32
877843180 16
877838336 262144
878100480 2048
878102528 776
878103304 3
817889280 67108864
884998144 851976
885850120 340
885850460 2
873463808 16777216
890241024 851976
891093000 16384
891109384 848
890241024 2097152
892338176 984064
893322240 32768
893355008 24576
893379584 823
884998144 16777216
901775360 947200
902722560 291
902722851 16
901775360 2097152
903872512 283648
904156160 553
903872512 851968
904724480 2048
904726528 710
875560960 33554432
909115392 20480
909135872 473
843055104 67108864
910163968 782336
910946304 1024
910947328 823
910163968 1048576
911212544 528384
911740928 2048
911742976 1024
911744000 256
911744256 64
911744320 16
910163968 8388608
918552576 269312
918821888 786
918822674 4
918552576 984064
919536640 32768
919569408 8192
919577600 852
919578452 2
918552576 2097152
920649728 4096
920653824 384
920654208 16
920654224 2
920653824 720896
921374720 1024
921375744 842
921376586 32
841064448 83886080
924950528 786432
925736960 1024
925737984 32
925738016 20
910163968 16777216
926941184 2097152
929038336 757760
929796096 514
929796610 256
840957952 92274688
933232640 262144
933494784 32768
933527552 8192
933535744 824
933494784 73728
933568512 2048
933570560 24
933570584 1
933232640 644096
933876736 863
933527552 4194304
937721856 1048576
938770432 131072
938901504 72
938901576 21
808452096 134217728
942669824 983040
943652864 28672
943681536 544
943682080 68
943682148 2
943652864 4194304
947847168 2048
947849216 1024
947850240 784
947851024 4
813694976 134217728
947912704 1048576
948961280 71112
949032392 2048
949034440 3
947912704 2097152
950009856 737280
950747136 8192
950755328 629
950755957 2
950009856 4194304
954204160 1048576
955252736 615424
955868160 122
955868282 1
805306368 134217728
939524096 16777216
956301312 610304
956911616 489
956912105 2
956301312 2097152
958398464 858112
959256576 448
959257024 1
958398464 1048576
959447040 86016
959533056 624
959533680 4
959533684 2
956301312 4194304
960495616 1048576
961544192 555332
962099524 1024
962100548 176
962100724 2
956301312 9437184
965738496 222208
965960704 528
965961232 2
965738496 610304
966348800 2048
966350848 1440
966352288 520
958398464 8388608
966787072 802819
967589891 8192
967598083 340
966787072 1048576
967835648 659208
968494856 32768
968527624 17
960495616 8388608
968884224 491520
969375744 75
968884224 580612
969464836 35
939524096 33554432
973078528 237568
973316096 712
973316808 16
973078528 1048576
974127104 33792
974160896 16384
974177280 2048
974179328 72
974179400 4
974179404 2
973078528 4194304
977272832 2097152
979369984 823296
980193280 16384
980209664 2048
980211712 946
980212658 1
979369984 1048576
980418560 583680
981002240 1024
981003264 599
979369984 8388608
987758592 268288
988026880 32768
988059648 898
977272832 16777216
994050048 983040
995033088 32768
995065856 784
995066640 128
994050048 1048576
995098624 380928
995479552 1024
995480576 976
994050048 2097152
996147200 106496
996253696 537
973078528 25165824
998244352 131072
998375424 24576
998400000 149
998400149 2
998244352 631872
998876224 544
998876768 2
