2383
1 1
1 2
1 3
1 4
1 5
1 6
1 7
1 8
1 9
1 10
3 11
1 14
1 15
1 16
2 17
1 19
1 20
3 21
2 24
4 26
1 30
1 31
1 32
1 33
1 34
1 35
1 36
2 37
1 39
1 40
3 41
1 44
1 45
2 46
1 48
1 49
2 50
1 52
2 53
5 55
3 60
1 63
3 64
1 67
1 68
2 69
2 71
2 73
1 75
1 76
2 77
2 79
2 81
4 83
1 87
2 88
1 90
2 91
1 93
2 94
2 96
5 98
1 103
2 104
2 106
3 108
1 111
1 112
1 113
2 114
1 116
2 117
1 119
1 120
1 121
1 122
1 123
3 124
2 127
4 129
1 133
1 134
1 135
2 136
1 138
1 139
3 140
1 143
2 144
2 146
1 148
2 149
2 151
3 153
1 156
2 157
2 159
7 161
1 168
1 169
1 170
1 171
2 172
1 174
1 175
1 176
4 177
1 181
5 182
2 187
1 189
3 190
1 193
2 194
6 196
1 202
1 203
7 204
2 211
3 213
5 216
1 221
1 222
1 223
1 224
1 225
1 226
3 227
1 230
2 231
1 233
3 234
3 237
1 240
2 241
1 243
2 244
1 246
2 247
7 249
2 256
2 258
1 260
1 261
2 262
1 264
4 265
3 269
1 272
2 273
1 275
10 276
3 286
2 289
5 291
1 296
3 297
8 300
1 308
1 309
4 310
6 314
1 320
2 321
4 323
1 327
2 328
1 330
3 331
3 334
1 337
1 338
1 339
6 340
4 346
3 350
2 353
2 355
1 357
2 358
3 360
2 363
7 365
1 372
4 373
1 377
2 378
1 380
2 381
1 383
1 384
4 385
5 389
1 394
2 395
4 397
4 401
3 405
5 408
2 413
2 415
4 417
2 421
6 423
1 429
1 430
1 431
1 432
1 433
2 434
1 436
1 437
1 438
2 439
2 441
2 443
1 445
11 446
1 457
1 458
2 459
1 461
1 462
2 463
1 465
3 466
1 469
1 470
1 471
1 472
3 473
1 476
7 477
1 484
1 485
2 486
1 488
6 489
5 495
2 500
1 502
1 503
2 504
1 506
2 507
3 509
2 512
10 514
3 524
1 527
4 528
2 532
3 534
2 537
2 539
3 541
1 544
4 545
2 549
2 551
9 553
6 562
1 568
4 569
1 573
11 574
1 585
3 586
1 589
3 590
3 593
3 596
3 599
2 602
3 604
1 607
3 608
5 611
6 616
2 622
5 624
5 629
8 634
1 642
5 643
1 648
2 649
2 651
2 653
5 655
1 660
1 661
5 662
2 667
2 669
1 671
7 672
1 679
2 680
2 682
1 684
2 685
1 687
3 688
1 691
2 692
5 694
5 699
1 704
1 705
3 706
1 709
1 710
1 711
5 712
1 717
1 718
4 719
3 723
2 726
7 728
2 735
1 737
3 738
3 741
2 744
1 746
2 747
2 749
2 751
1 753
1 754
20 755
1 775
1 776
9 777
1 786
2 787
2 789
1 791
3 792
3 795
1 798
1 799
3 800
2 803
1 805
1 806
2 807
5 809
2 814
3 816
1 819
3 820
1 823
3 824
6 827
2 833
6 835
1 841
1 842
3 843
2 846
2 848
1 850
1 851
1 852
2 853
4 855
3 859
1 862
3 863
1 866
1 867
7 868
7 875
4 882
2 886
2 888
1 890
1 891
2 892
4 894
4 898
4 902
1 906
1 907
2 908
1 910
2 911
5 913
1 918
1 919
3 920
2 923
1 925
3 926
6 929
1 935
4 936
5 940
1 945
1 946
3 947
6 950
2 956
1 958
8 959
2 967
2 969
3 971
2 974
1 976
1 977
3 978
1 981
5 982
2 987
2 989
8 991
340 999
4 1339
21 1343
14 1364
1 1378
3 1379
49 1382
10 1431
999 1441
395 2440
1 2835
46 2836
643 2882
3 3525
20 3528
69 3548
31 3617
7 3648
41 3655
2 3696
151 3698
1 3849
11 3850
1 3861
19 3862
378 3881
4 4259
60 4263
574 4323
7 4897
41 4904
2 4945
10 4947
17 4957
64 4974
2 5038
246 5040
203 5286
213 5489
562 5702
21 6264
339 6285
1 6624
31 6625
98 6656
2 6754
187 6756
977 6943
17 7920
300 7937
2 8237
340 8239
3 8579
140 8582
3 8722
96 8725
17 8821
1441 8838
593 10279
437 10872
987 11309
381 12296
93 12677
853 12770
3881 13623
331 17504
795 17835
1441 18630
532 20071
908 20603
2882 21511
395 24393
5 24788
2440 24793
55 27233
1382 27288
46 28670
691 28716
2836 29407
45 32243
2 32288
1441 32290
477 33731
204 34208
1441 34412
485 35853
20 36338
991 36358
7 37349
791 37356
4259 38147
755 42406
5 43161
1441 43166
237 44607
2440 44844
353 47284
1 47637
204 47638
11309 47842
289 59151
989 59440
1441 60429
495 61870
2836 62365
127 65201
987 65328
8 66315
925 66323
1441 67248
662 68689
4 69351
506 69355
959 69861
296 70820
634 71116
2 71750
3881 71752
1 75633
4323 75634
334 79957
106 80291
3617 80397
1431 84014
978 85445
143 86423
1441 86566
151 88007
894 88158
1441 89052
227 90493
974 90720
2 91694
408 91696
2440 92104
216 94544
5286 94760
2 100046
5489 100048
122 105537
6943 105659
926 112602
6285 113528
52 119813
96 119865
2882 119961
589 122843
32 123432
334 123464
2882 123798
6285 126680
462 132965
149 133427
103 133576
6943 133679
712 140622
999 141334
81 142333
296 142414
3881 142710
718 146591
1 147309
5286 147310
108 152596
1441 152704
842 154145
76 154987
5286 155063
69 160349
26 160418
3698 160444
120 164142
999 164262
76 165261
528 165337
6943 165865
925 172808
4 173733
886 173737
1441 174623
470 176064
3 176534
4259 176537
2 180796
3548 180798
2440 184346
35 186786
331 186821
430 187152
4263 187582
2835 191845
1441 194680
848 196121
6656 196969
88 203625
430 203713
1441 204143
143 205584
36 205727
2836 205763
792 208599
971 209391
139 210362
4323 210501
176 214824
144 215000
738 215144
3698 215882
21 219580
1441 219601
41 221042
562 221083
1431 221645
755 223076
11 223831
1441 223842
381 225283
687 225664
1431 226351
9 227782
514 227791
562 228305
2440 228867
365 231307
3 231672
1441 231675
385 233116
4974 233501
9 238475
6756 238484
26 245240
6943 245266
819 252209
11 253028
1441 253039
712 254480
5286 255192
88 260478
1 260566
503 260567
5702 261070
389 266772
1 267161
976 267162
1379 268138
26 269517
3881 269543
346 273424
3861 273770
1441 277631
46 279072
49 279118
1441 279167
1343 280608
19 281951
1441 281970
777 283411
593 284188
4323 284781
8838 289104
46 297942
1441 297988
685 299429
3881 300114
334 303995
999 304329
320 305328
5702 305648
5286 311350
187 316636
898 316823
1364 317721
15 319085
1441 319100
991 320541
1 321532
8838 321533
967 330371
397 331338
991 331735
833 332726
1364 333559
1441 334923
202 336364
989 336566
69 337555
159 337624
999 337783
182 338782
19 338964
504 338983
1441 339487
982 340928
489 341910
5 342399
308 342404
6285 342712
297 348997
405 349294
2440 349699
83 352139
98 352222
3 352320
405 352323
156 352728
6756 352884
88 359640
5286 359728
41 365014
112 365055
989 365167
1441 366156
643 367597
83 368240
3 368323
2440 368326
174 370766
2440 370940
226 373380
459 373606
1339 374065
10 375404
6624 375414
999 382038
30 383037
2882 383067
91 385949
171 386040
2836 386211
3881 389047
98 392928
308 393026
6756 393334
32 400090
1441 400122
500 401563
216 402063
3881 402279
6943 406160
144 413103
1382 413247
2 414629
4323 414631
338 418954
261 419292
5286 419553
593 424839
98 425432
1431 425530
1441 426961
146 428402
75 428548
5286 428623
1 433909
607 433910
2440 434517
363 436957
999 437320
77 438319
224 438396
982 438620
4323 439602
94 443925
265 444019
3698 444284
143 447982
798 448125
8838 448923
439 457761
608 458200
1441 458808
380 460249
8582 460629
741 469211
3617 469952
3881 473569
90 477450
175 477540
12770 477715
814 490485
1441 491299
967 492740
291 493707
662 493998
35 494660
1441 494695
2882 496136
314 499018
4 499332
999 499336
16 500335
26 500351
1 500377
1441 500378
593 501819
2882 502412
604 505294
5 505898
1441 505903
919 507344
2440 508263
244 510703
5489 510947
14 516436
923 516450
862 517373
1441 518235
719 519676
868 520395
4 521263
514 521267
1 521781
176 521782
6943 521958
143 528901
10279 529044
104 539323
395 539427
2440 539822
224 542262
1441 542486
586 543927
91 544513
2440 544604
112 547044
256 547156
1 547412
9 547413
6943 547422
967 554365
604 555332
1343 555936
602 557279
1 557881
506 557882
2440 558388
231 560828
569 561059
53 561628
4323 561681
2 566004
1441 566006
363 567447
2440 567810
394 570250
7920 570644
2440 578564
114 581004
2882 581118
189 584000
2440 584189
60 586629
1 586689
353 586690
1431 587043
139 588474
991 588613
2440 589604
69 592044
1339 592113
816 593452
378 594268
1382 594646
52 596028
8838 596080
569 604918
999 605487
87 606486
116 606573
4323 606689
3528 611012
9 614540
999 614549
262 615548
11 615810
2440 615821
888 618261
4 619149
4323 619153
39 623476
1441 623515
967 624956
1441 625923
143 627364
728 627507
2 628235
276 628237
2 628513
437 628515
853 628952
320 629805
999 630125
76 631124
589 631200
83 631789
1 631872
275 631873
569 632148
241 632717
622 632958
378 633580
3861 633958
755 637819
3528 638574
882 642102
805 642984
945 643789
1382 644734
46 646116
3862 646162
6 650024
2440 650030
358 652470
551 652828
2836 653379
2440 656215
55 658655
503 658710
157 659213
3881 659370
820 663251
258 664071
706 664329
1441 665035
30 666476
159 666506
6943 666665
50 673608
1441 673658
795 675099
1441 675894
76 677335
216 677411
1431 677627
350 679058
800 679408
1 680208
1441 680209
11 681650
1441 681661
982 683102
249 684084
2882 684333
144 687215
8239 687359
225 695598
2882 695823
276 698705
171 698981
1431 699152
747 700583
1441 701330
705 702771
463 703476
6943 703939
967 710882
1 711849
67 711850
1441 711917
718 713358
156 714076
999 714232
470 715231
243 715701
2440 715944
330 718384
1441 718714
389 720155
692 720544
11 721236
353 721247
5702 721600
539 727302
45 727841
1441 727886
999 729327
225 730326
1 730551
50 730552
4323 730602
524 734925
224 735449
867 735673
1441 736540
446 737981
2882 738427
462 741309
12296 741771
346 754067
991 754413
1379 755404
1 756783
1441 756784
848 758225
5702 759073
484 764775
2882 765259
171 768141
53 768312
1 768365
77 768366
1441 768443
123 769884
8582 770007
119 778589
4323 778708
230 783031
26 783261
8821 783287
999 792108
181 793107
710 793288
8821 793998
2882 802819
269 805701
1441 805970
446 807411
2440 807857
189 810297
328 810486
488 810814
1441 811302
655 812743
2 813398
46 813400
8239 813446
26 821685
2440 821711
171 824151
4259 824322
20603 828581
223 849184
2440 849407
129 851847
2882 851976
488 854858
2836 855346
754 858182
240 858936
549 859176
417 859725
3698 860142
10 863840
337 863850
339 864187
7937 864526
112 872463
913 872575
3862 873488
11 877350
5 877361
113 877366
12770 877479
851 890249
744 891100
129 891844
4947 891973
309 896920
8239 897229
5 905468
835 905473
2 906308
2440 906310
227 908750
355 908977
4897 909332
1441 914229
243 915670
408 915913
1 916321
3881 916322
5 920203
1441 920208
194 921649
331 921843
1441 922174
321 923615
5 923936
711 923941
704 924652
4263 925356
999 929619
310 930618
3850 930928
2882 934778
477 937660
2440 938137
106 940577
1 940683
882 940684
3 941566
4323 941569
223 945892
1441 946115
527 947556
24 948083
3850 948107
1364 951957
918 953321
660 954239
2835 954899
24 957734
5702 957758
35 963460
6943 963495
445 970438
5489 970883
127 976372
2440 976499
974 978939
999 979913
174 980912
574 981086
2882 981660
484 984542
337 985026
2882 985363
415 988245
79 988660
919 988739
1431 989658
624 991089
4974 991713
1441 996687
223 998128
998351 998351
998351 1996702
998351 2995053
998351 3993404
998351 4991755
3993404 5990106
203713 9983510
261 10187223
1996702 10187484
970438 12184186
8 13154624
998351 13154632
438620 14152983
699 14591603
5990106 14592302
1996702 20582408
92104 22579110
754 22671214
998351 22671968
425530 23670319
169 24095849
998351 24096018
770007 25094369
5286 25864376
40 25869662
1996702 25869702
711917 27866404
977 28578321
727886 28579298
999 29307184
221 29308183
1996702 29308404
567810 31305106
1441 31872916
272 31874357
5990106 31874629
998351 37864735
890249 38863086
363 39753335
1996702 39753698
60429 41750400
430 41810829
998351 41811259
196969 42809610
5286 43006579
123 43011865
160444 43011988
2440 43172432
334 43174872
998351 43175206
337624 44173557
108 44511181
1 44511289
1996702 44511290
473569 46507992
1441 46981561
777 46983002
13623 46983779
989 46997402
998351 46998391
330371 47996742
314 48327113
5702 48327427
244 48333129
998351 48333373
996687 49331724
36 50328411
5990106 50328447
998351 56318553
730602 57316904
680 58047506
2440 58048186
32 58050626
10187484 58050658
828581 68238142
10279 69066723
421 69077002
1996702 69077423
507344 71074125
10 71581469
1996702 71581479
529044 73578181
999 74107225
190 74108224
998351 74108414
208599 75106765
203 75315364
1996702 75315567
69861 77312269
2995053 77382130
783287 80377183
2440 81160470
339 81162910
1996702 81163249
42406 83159951
69 83202357
998351 83202426
321533 84200777
4947 84522310
633958 84527257
1441 85161215
882 85162656
2995053 85163538
187582 88158591
436 88346173
2995053 88346609
38147 91341662
923 91379809
998351 91380732
923941 92379083
397 93303024
3993404 93303421
6943 97296825
53 97303768
1 97303821
4991755 97303822
567810 102295577
671 102863387
684333 102864058
991 103548391
5990106 103549382
1996702 109539488
877479 111536190
10872 112413669
98 112424541
1996702 112424639
802819 114421341
1441 115224160
898 115225601
998351 115226499
596080 116224850
562 116820930
710882 116821492
380 117532374
998351 117532754
284781 118531105
819 118815886
998351 118816705
618261 119815056
227 120433317
133679 120433544
5040 120567223
159 120572263
5990106 120572422
998351 126562528
539427 127560879
357 128100306
998351 128100663
505903 129099014
194 129604917
998351 129605111
210501 130603462
2440 130813963
14 130816403
10187484 130816417
998351 141003901
948107 142002252
1441 142950359
792 142951800
988245 142952592
623515 143940837
310 144564352
3 144564662
2995053 144564665
589604 147559718
999 148149322
334 148150321
5990106 148150655
998351 154140761
165865 155139112
4323 155304977
46 155309300
2995053 155309346
891973 158304399
1441 159196372
848 159197813
172808 159198661
133 159371469
5990106 159371602
112602 165361708
489 165474310
2995053 165474799
368326 168469852
1441 168838178
216 168839619
998351 168839835
279167 169838186
959 170117353
970883 170118312
868 171089195
998351 171090063
695823 172088414
999 172784237
81 172785236
413103 172785317
24 173198420
998351 173198444
94544 174196795
79 174291339
998351 174291418
529044 175289769
113 175818813
4991755 175818926
123798 180810681
472 180934479
624956 180934951
262 181559907
2995053 181560169
319100 184555222
373 184874322
2 184874695
700583 184874697
365 185575280
925356 185575645
1441 186501001
260 186502442
1996702 186502702
925356 188499404
2440 189424760
314 189427200
754067 189427514
642984 190181581
998351 190824565
21511 191822916
1441 191844427
672 191845868
1996702 191846540
24793 193843242
753 193868035
998351 193868788
496136 194867139
20 195363275
469952 195363295
998351 195833247
126680 196831598
3698 196958278
129 196961976
2995053 196962105
567810 199957158
999 200524968
240 200525967
2995053 200526207
460629 203521260
466 203981889
1996702 203982355
13623 205979057
52 205992680
998351 205992732
642102 206991083
446 207633185
3993404 207633631
273770 211627035
363 211900805
2995053 211901168
555936 214896221
512 215452157
21511 215452669
243 215474180
593452 215474423
653 216067875
2882 216068528
363 216071410
5990106 216071773
428623 222061879
1441 222490502
694 222491943
491299 222492637
816 222983936
2 222984752
2995053 222984754
11309 225979807
596 225991116
1 225991712
393334 225991713
1441 226385047
176 226386488
998351 226386664
627507 227385015
512 228012522
320541 228013034
33 228333575
1996702 228333608
331735 230330310
395 230662045
320541 230662440
64 230982981
629805 230983045
105659 231612850
321 231718509
828581 231718830
8838 232547411
176 232556249
2995053 232556425
715944 235551478
699 236267422
998351 236268121
596080 237266472
1441 237862552
433 237863993
730602 237864426
1441 238595028
408 238596469
4 238596877
255192 238596881
1441 238852073
37 238853514
998351 238853551
132965 239851902
108 239984867
998351 239984975
8838 240983326
923 240992164
3993404 240993087
578564 244986491
807 245565055
998351 245565862
457761 246564213
998351 247021974
8838 248020325
96 248029163
1 248029259
5990106 248029260
2995053 254019366
460629 257014419
6943 257475048
653 257481991
1996702 257482644
261070 259479346
999 259740416
30 259741415
176537 259741445
728 259917982
6 259918710
998351 259918716
477715 260917067
4323 261394782
16 261399105
998351 261399121
133679 262397472
2835 262531151
998351 262533986
393334 263532337
1441 263925671
504 263927112
521958 263927616
894 264449574
180798 264450468
434 264631266
998351 264631700
957758 265630051
2836 266587809
36 266590645
3993404 266590681
619153 270584085
672 271203238
215882 271203910
989 271419792
2995053 271420781
165865 274415834
5702 274581699
68 274587401
998351 274587469
699152 275585820
489 276284972
2995053 276285461
905473 279280514
1 280185987
998351 280185988
700583 281184339
671 281884922
382038 281885593
261 282267631
368326 282267892
35 282636218
929619 282636253
744 283565872
998351 283566616
963495 284564967
4323 285528462
363 285532785
998351 285533148
105659 286531499
203 286637158
998351 286637361
85445 287635712
596 287721157
998351 287721753
873488 288720104
463 289593592
17504 289594055
321 289611559
998351 289611880
112602 290610231
823 290722833
3993404 290723656
186786 294717060
5 294903846
897229 294903851
1431 295801080
4991755 295802511
18630 300794266
691 300812896
2995053 300813587
191845 303808640
32 304000485
184346 304000517
472 304184863
261070 304185335
2882 304446405
2995053 304449287
873488 307444340
189 308317828
998351 308318017
147310 309316368
3881 309463678
146 309467559
1996702 309467705
94760 311464407
355 311559167
12296 311559522
21 311571818
1 311571839
1996702 311571840
33731 313568542
63 313602273
2995053 313602336
518235 316597389
999 317115624
177 317116623
1 317116800
998351 317116801
123798 318115152
746 318238950
5990106 318239696
2995053 324229802
606689 327224855
999 327831544
93 327832543
1996702 327832636
824322 329829338
1441 330653660
134 330655101
998351 330655235
658710 331653586
1996702 332312296
619153 334308998
1441 334928151
469 334929592
998351 334930061
393334 335928412
545 336321746
998351 336322291
448923 337320642
7937 337769565
108 337777502
311350 337777610
3881 338088960
308 338092841
458200 338093149
524 338551349
1 338551873
1996702 338551874
810814 340548576
203 341359390
998351 341359593
741771 342357944
10279 343099715
256 343109994
812743 343110250
4991755 343922993
71752 348914748
1379 348986500
2995053 348987879
12770 351982932
247 351995702
1 351995949
1996702 351995950
228305 353992652
524 354220957
245266 354221481
6264 354466747
1996702 354473011
633958 356469713
1441 357103671
998351 357105112
321533 358103463
4323 358424996
471 358429319
998351 358429790
954899 359428141
936 360383040
359728 360383976
1441 360743704
741 360745145
2995053 360745886
638574 363740939
438 364379513
3993404 364379951
477715 368373355
6285 368851070
261 368857355
701330 368857616
843 369558946
998351 369559789
105537 370558140
32 370663677
5990106 370663709
998351 376653815
721236 377652166
998351 378373402
632148 379371753
360 380003901
2 380004261
735673 380004263
247 380739936
519676 380740183
443 381259859
4991755 381260302
718714 386252057
974 386970771
2995053 386971745
176064 389966798
64 390142862
1996702 390142926
703939 392139628
2440 392843567
159 392846007
3993404 392846166
741309 396839570
459 397580879
998351 397581338
59440 398579689
296 398639129
10187484 398639425
375414 408826909
2836 409202323
35 409205159
1996702 409205194
765259 411201896
662 411967155
3993404 411967817
4323 415961221
380 415965544
666665 415965924
457 416632589
1996702 416633046
741771 418629748
4323 419371519
430 419375842
1996702 419376272
160444 421372974
827 421533418
1 421534245
2995053 421534246
821711 424529299
1441 425351010
744 425352451
1996702 425353195
273770 427349897
999 427623667
60 427624666
477715 427624726
5040 428102441
10 428107481
890249 428107491
357 428997740
1996702 428998097
737981 430994799
269543 431732780
96 432002323
860142 432002419
976 432862561
490485 432863537
36 433354022
1996702 433354058
255192 435350760
749 435605952
998351 435606701
873488 436605052
401 437478540
5990106 437478941
998351 443469047
855346 444467398
1441 445322744
261 445324185
3993404 445324446
352884 449317850
2882 449670734
300 449673616
7 449673916
1996702 449673923
414631 451670625
541 452085256
5990106 452085797
998351 458075903
284188 459074254
434 459358442
666665 459358876
4323 460025541
276 460029864
998351 460030140
414631 461028491
2836 461443122
19 461445958
998351 461445977
332726 462444328
48 462777054
1996702 462777102
142710 464773804
843 464916514
1996702 464917357
260567 466914059
372 467174626
2995053 467174998
359728 470170051
3698 470529779
3993404 470533477
311350 474526881
2882 474838231
458 474841113
554365 474841571
33 475395936
386211 475395969
776 475782180
1996702 475782956
333559 477779658
114 478113217
998351 478113331
529044 479111682
260 479640726
165865 479640986
4323 479806851
11 479811174
1996702 479811185
406160 481807887
3548 482214047
33 482217595
727302 482217628
123 482944930
3993404 482945053
976499 486938457
651 487914956
1 487915607
998351 487915608
957758 488913959
2882 489871717
94 489874599
998351 489874693
44844 490873044
814 490917888
245266 490918702
6656 491163968
75 491170624
998351 491170699
855346 492169050
2995053 493024396
730602 496019449
3698 496750051
374065 496753749
234 497127814
1996702 497128048
849184 499124750
1996702 499973934
970883 501970636
1382 502941519
460629 502942901
4323 503403530
67 503407853
164262 503407920
17 503572182
1 503572199
3993404 503572200
113528 507565604
3881 507679132
193 507683013
1996702 507683206
460629 509679908
6264 510140537
3 510146801
261070 510146804
484 510407874
1996702 510408358
91696 512405060
405 512496756
3993404 512497161
741771 516490565
999 517232336
116 517233335
951957 517233451
634 518185408
4991755 518186042
24793 523177797
999 523202590
136 523203589
469211 523203725
486 523672936
998351 523673422
953321 524671773
568 525625094
998351 525625662
60429 526624013
867 526684442
998351 526685309
460629 527683660
5702 528144289
534 528149991
5990106 528150525
493998 534140631
305648 534634629
3698 534940277
60 534943975
998351 534944035
570644 535942386
999 536513030
98 536514029
406160 536514127
5702 536920287
1 536925989
3993404 536925990
205763 540919394
1441 541125157
169 541126598
737981 541126767
291 541864748
547422 541865039
685 542412461
805970 542413146
1996702 543219116
24393 545215818
67 545240211
32290 545240278
726 545272568
10187484 545273294
998351 555460778
406160 556459129
4323 556865289
309 556869612
998351 556869921
628515 557868272
135 558496787
702771 558496922
143 559199693
755404 559199836
823 559955240
2995053 559956063
828581 562951116
17835 563779697
512 563797532
998351 563798044
311350 564796395
1441 565107745
777 565109186
998351 565109963
499336 566108314
958 566607650
4991755 566608608
604918 571600363
77 572205281
5990106 572205358
260567 578195464
310 578456031
10187484 578456341
998351 588643825
566004 589642176
1 590208180
2995053 590208181
238484 593203234
4323 593441718
50 593446041
998351 593446091
255192 594444442
549 594699634
5990106 594700183
338983 600690289
350 601029272
998351 601029622
100048 602027973
1441 602128021
213 602129462
715944 602129675
140 602845619
5990106 602845759
978939 608835865
234 609814804
1996702 609815038
811302 611811740
851 612623042
3993404 612623893
940684 616617297
541 617557981
2995053 617558522
47842 620553575
6943 620601417
227 620608360
998351 620608587
152704 621606938
94 621759642
998351 621759736
165865 622758087
2440 622923952
258 622926392
5990106 622926650
460629 628916756
4323 629377385
300 629381708
2995053 629382008
710882 632377061
139 633087943
5990106 633088082
998351 639078188
941569 640076539
608 641018108
1 641018716
3993404 641018717
646162 645012121
1441 645658283
551 645659724
998351 645660275
434517 646658626
401 647093143
2995053 647093544
684084 650088597
33 650772681
342712 650772714
2882 651115426
4991755 651118308
666665 656110063
2882 656776728
194 656779610
155063 656779804
3698 656934867
32 656938565
321533 656938597
5489 657260130
75 657265619
998351 657265694
62365 658264045
999 658326410
35 658327409
321533 658327444
1441 658648977
136 658650418
2995053 658650554
47842 661645607
5702 661693449
514 661699151
998351 661699665
305648 662698016
3881 663003664
246 663007545
3993404 663007791
615821 667001195
291 667617016
1996702 667617307
228305 669614009
998351 669842314
519676 670840665
48 671360341
2995053 671360389
141334 674355442
828581 674496776
10279 675325357
328 675335636
5990106 675335964
284781 681326070
692 681610851
998351 681611543
71752 682609894
1441 682681646
978 682683087
998351 682684065
215882 683682416
2882 683898298
463 683901180
3993404 683901643
266772 687895047
113 688161819
2995053 688161932
13623 691156985
52 691170608
963495 691170660
890 692134155
2995053 692135045
864526 695130098
4897 695994624
849407 695999521
991 696848928
529044 696849919
5702 697378963
489 697384665
998351 697385154
340928 698383505
574 698724433
5990106 698725007
554365 704715113
507 705269478
289104 705269985
98 705559089
3993404 705559187
331735 709552591
616 709884326
998351 709884942
283411 710883293
114 711166704
90720 711166818
414631 711257538
1441 711672169
648 711673610
998351 711674258
402279 712672609
2882 713074888
334 713077770
2995053 713078104
443925 716073157
11 716517082
5990106 716517093
813446 722507199
3528 723320645
5990106 723324173
1996702 729314279
628515 731310981
300 731939496
727886 731939796
286 732667682
596080 732667968
6943 733264048
926 733270991
3993404 733271917
100048 737265321
3881 737365369
5 737369250
2995053 737369255
554365 740364308
181 740918673
59440 740918854
421 740978294
2995053 740978715
710882 743973768
886 744684650
998351 744685536
289104 745683887
919 745972991
735673 745973910
458 746709583
2995053 746710041
948107 749705094
2882 750653201
373 750656083
805970 750656456
415 751462426
738427 751462841
94 752201268
1 752201362
998351 752201363
126680 753199714
1441 753326394
867 753327835
687359 753328702
5286 754016061
149 754021347
998351 754021496
783287 755019847
445 755803134
3993404 755803579
373380 759796983
139 760170363
687359 760170502
859 760857861
2995053 760858720
924652 763853773
672 764778425
2995053 764779097
38147 767774150
2440 767812297
240 767814737
3993404 767814977
261070 771808381
918 772069451
88158 772070369
160444 772158527
1441 772318971
380 772320412
998351 772320792
558388 773319143
12184186 773877531
122843 786061717
83 786184560
196969 786184643
2440 786381612
273 786384052
80397 786384325
1441 786464722
249 786466163
2995053 786466412
164142 789461465
998351 789625607
778708 790623958
1441 791402666
687 791404107
3993404 791404794
721600 795398198
2882 796119798
357 796122680
1996702 796123037
47842 798119739
8838 798167581
687 798176419
1996702 798177106
581118 800173808
380 800754926
5990106 800755306
269543 806745412
3617 807014955
10 807018572
1996702 807018582
375414 809015284
1441 809390698
929 809392139
998351 809393068
448923 810391419
3617 810840342
20 810843959
2995053 810843979
342712 813839032
2440 814181744
350 814184184
4991755 814184534
783287 819176289
2440 819959576
227 819962016
2 819962243
5990106 819962245
510947 825952351
4323 826463298
226 826467621
663251 826467847
493707 827131098
246 827624805
1996702 827625051
215882 829621753
710 829837635
187582 829838345
2882 830025927
432 830028809
10187484 830029241
650030 840216725
1441 840866755
227 840868196
196969 840868423
3698 841065392
67 841069090
998351 841069157
496136 842067508
726 842563644
891973 842564370
910 843456343
1996702 843457253
210501 845453955
3655 845664456
5990106 845668111
998351 851658217
383067 852656568
1441 853039635
711 853041076
340928 853041787
64 853382715
5990106 853382779
998351 859372885
734925 860371236
231 861106161
998351 861106392
570644 862104743
2440 862675387
365 862677827
4991755 862678192
793998 867669947
999 868463945
273 868464944
561681 868465217
2882 869026898
541 869029780
998351 869030321
281970 870028672
998351 870310642
140622 871308993
67 871449615
1996702 871449682
67248 873446384
824 873513632
714232 873514456
408 874228688
998351 874229096
352884 875227447
4957 875580331
1996702 875585288
261070 877581990
136 877843060
255192 877843196
4904 878098388
15 878103292
5990106 878103307
998351 884093413
758225 885091764
473 885849989
4991755 885850462
267162 890842217
853 891109379
1996702 891110232
273424 893106934
49 893380358
5990106 893380407
2995053 899370513
352884 902365566
4323 902718450
94 902722773
998351 902722867
434517 903721218
978 904155735
570250 904156713
275 904726963
3993404 904727238
414631 908720642
999 909135273
73 909136272
998351 909136345
813446 910134696
9 910948142
793998 910948151
1441 911742149
746 911743590
5990106 911744336
998351 917734442
89052 918732793
833 918821845
755404 918822678
372 919578082
998351 919578454
75634 920576805
1441 920652439
346 920653880
721600 920654226
792 921375826
3993404 921376618
367597 925370022
417 925737619
3993404 925738036
65328 929731440
98 929796768
2995053 929796866
741771 932791919
2836 933533690
41 933536526
1 933536567
33731 933536568
286 933570299
305648 933570585
1364 933876233
2 933877597
4991755 933877599
32243 938869354
3993404 938901597
783287 942895001
3862 943678288
3993404 943682150
174623 947675554
851 947850177
998351 947851028
184346 948849379
718 949033725
998351 949034443
721600 950032794
1441 950754394
124 950755835
4991755 950755959
119961 955747714
608 955867675
998351 955868283
44844 956866634
629 956911478
1996702 956912107
342712 958908809
5489 959251521
15 959257010
273770 959257025
2882 959530795
9 959533677
1996702 959533686
570250 961530388
88 962100638
2995053 962100726
864526 965095779
929 965960305
389047 965961234
2440 966350281
87 966352721
998351 966352808
245266 967351159
1441 967596425
553 967597866
4 967598419
925356 967598423
3862 968523779
828581 968527641
18630 969356222
967 969374852
89052 969375819
2995053 969464871
855346 972459924
1441 973315270
113 973316711
860142 973316824
2440 974176966
5990106 974179406
42406 980169512
741 980211918
783287 980212659
6943 980995946
974 981002889
5990106 981003863
998351 986993969
67248 987992320
978 988059568
5990106 988060546
998351 994050652
17504 995049003
261 995066507
414631 995066768
153 995481399
770007 995481552
2440 996251559
234 996253999
1996702 996254233
147310 998250935
1441 998398245
465 998399686
473569 998400151
2882 998873720
168 998876602
