2065
1 1
1 2
2 3
2 5
2 7
1 5
6 9
2 15
6 15
3 21
2 24
6 24
17 17
1 34
2 35
2 37
1 39
1 40
24 39
1 63
3 64
1 67
1 68
6 69
15 68
21 75
7 96
1 103
2 104
2 106
3 108
3 111
3 114
2 117
1 119
1 120
1 121
2 122
3 124
2 127
6 127
3 133
2 136
1 138
1 139
3 140
5 143
1 148
7 149
1 156
5 156
129 39
1 168
3 169
2 172
2 174
1 176
15 172
3 187
3 190
3 193
6 196
1 202
1 203
7 204
2 211
3 213
5 216
1 221
1 222
1 223
3 224
7 224
2 231
129 108
3 237
1 240
5 241
1 246
2 247
7 249
2 256
2 258
1 260
3 261
1 264
5 264
6 269
17 269
3 286
2 289
5 291
1 296
3 297
21 289
17 297
7 314
2 321
6 321
1 327
2 328
7 330
1 337
1 338
1 339
6 340
40 310
5 350
3 355
2 358
5 360
7 365
1 372
5 372
3 377
7 377
17 377
1 394
2 395
6 395
21 384
3 405
5 408
24 397
2 421
26 405
2 431
3 433
3 436
2 439
6 439
1 445
17 441
3 458
2 461
2 463
1 465
3 466
1 469
2 470
1 472
3 473
1 476
7 477
2 484
2 486
1 488
6 489
5 495
2 500
1 502
1 503
3 504
2 507
5 509
15 509
21 507
30 502
2 532
3 534
2 537
514 30
1 544
514 35
514 39
9 553
6 562
1 568
5 568
1 573
17 568
5 585
6 590
3 596
3 599
2 602
3 604
7 604
514 108
2 622
5 624
528 114
1 642
5 643
1 648
2 649
2 651
2 653
6 655
1 661
5 662
2 667
2 669
1 671
7 672
1 679
5 679
3 684
1 687
3 688
1 691
7 692
514 190
1 704
1 705
3 706
1 709
1 710
1 711
514 203
1 717
1 718
5 718
3 723
514 221
2 735
1 737
3 738
5 741
1 746
2 747
2 749
3 751
1 754
514 261
1 775
528 258
1 786
2 787
2 789
1 791
3 792
3 795
1 798
1 799
3 800
2 803
1 805
1 806
2 807
514 300
2 814
3 816
1 819
3 820
1 823
3 824
6 827
2 833
514 327
1 841
1 842
3 843
2 846
2 848
1 850
1 851
1 852
2 853
6 853
524 339
5 863
7 868
7 875
514 372
2 886
2 888
1 890
1 891
2 892
514 384
537 365
15 891
1 906
1 907
2 908
1 910
7 911
1 918
1 919
5 920
1 925
3 926
514 421
1 935
5 935
6 940
514 436
6 950
2 956
1 958
524 445
2 969
3 971
2 974
1 976
1 977
3 978
1 981
514 473
2 987
2 989
17 982
534 907
1441 1441
2882 2882
7 514
521 5764
211 1441
6285 1652
2882 7937
41 10819
3 9
12 10860
10872 7937
18809 1652
63 987
1050 20461
395 2882
21511 3277
848 1652
24788 2500
439 989
27288 1428
28716 3277
6 289
295 31993
929 991
32288 1920
204 34208
6 1920
34412 1926
12 999
1011 36338
10872 32288
1 43160
5 43161
841 3277
4118 43166
15 339
47284 354
27288 34412
1 169
170 61700
61870 3277
15 39
54 65147
64 1050
1114 65201
37349 31993
9 69342
41 1428
1469 69351
296 70820
6285 69342
6 75627
10872 69351
68 80223
446 3277
80291 3723
489 1920
84014 2409
71116 20461
117 91577
28716 71116
1 213
214 99832
21511 91694
323 113205
573 5764
6337 113528
61700 61700
2 30
32 123400
123400 3277
3 126677
6337 126680
2 408
410 133017
149 133427
28716 113528
170 142244
80223 66315
12 41
53 146538
718 146591
18809 133576
5 314
319 152385
814 1469
2283 152704
1 75
76 154987
152385 7937
96 160322
121 3723
160418 3844
64 1011
164262 1075
165337 7937
1 458
459 173274
875 1926
2801 173733
3 176534
4118 143
4261 176537
152385 34412
24 186797
355 186797
65147 126680
1 17
18 191827
34 2801
2835 191845
6 2283
194680 2289
6285 459
196969 6744
7 423
430 203713
143 1441
204143 1584
37 2835
2872 205727
792 208599
209391 971
4261 377
4638 210362
1 143
144 215000
4118 339
215144 4457
41 1441
219601 1482
67 1926
221083 1993
12 754
766 223076
170 1652
223842 1822
296 1822
2118 225664
35 1050
227782 1085
7 2801
2808 228867
174 1652
231675 1826
173274 65201
9 238475
6337 445
6782 238484
47284 205727
17 253011
133576 133576
1 9
10 267152
2118 237
2355 267162
177 7937
269517 8114
5 1482
277631 1487
3 1487
279118 1490
164262 119865
7 54
61 284127
18809 279118
61 297927
133 1993
2126 297988
2289 1926
4215 300114
269 1050
304329 1319
4118 1584
305648 5702
4638 835
311350 5473
2118 144
2262 316823
61700 269517
121 331217
69 1319
1388 331338
204 1993
2197 332726
156 1487
334923 1643
336566 989
69 337555
2 157
159 337624
67 1114
1181 337783
64 2882
2946 338964
5 489
494 341910
108 6782
342404 6890
405 349294
2118 405
2523 349699
5 96
101 352222
352323 405
168 6744
352728 6912
4457 958
359640 5415
26 1075
365055 1101
258 1826
2084 366156
3 83
86 368240
2126 488
2614 368326
143 2523
370940 2666
214 1584
373606 1798
6782 851
375404 7633
30 383037
2118 855
383067 2973
34 2973
3007 386040
256 3723
3979 389047
4118 2946
7064 393026
32 400090
15 1926
400122 1941
820 3277
4097 402063
4215 2872
406160 7087
203 1181
1384 413247
4215 446
4661 414631
4661 886
5547 419292
3 590
593 424839
39 1490
425432 1529
3 1584
426961 1587
2084 3277
428548 5361
2500 911
3411 433909
1 1075
1076 437320
121 1085
438396 1206
4215 202
4417 439602
265 444019
430 3411
3841 444284
65147 393026
1 26
27 458173
1 607
608 458200
142244 331217
108 473461
127 3844
473569 3971
1 174
175 477540
43166 448125
1 7
8 491291
53 2355
2408 491299
3 950
493707 953
4097 261
4358 494660
8 310
318 499018
24 991
1015 499336
27 500351
41 1993
500378 2034
500351 5547
10 2355
505898 2365
18 2666
508263 2684
30 5473
510947 5503
3 920
516450 923
3 859
862 517373
34 2126
518235 2160
9 863
520395 872
1 514
515 521267
32 7087
7119 521782
61700 477715
12 539415
395 539427
2160 504
2664 539822
34 1993
542486 2027
2118 542486
143 2409
2552 544604
1 256
257 547156
10819 544513
6 1941
555332 1947
1 602
557279 603
170 3007
557882 3177
569 561059
18 4358
4376 561628
2 4638
4640 566004
833 7087
570644 7920
2 2552
2554 578564
2084 987
3071 581118
1 2500
2501 584189
297 1487
586690 1784
584189 5415
8 2501
2509 589604
37 2118
2155 592113
520395 75633
7633 1826
596028 9459
1 1085
1086 605487
4118 321
4439 606573
260 3277
611012 3537
175 1086
614549 1261
557279 61870
4097 269
4366 619149
2408 623515
625923 1584
7 723
730 627507
3 275
278 628237
1 436
437 628515
174 999
628952 1173
1075 630125
15 574
631200 589
4366 627507
275 631873
569 632148
241 632717
632958 622
4118 121
4239 633580
400090 238484
4239 976
5215 638574
5 940
643789 945
1428 644734
24 3844
646162 3868
2118 680
2798 650030
2126 1261
3387 652828
2126 872
656215 2998
4215 643
4858 659213
258 664071
706 664329
2 1469
1471 665035
240 6912
666506 7152
39 2197
2236 673658
27 1490
675894 1517
63 1584
677411 1647
350 679058
2798 677411
24 1428
680209 1452
15 2408
2423 681661
204 3071
684084 3275
350 8114
8464 687359
2283 875
3158 695823
4118 377
4495 698981
260 8114
8374 703476
644734 69342
650030 65201
470 715231
17 2666
2683 715701
2160 718384
12 691
703 720544
2155 4439
721247 6594
15 1471
727841 1486
477540 253011
40 4858
4898 730551
5 2973
735449 2978
67 3277
738427 3344
173274 581118
21 754392
5 2365
2370 754413
1 2289
2290 756783
4239 1947
6186 759073
2084 969
3053 765259
54 768312
1 76
77 768366
35 1529
768443 1564
8374 327
8701 770007
96 4457
4553 778708
8374 473
8847 783261
7 1173
1180 792108
8847 684
793288 9531
4118 920
802819 5038
15 2614
2629 807857
30 2882
2912 810486
680 7633
8313 813398
111 2500
821711 2611
848 3411
4259 824322
133576 718384
1 15
16 851960
4259 1947
851976 6206
858182 754
240 858936
549 859176
7 4118
4125 859725
337 863850
75 8313
8388 864187
191827 681661
5 3868
873488 3873
8701 5038
877361 13739
3 741
891100 744
4118 958
891844 5076
8313 240
8553 896920
2 835
905473 837
1 2666
2667 906310
37 5215
5252 908977
32 1652
914229 1684
1 408
409 915913
18 3868
916322 3886
106 1529
920208 1635
1 330
921843 331
119 1643
922174 1762
5 711
923936 716
202 5764
924652 5966
4097 63
4160 930618
15 3344
934778 3359
24 2523
938137 2547
3 882
940684 885
4125 421
4546 941569
21 1947
1968 946115
1 3873
3874 948083
2126 156
2282 951957
5 655
660 954239
24 2835
954899 2859
518235 458200
64 976435
3 3411
3414 976499
979913 1173
981086 574
7 3359
981660 3366
223 3411
3634 985026
2 77
79 988660
61 2289
2350 988739
237 5361
5598 991089
12 1652
996687 1664
998351 998351
1996702 1996702
3993404 3993404
7986808 1996702
261 203713
203974 9983510
10187484 1996702
12184186 957758
8847 3841
12688 13141944
12184186 1996702
14180888 406160
2 5252
5254 14587048
14592302 7986808
91694 22579110
63 1101
1164 22670804
22671968 998351
425432 23670319
2 265
267 24095751
23670319 1996702
196969 25667021
10 5702
5712 25863990
14180888 14180888
215144 28361776
8 2370
2378 28576920
28361776 946115
6 507
513 29307891
23670319 7986808
215144 31657127
3 2355
2358 31872271
31657127 7986808
39643935 100046
2084 7633
39743981 9717
1996702 39753698
47638 41750400
12688 41798038
1 532
533 41810726
14592302 28361776
47638 42954078
741 9531
10272 43001716
42954078 221083
5 40
45 43175161
998351 43175206
44173557 337624
1 108
109 44511181
42954078 3993404
46947482 34412
63 1822
46981894 1885
46983779 13739
1 872
46997518 873
25667021 22579110
80291 48246131
6 999
1005 48326422
4417 1529
48327427 5946
48327427 1996702
4097 221
4318 50324129
28579298 29308404
160418 57887702
2 64
66 58048120
63 2409
2472 58048186
29308404 39753698
13739 69062102
18 1564
69075841 1582
28579298 43001716
465 71581014
48333373 25667021
74000394 100046
37 7937
74100440 7974
28361776 46947482
24 6285
6309 75309258
75315567 1996702
77312269 69351
1 509
510 77381620
58050658 22671968
80722626 439602
6 1015
1021 81162228
81163249 1996702
37349 83159951
4215 911
5126 83197300
10187484 74108414
84295898 228867
2084 408
2492 84524765
638574 84524765
3 196
199 85163339
84295898 3993404
88289302 47638
138 9531
88336940 9669
10187484 81163249
28716 91350733
77 1206
1283 91379449
50328447 42954078
93282525 20461
2 433
93302986 435
93303421 3993404
4125 2872
97296825 6997
28579298 74108414
102687712 173733
2 2611
2613 102861445
102861445 687359
5 573
578 103548804
88289302 24096018
37349 112385320
2 1968
112422669 1970
83202426 31874629
147309 115077055
9 2126
2135 115224364
31657127 85163538
116820665 827
116820665 711850
2 237
239 117532515
44511290 74108414
32 196969
197001 118619704
7986808 112424639
21511 120411447
1 585
120432958 586
160418 120411447
8 549
557 120571865
39753698 88346609
1 355
356 128100307
872575 631873
128100663 1504448
12184186 118619704
4553 7974
130803890 12527
24096018 118816705
37349 142912723
2084 436
2520 142950072
988739 142950072
79 1947
143938811 2026
623515 143940837
3 310
144564352 313
29308404 118816705
24788 148125109
3 755
758 148149897
25667021 129605111
155272132 36338
1 875
155308470 876
130816417 28361776
7 20461
159178193 20468
46947482 112422669
10 1441
159370151 1451
10187484 155272132
13739 165459616
3 1441
165473355 1444
84527257 84295898
168823155 13739
69 2872
2941 168836894
128100663 41811259
205727 169911922
1 662
170117649 663
170118312 957758
171076070 13739
5 249
254 171089809
43175206 129605111
4118 882
172780317 5000
172780317 414631
109 3387
3496 173194948
1504448 172785317
1 1652
174289765 1653
143940837 31874629
101 3359
175815466 3460
103549382 77382130
441 2998
180931512 3439
180931512 628515
2 140
142 181560027
159198661 25667021
168 8847
9015 184865682
698981 184874697
26 1941
185573678 1967
185575645 924652
27 2378
186500297 2405
74108414 115226499
907 91694
92601 189334913
741771 189427514
4376 7920
190169285 12296
190169285 652828
2155 297
2452 190822113
88289302 103549382
223 7633
191838684 7856
191846540 1996702
24788 758
193843242 25546
172780317 22579110
195359427 3868
473569 195359427
2 249
251 195832996
22671968 174289765
372 196961733
168839835 31657127
24788 4457
29245 200496962
85163538 118816705
86 2026
2112 203980243
203982355 1996702
12688 987
13675 205979057
159371602 48246131
10860 5038
15898 207617733
170118312 41750400
168 32288
211868712 32456
84527257 130816417
215343674 100046
6285 2664
215443720 8949
215452669 21511
2 241
243 215474180
215452669 615810
8 41
49 216068479
68 3177
216068528 3245
190824565 31657127
9459 1486
222481692 10945
502412 222481692
1 649
650 222984104
193868788 31874629
225743417 245266
32 2998
225988683 3030
225991713 393026
5 1920
226384739 1925
57887702 170118312
6206 814
228006014 7020
228013034 319085
2 1487
228332119 1489
14592302 216068528
26 1584
230660830 1610
230662440 319085
3 1517
1520 230981525
628952 853
629805 230983045
735449 230983045
5 331
336 231718494
185573678 46981894
853 232555572
142952592 93303421
236256013 10945
49 1114
1163 236266958
205979057 31874629
5038 5702
10740 237853686
741771 237853686
40 1384
238595457 1424
237864426 988739
2 384
386 238853165
196962105 43011988
10 10872
10882 239974093
120572422 120411447
203 9015
9218 240983869
222984754 22579110
5 1993
245563864 1998
215343674 31657127
705 20468
21173 247000801
247021974 998351
8313 622
8935 248020325
231612850 25869702
6 86
92 257482552
142912723 116821492
111 7119
7230 259734215
176534 737
177271 259741445
144564665 116821492
437 12527
12964 261386157
230660830 31872271
885 262533101
259918716 3993404
12688 2808
263912120 15496
521782 263927616
49 1021
1070 264449398
180798 264450468
1 433
434 264631266
3993404 262533986
266527390 61870
37 1384
1421 266589260
43175206 228013034
174 15496
271188240 15670
271188240 231675
3 863
866 271419915
266590681 7986808
521 9459
9980 274577489
48246131 228013034
276259165 25546
1 749
750 276284711
88346609 191838684
3 692
695 280185293
43011988 238853551
18809 281865539
39 1206
1245 281884348
402063 281865539
1 289
290 282267602
35 368326
282267892 368361
282636253 924652
9 5702
283560905 5711
240993087 44511290
28716 285504377
1 54
55 285533093
97296825 189334913
76 5547
286631738 5623
13141944 274577489
30 2290
2320 287719433
215474423 74108414
336 10882
11218 289582837
2155 15670
17825 289594055
261399121 29308404
233 15898
290707525 16131
266527390 28361776
946 13739
294889166 14685
263927616 31874629
1 265
266 295802245
14180888 286631738
2 959
961 300812626
130803890 173194948
15 1664
1679 303998838
180798 304000517
41 3979
4020 304181315
304000517 448125
2 643
645 304448642
25667021 282636253
308303274 14685
3 55
58 308317959
237864426 71581479
289 21511
309445905 21800
239974093 71581479
64 3886
3950 311555572
9459 2859
311559522 12318
165474799 148125109
5 2423
313599908 2428
248029260 69077423
138 9980
10118 317106683
174291418 143940837
211 7230
318232255 7441
215443720 112385320
136 3460
327829040 3596
48333373 282267892
330601265 47638
386 5946
330648903 6332
120433544 211868712
8388 1652
10040 332302256
112424639 222492637
258 12527
334917276 12785
304449287 31872271
3 730
733 336321558
46998391 290723656
47638 337722047
5 7920
337769685 7925
370940 337722047
1 161
162 338092987
458808 338092987
79 338551795
309467705 31874629
341342334 16131
27 1101
1128 341358465
169911922 173194948
21 3359
343106870 3380
343110250 810486
21 2236
2257 343920736
317106683 31874629
258 6309
348981312 6567
186502702 165474799
624 17825
351977501 18449
282636253 71581479
26 3723
3749 354217732
354217732 253028
15 2236
2251 354470760
285504377 71581479
8374 10882
19256 357085856
215474423 142952592
92 2683
358427015 2775
22579110 337777610
25546 360356720
26 1684
1710 360382266
74108414 286637361
111 360745775
360383976 3993404
17 2554
2571 364377380
14592302 354221481
667 43166
368813783 43833
698981 368857616
15 3177
3192 369556597
215343674 155309346
649 10040
10689 370653020
259741445 118619704
1564 10689
12253 378361149
93303421 286637361
379940782 61870
1 1610
380002652 1611
380004263 735449
1 470
380739712 471
380739712 520395
2 193
195 381260107
274577489 112385320
1 8935
8936 386962809
144564665 245565862
103 12296
390130527 12399
84527257 308318017
892 392845274
102687712 294889166
3 4457
397576878 4460
283560905 115077055
21 1444
1465 398637960
369559789 39643935
1 1469
1470 409203724
226386664 185575645
5 5503
411962309 5508
411967817 3993404
63 4640
415961221 4703
415965924 666506
5 611
616 416632430
148150655 271203910
196 21511
21707 419354565
181560027 239974093
2 124
126 421534120
46983779 378361149
330 7937
8267 425344928
230662440 196962105
5 176
181 427624545
236268121 191838684
2 684
686 428106805
428106805 891100
2 190
192 428997905
225743417 205979057
34 10272
10306 431722474
122 269517
431732780 269639
432002419 859725
5 1388
1393 432862144
432862144 491299
7 608
615 433353443
231612850 203982355
278 11218
435595205 11496
248029260 189427514
437456774 21800
2 365
367 437478574
185575645 259741445
126 7230
7356 445317090
437478941 12184186
8388 2408
10796 449663127
276259165 175818926
265 7441
452078091 7706
230983045 228333608
37349 459316653
16 4858
459354002 4874
459354002 675894
1 243
244 460029896
28579298 432863537
144 2998
3142 461442835
276259165 186502702
10689 4546
462761867 15235
435606701 29308404
1 2251
2252 464915105
41811259 425353195
504 10040
10544 467164454
180934951 289594055
32 4439
4471 470529006
189334913 285504377
24 2257
2281 474839290
474839290 555332
64 1283
1347 475394622
3950 383037
386987 475395969
195833247 282267892
9015 3177
12192 478101139
231612850 248020325
692 7119
7811 479633175
432863537 46947482
5 161
166 479811019
222481692 259734215
37 1684
1721 482215907
482215907 727841
124 1181
482943748 1305
130803890 357105112
12 6594
487909002 6606
181560169 308303274
32 11218
11250 489863443
58050658 432863537
12 4495
490914195 4507
490914195 253028
16 3460
3476 491167223
231612850 261399121
26 12399
493011971 12425
77382130 419354565
923 16131
17054 496736695
370940 3359
374299 496753749
239984975 259918716
892 69351
499903691 70243
427624726 75315567
37 2571
502940293 2608
311559522 191846540
32 1826
1858 503406062
18 164262
164280 503407920
169911922 337769685
12 1587
1599 507681607
452085797 58050658
77 10272
10349 510136455
510136455 269639
2 2262
2264 510406094
195363295 317116801
12425 4640
17065 512480096
259741445 257482644
144 9218
9362 517224089
951957 517233451
5 629
518185408 634
195363295 327832636
161 7633
523195931 7794
523195931 473569
49 3873
3922 523669500
13141944 512480096
26 3596
3622 525622040
14180888 512497161
30 7230
526678049 7260
195833247 332312296
108 4874
4982 528145543
75315567 459316653
2409 534632220
311350 534632220
465 534943570
39753698 496753749
86 6594
536507447 6680
414631 536507447
26 3886
536922078 3912
266527390 274587469
8935 2973
541114859 11908
142244 596028
738272 541126767
541865039 547413
2 692
694 542412452
619149 186821
805970 542413146
285504377 259734215
2 1684
1686 545238592
34412 545238592
290 545273004
39643935 517224089
12 1885
556868024 1897
230662440 327832636
24 1822
1846 558495076
558495076 703476
1 1283
1284 559198552
756783 559198552
2 726
728 559955335
22670804 541126767
473 563797571
536514127 28579298
868 15670
16538 565093425
31657127 534944035
5 7441
566601162 7446
84295898 487909002
458 572204900
283566616 294889166
2 557
559 578455782
308318017 281885593
18 4553
590203610 4571
311559522 281885593
593445115 976
69077423 525622040
1 719
720 594699463
559199836 41811259
2629 15898
18527 601011095
578456341 23670319
8 3007
3015 602126660
853 715231
602129675 716084
415965924 193843242
108 5764
609809166 5872
390130527 222492637
1 728
729 612623164
334917276 282636253
119 4874
4993 617553529
77382130 543219116
111 7230
7341 620601246
502942901 118816705
1 129
130 621759606
525622040 97303822
1 787
788 622925862
102687712 526685309
8267 720
8987 629373021
120572422 512497161
633069583 18449
1 49
50 633088032
381260302 259741445
12399 4571
16970 641001747
247021974 398637960
1 340
341 645659934
120411447 526678049
69 3979
647089496 4048
368857616 281885593
260 29245
650743209 29505
337783 7811
650772714 345594
263927616 392846166
76 5946
656773782 6022
164280 656773782
1 534
535 656938062
656773782 491299
2 611
613 657265081
510146804 148150655
25546 4439
658297459 29985
352728 658297459
367 658650187
120572422 541126767
476 661699189
380740183 282267602
6 663007785
143940837 523673422
18 3030
3048 667614259
398637960 271203910
3 441
444 669841870
523203725 148150655
63 5946
671354380 6009
411962309 262533986
5 476
481 674496295
437478941 237853686
92 3245
675332627 3337
184874697 496736695
2 149
151 681611392
517224089 165459616
360 682683705
348981312 334917276
2 3053
3055 683898588
142912723 545240278
8374 557
688153001 8931
386971745 304185335
616 12964
13580 691157080
976499 691157080
1 1465
1466 692133579
117532754 578456341
77 10349
10426 695989095
695989095 859725
24 1075
1099 696848820
528901 696849919
2 6332
697378820 6334
617558522 81163249
181 3055
698721771 3236
48327427 656938597
39 3922
705266024 3961
415961221 289594055
37 3874
705555276 3911
478113331 231718830
709832161 47638
17 5126
709879799 5143
144564665 566601162
991 711165827
91694 711165827
17 711257521
283566616 428107491
151 711674107
287721753 425353195
101 3055
713074948 3156
688153001 28361776
26 2290
716514777 2316
435595205 287721753
63 7152
723316958 7215
190824565 541114859
372 731939424
331 727841
731939796 728172
475782956 257482644
8 6309
6317 733265600
462777102 274587469
138 4546
737364571 4684
565093425 175818926
166 6337
740912351 6503
66315 740912351
49 740978666
462777102 281885593
744662695 21800
26 1015
1041 744684495
286637361 459316653
4661 15235
19896 745954014
745973910 735449
2 680
746709359 682
380002652 370653020
8 776
784 750655672
805970 750656456
2 413
415 751462426
738427 751462841
3 92
95 752201268
411967817 341359593
8 1284
1292 753327410
753328702 687359
181 5254
5435 754016061
491170699 264631700
755802399 1180
300813587 459354002
1 2912
2913 760167589
859 687359
688218 760170502
83159951 681611543
157 7446
764771494 7603
69077423 698725007
122 12425
12547 767802430
602129675 169911922
772041597 28716
1 55
56 772070313
75309258 696848820
3 446
449 772158078
279118 772041597
77 772320715
658650554 115226499
1 477
478 773877053
428998097 357105112
80291 786103209
15 1128
1143 786183500
280608 786103209
1 507
508 786383817
280608 786184643
18 1143
786465251 1161
518186042 271420781
257 18527
18784 789606823
311571840 479811185
258 21511
791383025 21769
622926650 173194948
15 1424
1439 796121598
88289302 709884942
3 2859
2862 798174244
304000517 496753749
35 1005
1040 800754266
369559789 437456774
21 1998
2019 807016563
191838684 617553529
855 809392213
767814977 43011988
8313 8701
17014 810826965
368857616 445324446
2472 814182062
791383025 28576920
10 2290
2300 819959945
487915608 338551874
365 826467482
826467847 659213
18 4020
4038 827127060
246 493707
827131098 493953
31657127 798177106
15 4097
829834233 4112
829834233 194680
328 830028913
711257538 129605111
10 5764
840862649 5774
205727 840862649
5 776
781 841068376
433354058 409205194
136 4982
842559252 5118
842564370 891844
18 1021
1039 843456214
563798044 281865539
21 4507
845663583 4528
578456341 274577489
32 7925
853033830 7957
493024396 360356720
10 1653
1663 853381116
93303421 767802430
2 539
541 861105851
304181315 558495076
3 1798
862676391 1801
697385154 171076070
32 3961
868461224 3993
3476 561628
868465217 565104
827131098 43175206
77 4261
4338 870306304
723324173 148125109
3 397
400 871449282
190824565 682684065
114 5712
873508630 5826
714076 873514456
2 562
564 874228532
732667968 142912723
26 4571
875580691 4597
144564665 733271917
8 6606
877836582 6614
877843196 253028
63 7020
878096224 7083
877843196 7986808
562 19896
20458 885830004
239984975 651118308
37 6912
891103283 6949
609815038 283560905
7 4457
4464 893375943
203982355 698725007
9 15496
902707362 15505
452078091 452078091
3 528
531 904156182
904156182 570644
2 410
412 904726826
330655235 578456341
3596 21173
24769 909111576
853041787 57887702
8313 10349
18662 910929489
767802430 143940837
30 1039
1069 911743267
230662440 688153001
7 7230
918815441 7237
754392 1384
755776 918822678
427624726 493024396
66 5038
5104 920649122
721247 920654226
2 1143
1145 921375473
496736695 428998097
8 3236
3244 925734792
419376272 510408358
328 11908
929784630 12236
22579110 910948151
8267 1040
9307 933527261
43166 933527261
1 157
158 933570427
349699 933527261
5 634
639 933876960
185573678 753327410
509 938901088
594700183 348981312
655 943681495
862678192 85163538
8388 910
9298 947841730
237864426 711166818
7 3192
3199 949031244
674496776 276259165
18 950755941
12184186 943682150
1947 955866336
772041597 184865682
144 4684
4828 956907279
48327427 910929489
109 959256916
43160 233501
276661 959257025
671360389 290723656
143 16538
16681 962084045
193868788 772070369
5946 16131
965939157 22077
413247 965939157
3 401
404 966352404
615810 629805
1245615 966352808
967598423 924652
95 4471
4566 968523075
851976 968523075
2 766
768 969375051
84014 5038
969375819 89052
933570585 39743981
1 2257
2258 973314566
864187 973314566
653 974178753
807016563 173194948
3 1145
1148 980211511
792108 980211511
244 981003619
497128048 490918702
121 13675
988046750 13796
222984754 772070369
149 11496
11645 995055123
995066768 414631
2 151
153 995481399
756783 15898
772681 995481552
716514777 281884348
5 1021
1026 998399125
3158 473461
998400151 476619
