2561
1 1
2 2
1 4
2 5
2 7
5 9
1 14
2 15
4 17
7 17
2 24
4 26
4 30
1 34
2 35
2 37
1 39
1 40
24 39
1 63
4 63
1 67
1 68
7 68
14 69
21 75
7 96
1 103
2 104
2 106
5 106
39 75
9 108
2 117
1 119
1 120
1 121
2 122
5 122
2 127
4 129
7 129
2 136
1 138
1 139
4 139
5 143
1 148
7 149
1 156
4 157
7 161
1 168
4 168
2 172
2 174
1 176
15 172
14 176
17 176
9 187
9 193
1 202
1 203
7 204
2 211
5 211
5 216
1 221
1 222
1 223
4 223
4 227
2 231
4 233
7 233
1 240
5 241
1 246
2 247
7 249
2 256
2 258
1 260
4 260
1 264
4 265
14 261
17 269
14 275
2 289
5 291
1 296
4 296
14 296
4 310
7 314
2 321
4 323
1 327
2 328
7 330
1 337
1 338
1 339
7 339
4 346
5 350
21 337
2 358
5 360
7 365
1 372
4 373
7 373
4 380
14 380
1 394
2 395
4 397
4 401
7 401
5 408
24 397
2 421
26 405
2 431
5 431
26 413
2 439
4 441
1 445
17 441
15 446
2 461
2 463
1 465
4 465
1 469
2 470
1 472
4 472
1 476
7 477
2 484
2 486
1 488
7 488
5 495
2 500
1 502
1 503
4 503
2 507
5 509
15 509
4 524
4 528
2 532
5 532
2 537
5 539
1 544
4 545
4 549
9 553
15 553
1 568
4 569
1 573
17 568
5 585
34 562
9 590
17 585
2 602
5 602
4 607
15 607
2 622
5 624
35 607
1 642
5 643
1 648
2 649
2 651
2 653
37 624
1 661
5 662
2 667
2 669
1 671
7 672
1 679
4 680
7 680
1 687
4 687
1 691
7 692
5 699
1 704
1 705
4 705
1 709
1 710
1 711
5 712
1 717
1 718
4 719
7 719
9 726
2 735
1 737
4 737
5 741
1 746
2 747
2 749
5 749
1 754
21 754
1 775
35 751
1 786
2 787
2 789
1 791
4 791
7 791
1 798
1 799
4 799
2 803
1 805
1 806
2 807
5 809
2 814
5 814
1 819
4 819
1 823
4 823
9 824
2 833
14 827
1 841
1 842
4 842
2 846
2 848
1 850
1 851
1 852
2 853
4 855
4 859
5 863
7 868
7 875
4 882
2 886
2 888
1 890
1 891
2 892
4 894
4 898
4 902
1 906
1 907
2 908
1 910
7 911
1 918
1 919
5 920
1 925
4 925
9 926
1 935
4 936
17 929
4 946
21 935
2 956
1 958
34 935
2 969
5 969
2 974
1 976
1 977
4 977
1 981
5 982
2 987
2 989
17 982
463 978
1441 1441
2882 2882
514 5764
7 6278
1441 6285
211 7726
2882 7937
41 10819
9 10860
2 10869
1 10871
7937 10872
1441 18809
999 20250
261 21249
1 21510
5764 18809
213 24573
2 24786
5764 21511
9 27275
4 27284
1441 27275
10872 21249
161 32121
5 32282
1 32287
1441 32288
477 33729
2 34206
204 34208
1441 34412
484 35853
1 36337
999 36338
9 37337
2 37346
1 37348
10872 32288
1 43160
5 43161
10872 36338
69 47210
5 47279
358 47279
1 47637
27288 34412
169 61700
1 61869
28716 36338
143 65054
4 65197
999 65201
114 66200
1 66314
2882 66315
149 69197
5 69346
5764 65054
2 70818
296 70820
6285 69346
2 75631
10872 69351
68 80223
18809 65201
4 84010
43166 43166
83 86332
7 86415
1 86422
20250 71116
328 91366
33729 66315
2 100044
47210 66315
2 113525
1 113527
35853 84010
2 119863
61700 61700
30 123400
2 123430
2882 123432
365 126314
1 126679
61870 71116
441 132986
149 133427
28716 113528
169 142244
1 142413
20250 126314
26 146564
1 146590
718 146591
66315 86332
41 152647
15 152688
1 152703
21511 133427
41 154938
7 154979
1 154986
75 154987
1 155062
7726 152688
4 160414
80223 84014
24 164237
1 164261
32288 132986
63 165274
47284 126314
133 173598
2 173731
21511 154987
35 176498
1 176533
4 176533
34208 146590
21511 165274
35 186785
1 186820
330 186821
1 187151
91694 100046
104 191740
1 191844
34208 160418
41 194626
9 194667
4 194676
20250 176537
177 196787
5 196964
80291 123400
21 203691
1 203712
431 203712
32121 173598
7 205719
1 205726
66315 142244
40 208559
792 208599
971 209391
10819 204143
37 214962
1 214999
143 215000
1 215143
10872 208599
129 219471
1 219600
1441 219601
41 221042
35853 187152
69 223005
2 223074
835 223005
2 223840
21511 204143
9 225654
1 225663
35853 191845
83 227698
1 227781
20250 208599
17 228849
1 228866
66315 165337
21 231652
2 231673
100046 133427
26 233473
2 233499
18809 219601
69 238410
5 238479
35853 209391
21 245244
1 245265
66200 186821
7 253021
133576 133576
9 267152
1 267161
35853 233501
161 269354
2 269515
24573 253028
30 277601
1441 277631
41 279072
5 279113
1441 279118
41 280559
7 280600
1 280607
69197 214962
26 284159
2 284185
1 284187
66315 231673
61700 238410
4 300110
70820 233501
7 304321
1 304328
21249 284188
211 305437
33729 277601
17 311330
2 311347
1 311349
47284 269517
21 316801
1 316822
7726 311350
9 319076
61870 269354
114 331224
27288 305437
1 332725
126314 208599
9 334913
1 334922
113528 223005
30 336533
2 336563
1 336565
989 336566
69 337555
227 337555
1 337782
7726 331224
14 338950
155063 186821
26 341884
489 341910
5 342399
65054 284188
41 349242
9 349283
2 349292
405 349294
2882 349294
41 352176
5 352217
106 352217
405 352323
24573 334923
143 359496
1 359639
32288 332726
41 365014
160418 205727
9 366145
2 366154
176498 191740
2 368238
83 368240
2 368323
1 368325
70820 300114
5 370934
1 370939
186785 186821
160418 214962
24 375380
33729 349294
14 383023
30 383037
36338 349699
2 386037
1 386039
2882 386040
124 388922
1 389046
24786 368240
47284 352728
75 400012
2 400087
1 400089
35 400087
33729 368326
7 402055
1 402062
71116 334923
121 406039
70820 342404
21 413224
2 413245
186821 227782
26 414603
2 414629
204143 215144
5 419287
65197 359640
2 424837
590 424839
2 425429
1 425431
61870 365055
35 426925
1 426960
196787 231675
83 428462
2 428545
1 428547
33729 400122
41 433851
17 433892
132986 304329
5 437315
36338 402055
2 438393
1 438395
20250 419292
41 439542
17 439583
2 439600
91694 352323
2 444017
265 444019
65054 383067
4 448121
152704 305437
41 458141
17 458182
1 458199
667 458141
204143 269354
69 473497
2 473566
1 473568
196969 280559
9 477528
2 477537
1 477539
176 477539
47279 444019
1 491298
65201 428462
41 493663
2 493704
1 493706
956 493704
61700 437315
2 499015
1 499017
321 499015
999 499336
15 500335
1 500350
26 500351
1 500377
196969 305437
5 502406
1 502411
66315 439583
227698 280559
5 508257
1 508262
84014 426925
7 510939
1 510946
133427 383023
920 516450
2 517370
1 517372
863 517372
86423 433909
63 520332
935 520332
514 521267
1 521781
34208 494660
30 528868
2 528898
1 528900
61700 477715
9 539415
2 539424
1 539426
395 539427
225663 316823
227698 316801
14 544499
86422 458182
7726 539427
2 547153
1 547155
258 547155
10819 544513
164237 393026
15 557263
1 557278
604 557278
61700 499336
21 561036
2 561057
569 561059
18809 547156
39 565965
231675 338964
5 570639
165337 413224
2 578561
1 578563
214962 366156
28716 555332
140 584048
1 584188
86332 500351
7 586683
269354 319085
35 588439
284159 305437
7 589596
1 589603
34208 557882
21 592090
2 592111
160414 433851
2 594265
1 594267
75633 520395
147309 458141
37 605450
132986 473569
17 606555
1 606572
100046 510947
17 610993
2 611010
119865 494660
24 614525
142244 473566
61870 557279
61870 561628
17 623498
223842 402063
17 625905
1 625922
238410 389047
41 627457
9 627498
738 627498
1 628236
84014 544499
2 628513
439 628513
35853 594268
4 630121
91366 539822
9 631188
2 631197
1 631199
590 631199
83 631789
1 631872
275 631873
569 632148
241 632717
622 632958
231652 406160
7 637812
755 637819
277631 366156
2 643787
269354 375380
20250 625905
7 646155
176533 473497
194626 458200
2 652826
28716 627498
1 656214
316801 342404
7 659205
1 659212
32282 631789
258 664071
706 664329
126680 539822
4 666502
280608 393026
24 673634
43166 632717
9 675883
2 675892
47284 630125
2 677409
305437 373606
15 679043
350 679058
69197 611012
142244 539415
2 681659
331338 352728
17 684066
1 684083
304321 383037
1 687358
196787 499018
17 695805
1 695822
132986 565965
30 698951
284188 419287
1 703475
123400 588439
9 711839
2 711848
215000 499018
41 714018
17 714059
65201 650030
470 715231
352222 366156
5 718378
1 718383
352217 368326
1 720543
704 720543
133576 594265
186821 542486
17 729307
2 729324
1 729326
253021 477528
2 730549
71116 664329
4 735445
221042 517373
9 738415
2 738424
1 738426
113528 628237
5 741765
1 741770
214962 539427
24 754389
331338 425432
9 756770
4 756779
47210 711850
9 759060
4 759069
10869 754389
1 765258
69351 698951
9 768302
1 768311
64 768302
140 768302
1 768442
10872 759073
41 769945
21 769986
194626 584048
34 778674
69197 714059
5 783256
386040 406039
26 792079
2 792105
1 792107
203691 589596
1 793287
164237 638574
7 802811
1 802818
305437 502412
7 807849
1 807856
194676 615810
400122 413247
26 813369
2 813395
1 813397
304329 517373
9 821702
21511 802811
152688 675892
1 828580
133576 718384
15 851960
1 851975
337783 520395
4 858178
754 858182
240 858936
549 859176
425432 438396
21 863828
1 863849
337 863850
352176 520395
4 872571
21511 851976
1 873487
311350 566004
7 877354
152647 738427
26 891074
123400 768443
1 891843
86423 810486
9 896909
2 896918
47284 858182
7 905466
843 905466
1 906309
316823 592113
41 908936
280608 633580
41 914188
238484 677411
17 915895
1 915912
408 915913
1 916321
47637 872571
337783 584048
9 921831
2 921840
1 921842
330 921843
1 922173
194626 729307
2 923933
1 923935
717 923935
413245 517373
10819 923936
21 934755
2 934776
359496 578564
75 938060
2 938135
24788 915895
1 940683
886 940683
424839 521267
9 946106
359640 588439
4 948079
27288 924652
17 951940
280600 673634
5 954234
662 954234
2 954896
1 954898
413245 544513
458200 518235
64 976435
223076 756783
41 979859
9 979900
4 979909
334923 646162
1 981085
574 981086
70820 914188
17 985008
1 985025
180798 807857
5 988655
311330 677409
221083 769986
17 991069
2 991086
1 991088
20250 976435
2 996685
437315 561036
998351 998351
1996702 1996702
3993404 3993404
1996702 7986808
203713 9983510
261 10187223
1996702 10187484
957758 12184186
10872 13141944
1441 13152816
373 13154257
2 13154630
1996702 12184186
406160 14180888
2882 14587048
1441 14589930
929 14591371
2 14592300
7986808 14592302
91694 22579110
999 22670804
161 22671803
4 22671964
998351 22671968
425432 23670319
265 24095751
2 24096016
1996702 23670319
196969 25667021
2882 25863990
1441 25866872
999 25868313
384 25869312
5 25869696
1 25869701
14180888 14180888
215144 28361776
1441 28576920
936 28578361
1 28579297
946115 28361776
509 29307891
4 29308400
7986808 23670319
215144 31657127
1441 31872271
911 31873712
5 31874623
1 31874628
7986808 31657127
100046 39643935
7937 39743981
1441 39751918
339 39753359
1996702 39753698
47638 41750400
10872 41798038
1441 41808910
908 41810351
14592302 28361776
47638 42954078
7937 43001716
1441 43009653
894 43011094
221083 42954078
41 43175161
4 43175202
998351 43175206
337624 44173557
108 44511181
1 44511289
3993404 42954078
35853 46947482
441 46983335
2 46983776
1 46983778
47638 46947482
2882 46995120
384 46998002
5 46998386
22579110 25667021
80291 48246131
999 48326422
5 48327421
1 48327426
5764 48327427
177 48333191
5 48333368
1996702 48327427
2882 50324129
999 50327011
436 50328010
1 50328446
28579298 29308404
160418 57887702
64 58048120
2 58048184
1441 58048186
999 58049627
30 58050626
2 58050656
29308404 39753698
10872 69062102
2882 69072974
1441 69075856
124 69077297
2 69077421
28579298 43001716
465 71581014
25667021 48333373
100046 74000394
7937 74100440
37 74108377
28361776 46947482
6285 75309258
24 75315543
1996702 75315567
69351 77312269
509 77381620
1 77382129
22671968 58050658
439602 80722626
999 81162228
21 81163227
1 81163248
1996702 81163249
37349 83159951
2882 83197300
1441 83200182
803 83201623
10187484 74108414
228867 84295898
1441 84524765
999 84526206
41 84527205
9 84527246
2 84527255
638574 84524765
196 85163339
2 85163535
1 85163537
3993404 84295898
47638 88289302
7937 88336940
1441 88344877
291 88346318
10187484 81163249
28716 91350733
999 91379449
275 91380448
9 91380723
42954078 50328447
20250 93282525
643 93302775
2 93303418
1 93303420
3993404 93303421
6285 97296825
712 97303110
28579298 74108414
173733 102687712
1441 102861445
999 102862886
172 102863885
1 102864057
687359 102861445
574 103548804
4 103549378
24096018 88289302
37349 112385320
1441 112422669
528 112424110
1 112424638
31874629 83202426
147309 115077055
1441 115224364
692 115225805
2 115226497
31657127 85163538
827 116820665
711850 116820665
237 117532515
2 117532752
44511290 74108414
196969 118619704
30 118816673
2 118816703
7986808 112424639
21511 120411447
585 120432958
1 120433543
160418 120411447
553 120571865
4 120572418
39753698 88346609
355 128100307
1 128100662
48333373 81163249
100046 129496622
7937 129596668
504 129604605
2 129605109
12184186 118619704
10872 130803890
1441 130814762
213 130816203
1 130816416
24096018 118816705
37349 142912723
1441 142950072
999 142951513
75 142952512
5 142952587
988739 142951513
585 143940252
623515 143940837
310 144564352
2 144564662
1 144564664
29308404 118816705
24788 148125109
755 148149897
2 148150652
1 148150654
25667021 129605111
36338 155272132
875 155308470
1 155309345
28361776 130816417
20250 159178193
216 159198443
2 159198659
46947482 112424110
9 159371592
1 159371601
10187484 155272132
10872 165459616
2882 165470488
999 165473370
423 165474369
7 165474792
84295898 84527257
10872 168823155
5764 168834027
41 168839791
2 168839832
1 168839834
41811259 128100663
205727 169911922
662 170117649
1 170118311
957758 170118312
10872 171076070
2882 171086942
237 171089824
2 171090061
43175206 129605111
2882 172780317
1441 172783199
672 172784640
5 172785312
413247 172784640
553 173197887
4 173198440
71581479 102687712
21511 174269191
712 174290702
4 174291414
31874629 143940837
2882 175815466
574 175818348
4 175818922
77382130 103549382
2882 180931512
553 180934394
4 180934947
628515 180931512
140 181560027
2 181560167
25667021 159198661
7937 184865682
999 184873619
75 184874618
4 184874693
698981 184874697
1441 185573678
524 185575119
2 185575643
924652 185575645
1441 186500297
959 186501738
5 186502697
74108414 115226499
91694 189334913
907 189426607
754413 189426607
553 190181020
7 190181573
1 190181580
74000394 116821492
1441 190821886
999 190823327
237 190824326
2 190824563
88289302 103549382
7726 191838684
129 191846410
1 191846539
1996702 191846540
24788 193843242
755 193868030
2 193868785
1 193868787
22579110 172783199
982 195362309
4 195363291
3993404 191838684
999 195832088
157 195833087
2 195833244
1 195833246
22670804 174290702
599 196961506
31657127 168839835
28716 200496962
528 200525678
1 200526206
85163538 118816705
1441 203980243
671 203981684
1996702 203982355
10872 205979057
1441 205989929
999 205991370
360 205992369
2 205992729
1 205992731
48246131 159371602
10872 207617733
2882 207628605
1441 207631487
699 207632928
4 207633627
41750400 170118312
32288 211868712
168 211901000
84527257 130816417
100046 215343674
7937 215443720
999 215451657
9 215452656
4 215452665
21511 215452669
241 215474180
2 215474421
615810 215452669
41 216068479
7 216068520
1 216068527
727841 215343674
258 216071515
31657127 190824565
10872 222481692
69 222492564
4 222492633
502412 222481692
649 222984104
1 222984753
31874629 193868788
245266 225743417
2882 225988683
148 225991565
393026 225991713
1441 226384739
484 226386180
57887702 170118312
6285 228006014
735 228012299
319085 228013034
1441 228332119
41 228333560
7 228333601
14589930 216071773
737 230661703
319085 230662440
1441 230981525
75 230982966
4 230983041
631200 230981525
124 231612725
1 231612849
735449 230983045
330 231718494
5 231718824
1 231718829
941569 231612850
1441 232554419
562 232555860
2 232556422
1 232556424
93303421 142952592
10872 236256013
999 236266885
237 236267884
31872271 205991370
776 237863641
9 237864417
730551 237864426
1441 238594977
463 238596418
988739 237864426
384 238853165
2 238853549
43011988 196962105
10872 239974093
9 239984965
1 239984974
120411447 120572422
7937 240983869
999 240991806
275 240992805
7 240993080
22579110 222984754
1441 245563864
553 245565305
4 245565858
31657127 215343674
20250 247000801
920 247021051
2 247021971
1 247021973
998351 247021974
7937 248020325
991 248028262
7 248029253
25869702 231612850
83 257482552
9 257482635
116821492 142912723
6285 259734215
940 259740500
5 259741440
176537 259741445
726 259917982
7 259918708
1 259918715
116821492 144564665
10872 261386157
1441 261397029
651 261398470
31872271 230661703
9 262533974
2 262533983
1 262533985
3993404 259918716
10872 263912120
2882 263922992
1441 263925874
300 263927315
1 263927615
521782 263927616
999 264449398
69 264450397
2 264450466
180798 264450468
433 264631266
1 264631699
3993404 262533986
61870 266527390
999 266589260
421 266590259
1 266590680
43175206 228013034
10872 271188240
2882 271199112
1441 271201994
473 271203435
2 271203908
221083 271199112
585 271420195
1 271420780
7986808 266590681
7937 274577489
1441 274585426
602 274586867
48246131 228013034
24788 276259165
1441 276283953
67 276285394
88346609 191838684
692 280185293
2 280185985
1 280185987
43011988 238853551
18809 281865539
999 281884348
246 281885347
402063 281865539
289 282267602
1 282267891
368326 282267892
35 282636218
924652 282636253
2882 283560905
1441 283563787
999 283565228
384 283566227
5 283566611
44511290 240993087
28716 285504377
41 285533093
14 285533134
97296825 189334913
2882 286631738
1441 286634620
999 286636061
300 286637060
1 286637360
13141944 274577489
1441 287719433
875 287720874
4 287721749
25667021 263925874
999 289592895
161 289593894
18809 289592895
176 289611704
29308404 261399121
10872 290707525
2882 290718397
1441 290721279
936 290722720
28361776 266527390
10872 294889166
2882 294900038
929 294902920
2 294903849
31874629 263927616
265 295802245
1 295802510
14180888 286631738
959 300812626
2 300813585
144564665 159371602
61870 303936267
1441 303998137
936 303999578
2 304000514
1 304000516
187152 303998137
41 304185289
5 304185330
448125 304000517
643 304448642
2 304449285
25667021 282636253
10872 308303274
2882 308314146
989 308317028
71581479 237864426
21511 309445905
289 309467416
71581479 239974093
2882 311555572
999 311558454
69 311559453
75315567 236256013
260 311571580
148125109 165474799
1441 313599908
987 313601349
69077423 248029260
7937 317106683
1441 317114620
738 317116061
2 317116799
143940837 174291418
6285 318232255
999 318238540
157 318239539
112385320 215443720
2882 327829040
712 327831922
2 327832634
48333373 282267892
47638 330601265
6285 330648903
41 330655188
5 330655229
1 330655234
120433544 211868712
7937 332302256
1441 332310193
662 332311634
112424639 222492637
10872 334917276
1441 334928148
472 334929589
31872271 304449287
726 336321558
7 336322284
46998391 290723656
47638 337722047
7726 337769685
196 337777411
2 337777607
1 337777609
370940 337722047
161 338092987
1 338093148
458808 338092987
75 338551795
4 338551870
31874629 309467705
10872 341342334
6285 341353206
96 341359491
5 341359587
1 341359592
169911922 173197887
441 343109809
810486 343110250
1441 343920736
816 343922177
31872271 317114620
987 348986891
1 348987878
129496622 222492637
6285 351989259
405 351995544
1 351995949
71581479 282636253
2882 354217732
863 354220614
4 354221477
253028 354217732
1441 354470760
809 354472201
1 354473010
71581479 285504377
18809 357085856
446 357104665
1 357105111
142952592 215474423
1441 358427015
999 358428456
330 358429455
5 358429785
22579110 337777610
24788 360356720
1441 360381508
999 360382949
26 360383948
2 360383974
74108414 286637361
111 360745775
3993404 360383976
1441 364377380
999 364378821
129 364379820
2 364379949
14592302 354221481
43166 368813783
667 368856949
698981 368857616
2882 369556597
310 369559479
29308404 341353206
1441 370661610
655 370663051
2 370663706
1 370663708
118619704 259741445
10872 378361149
999 378372021
380 378373020
2 378373400
93303421 286637361
61870 379940782
1441 380002652
169 380004093
1 380004262
735449 380004263
470 380739712
1 380740182
520395 380739712
193 381260107
2 381260300
112385320 274585426
999 386970746
144564665 245565862
10872 390130527
1441 390141399
83 390142840
2 390142923
1 390142925
84527257 308318017
892 392845274
102687712 294889166
2882 397576878
1441 397579760
136 397581201
1 397581337
115077055 283560905
1441 398637960
24 398639401
39643935 369559789
1441 409203724
26 409205165
2 409205191
1 409205193
185575645 226386664
2882 411962309
1441 411965191
999 411966632
177 411967631
9 411967808
3993404 411967817
2882 415961221
1441 415964103
380 415965544
666506 415965924
611 416632430
5 416633041
148150655 271203910
21511 419354565
196 419376076
181560027 239974093
124 421534120
2 421534244
46983779 378361149
7937 425344928
330 425352865
196962105 230662440
177 427624545
4 427624722
191838684 236268121
684 428106805
2 428107489
891100 428106805
190 428997905
2 428998095
193868030 237864426
323 431732456
1 431732779
269517 431732780
122 432002297
859725 432002419
999 432862144
394 432863143
491299 432862144
611 433353443
4 433354054
203982355 231612850
10872 435595205
624 435606077
189427514 248029260
21511 437456774
655 437478285
1 437478940
185575645 259741445
6285 445317090
999 445323375
69 445324374
2 445324443
1 445324445
12184186 437478941
7937 449663127
1441 449671064
999 449672505
413 449673504
5 449673917
1 449673922
175818926 276259165
6285 452078091
999 452084376
421 452085375
1 452085796
228333608 230983045
37349 459316653
2882 459354002
1441 459356884
549 459358325
2 459358874
675894 459354002
241 460029896
2 460030137
1 460030139
28579298 432863537
2882 461442835
260 461445717
186502702 276259165
10872 462761867
2882 462772739
1441 462775621
40 462777062
29308404 435606701
1441 464915105
809 464916546
2 464917355
41811259 425353195
7937 467164454
1441 467172391
999 467173832
161 467174831
5 467174992
1 467174997
180934951 289594055
2882 470529006
1441 470531888
148 470533329
189334913 285504377
1441 474839290
835 474840731
5 474841566
555332 474839290
999 475394622
346 475395621
2 475395967
941569 474840731
655 475782300
1 475782955
195833247 282267892
10872 478101139
999 478112011
321 478113010
231612850 248020325
7726 479633175
83 479640901
2 479640984
46947482 432863537
161 479811019
5 479811180
207631487 274585426
712 482216913
2 482217625
1 482217627
727841 482216913
297 482944754
2 482945051
130803890 357105112
6285 487909002
321 487915287
181560169 308314146
377 489874315
1 489874692
58050658 432863537
2882 490914195
1441 490917077
177 490918518
7 490918695
253028 490917077
590 491170105
4 491170695
231612850 261399121
10872 493011971
1441 493022843
111 493024284
1 493024395
77382130 419354565
10872 496736695
5764 496747567
413 496753331
5 496753744
81162228 415965544
275 497127772
1 497128047
239984975 259918716
69351 499903691
892 499973042
75315567 427624726
1441 502940293
999 502941734
168 502942733
191846540 311559522
1441 503406062
413 503407503
4 503407916
164262 503407920
17 503572182
1 503572199
169911922 337769685
1441 507681607
157 507683048
1 507683205
58050658 452085797
7937 510136455
1441 510144392
971 510145833
269517 510136455
1441 510405972
940 510407413
5 510408353
195363295 317116801
10872 512480096
5764 512490968
423 512496732
5 512497155
1 512497160
257482644 259741445
7937 517224089
999 517232026
423 517233025
2 517233448
1 517233450
951957 517233451
629 518185408
5 518186037
195363295 327832636
7726 523195931
68 523203657
74000394 449672505
514 523672899
9 523673413
13141944 512480096
2882 525622040
738 525624922
2 525625660
14180888 512497161
6285 526678049
974 526684334
1 526685308
195833247 332312296
2882 528145543
1441 528148425
655 528149866
4 528150521
75315567 459316653
1441 534632220
959 534633661
9 534634620
311350 534632220
465 534943570
39753698 496753749
6285 536507447
395 536513732
414631 536507447
2882 536922078
999 536924960
30 536925959
1 536925989
266527390 274587469
10872 541114859
999 541125731
37 541126730
237864426 304000517
96 541864943
547413 541865039
692 542412452
2 542413144
39643935 503572200
2882 543216135
96 543219017
2 543219113
1 543219115
259734215 285504377
1441 545238592
241 545240033
4 545240274
34412 545238592
289 545273004
1 545273293
39643935 517224089
1441 556868024
446 556869465
9 556869911
1 556869920
230662440 327832636
1441 558495076
405 558496517
703476 558495076
999 559198552
275 559199551
9 559199826
1 559199835
756783 559198552
726 559955335
2 559956061
22671968 541125731
340 563797699
5 563798039
129496622 435606701
6285 565103323
355 565109608
31657127 534944035
6285 566601162
999 566607447
161 566608446
1 566608607
84295898 487909002
458 572204900
283566616 294889166
553 578455782
5 578456335
1 578456340
281885593 308318017
2882 590203610
1441 590206492
247 590207933
1 590208180
281885593 311559522
976 593445115
69077423 525622040
719 594699463
1 594700182
41811259 559199836
10872 601011095
6285 601021967
999 601028252
365 601029251
5 601029616
1 601029621
23670319 578456341
2882 602126660
133 602129542
715701 602129675
380 602845376
2 602845756
1 602845758
193843242 415965924
5764 609809166
108 609814930
222492637 390130527
726 612623164
2 612623890
1 612623892
165473370 452084376
776 617557746
77382130 543219116
6285 620601246
999 620607531
41 620608530
15 620608571
1 620608586
118816705 502942901
129 621759606
1 621759735
97303822 525622040
787 622925862
1 622926649
102687712 526685309
7937 629373021
999 629380958
41 629381957
9 629381998
1 629382007
120572422 512497161
10872 633069583
6285 633080455
999 633086740
340 633087739
2 633088079
1 633088081
259741445 381260302
10872 641001747
5764 641012619
330 641018383
4 641018713
247021974 398637960
340 645659934
1 645660274
159178193 487915287
64 647093480
281885593 368857616
28716 650743209
789 650771925
373606 650743209
1441 651116815
41 651118256
9 651118297
2 651118306
263927616 392846166
5764 656773782
258 656779546
164262 656773782
553 656938044
491299 656773782
611 657265081
2 657265692
148150655 510146804
28716 658297459
999 658326175
269 658327174
1 658327443
352728 658297459
365 658650187
2 658650552
120572422 541126767
476 661699189
282267602 380740183
5 663007785
1 663007790
143940837 523673422
2882 667614259
161 667617141
5 667617302
271203910 398637960
441 669841870
2 669842311
1 669842313
148150655 523203725
5764 671354380
241 671360144
4 671360385
262533986 411962309
477 674496295
4 674496772
318239696 357085856
7937 675325552
1441 675333489
999 675334930
35 675335929
184874697 496736695
149 681611392
2 681611541
165459616 517224089
360 682683705
180934951 502942901
21511 683877852
1441 683899363
835 683900804
4 683901639
142912723 545240278
7937 688153001
991 688160938
2 688161929
1 688161931
304185335 386971745
10872 691157080
1441 691167952
999 691169393
265 691170392
2 691170657
1 691170659
976499 691157080
1441 692133579
24 692135020
1 692135044
117532754 578456341
7937 695989095
1441 695997032
999 695998473
41 695999472
7 695999513
1 695999520
851976 695997032
911 696849008
528901 696849919
6285 697378820
41 697385105
7 697385146
1 697385153
81163249 617558522
2882 698721771
350 698724653
4 698725003
48327427 656938597
2882 705266024
999 705268906
75 705269905
5 705269980
289592895 415965924
365 705558819
2 705559184
1 705559186
231718830 478113331
47638 709832161
2882 709879799
1441 709882681
820 709884122
144564665 566601162
991 711165827
91694 711165827
17 711257521
283566616 428107491
149 711674107
2 711674256
287721753 425353195
2882 713074948
269 713077830
5 713078099
271199112 445317090
891 716516202
287721753 435595205
6285 723316958
929 723323243
1 723324172
50328010 681611543
241 731939553
2 731939794
215443720 517224089
157 732667809
2 732667966
257482644 475782956
6285 733265600
30 733271885
2 733271915
274587469 462777102
2882 737364571
1441 737367453
360 737368894
1 737369254
175815466 565103323
64 740918789
1 740918853
215343674 525625662
7937 740969336
1441 740977273
1 740978714
281885593 462777102
21511 744662695
999 744684206
330 744685205
1 744685535
286637361 459316653
18809 745954014
999 745972823
83 745973822
5 745973905
735449 745973910
680 746709359
2 746710039
259741445 490914195
816 750655640
802819 750656456
2882 751459275
684 751462157
738427 751462841
83 752201268
9 752201351
2 752201360
1 752201362
341359593 411967817
999 753327410
291 753328409
2 753328700
687359 753328702
2882 754016061
1441 754018943
999 754020384
111 754021383
2 754021494
264631700 491170699
999 755802399
177 755803398
4 755803575
300813587 459356884
30 760170471
1 760170501
687359 760170502
859 760857861
83159951 681611543
6285 764771494
999 764777779
314 764778778
5 764779092
69077423 698725007
10872 767802430
1441 767813302
233 767814743
1 767814976
169911922 602129675
28716 772041597
41 772070313
15 772070354
75309258 696849008
261 772158266
279118 772041597
75 772320715
2 772320790
261386157 512490968
405 773877125
1 773877530
303936267 482217628
28716 786153895
1441 786182611
590 786184052
1 786184642
129604605 656779546
174 786384151
348987879 437478285
247 786466164
1 786466411
271420781 518186042
10872 789606823
7726 789617695
177 789625421
9 789625598
311571840 479811185
21511 791383025
258 791404536
364379951 431732780
7937 796112731
1441 796120668
926 796122109
2 796123035
88344877 709832161
68 798177038
304000517 496753749
999 800754266
41 800755265
205989929 601028252
401 807018181
309467705 499903691
21511 809371396
161 809392907
43011988 767814977
10872 810826965
5764 810837837
377 810843601
1 810843978
368857616 445324446
1441 814182062
999 814183503
30 814184502
2 814184532
28578361 791383025
859 819961386
338551874 487915608
365 826467482
659213 826467847
2882 827127060
999 827129942
157 827130941
493707 827131098
246 827624805
31657127 798177106
2882 829834233
999 829837115
231 829838114
191845 829837115
275 830028960
5 830029235
1 830029240
129605111 711257538
5764 840862649
9 840868413
1 840868422
205727 840862649
776 841068376
5 841069152
41808910 800755306
149 842564216
5 842564365
891844 842564370
999 843456214
40 843457213
281865539 563798044
2882 845663583
1441 845666465
204 845667906
1 845668110
274585426 578456341
17 853041767
2 853041784
1 853041786
360356720 493024396
1441 853381116
222 853382557
93303421 767802430
539 861105851
2 861106390
211901168 650772714
2882 862673882
999 862676764
423 862677763
5 862678186
1 862678191
171076070 697385154
2882 868461224
999 868464106
111 868465105
1 868465216
566004 868464106
211 869030110
43175206 827131098
2882 870306304
1441 870309186
15 870310627
148125109 723324173
397 871449282
2 871449679
1 871449681
190824565 682684065
5764 873508630
41 873514394
21 873514435
714076 873514456
562 874228532
2 874229094
142912723 732667968
2882 875580691
1441 875583573
269 875585014
5 875585283
144564665 733271917
6285 877836582
328 877842867
1 877843195
253028 877843196
6285 878096224
798 878102509
7986808 877843196
20250 885830004
204 885850254
4 885850458
239984975 651118308
6285 891103283
662 891109568
2 891110230
283565228 609815038
140 893380266
1 893380406
203982355 698725007
10872 902707362
2882 902718234
1441 902721116
310 902722557
452078091 452078091
528 904156182
2 904156710
1 904156712
570644 904156182
408 904726826
4 904727234
433353443 475782300
602 909135743
57887702 853041787
10872 910929489
7726 910940361
64 910948087
143940837 767802430
999 911743267
69 911744266
1 911744335
230661703 688160938
37 918822641
754413 918822678
999 919577091
360 919578090
4 919578450
427624726 493024396
2882 920649122
1441 920652004
776 920653445
5 920654221
721247 920654226
999 921375473
143 921376472
2 921376615
1 921376617
428998097 496736695
2882 925734792
360 925737674
2 925738034
419376272 510408358
10872 929784630
999 929795502
365 929796501
22579110 910948151
7937 933527261
999 933535198
365 933536197
5 933536562
1 933536567
43166 933527261
157 933570427
1 933570584
342399 933535198
2 933877597
185573678 753327410
509 938901088
129496622 814184534
991 943681156
2 943682147
1 943682149
85163538 862678192
7937 947841730
999 947849667
360 947850666
2 947851026
290707525 658326175
741 949033700
2 949034441
276259165 674496776
17 950755941
1 950755958
12184186 943682150
1441 955866336
504 955867777
2 955868281
184865682 772041597
2882 956907279
1441 956910161
504 956911602
1 956912106
318238540 641018383
96 959256923
5 959257019
1 959257024
462777102 496753749
1441 959530851
999 959532292
395 959533291
290723656 671360389
10872 962084045
5764 962094917
41 962100681
4 962100722
193868788 772070369
21511 965939157
562 965960668
4 965961230
413247 965939157
401 966352404
2 966352805
1 966352807
46947482 920649122
1441 967596604
377 967598045
1 967598422
930618 967596604
413 968527222
5 968527635
1 968527640
432863537 536507447
2882 969370984
1441 969373866
509 969375307
2 969375816
1 969375818
215443720 754020384
755 969464104
9 969464859
2 969464868
1 969464870
332302256 641012619
1441 973314875
507 973316316
1 973316823
864187 973314875
340 974179062
4 974179402
117532754 862678192
1441 980210946
269 980212387
2 980212656
1 980212658
24096018 956907279
562 981003297
4 981003859
490918702 497128048
10872 988046750
2882 988057622
41 988060504
1 988060545
222984754 772070369
10872 995055123
755 995065995
17 995066750
1 995066767
414631 995066768
149 995481399
4 995481548
770007 995481552
1441 996251559
999 996253000
233 996253999
1 996254232
281865539 716517093
10872 998382632
6285 998393504
360 998399789
2 998400149
493707 998382632
431 998876339
