2311
1 1
2 2
4 4
8 8
16 16
32 32
64 64
128 128
256 256
512 512
1024 1024
2048 2048
4096 4096
8192 4096
12288 1024
13312 256
13568 16
13584 4
13588 2
4 13590
2 4
6 13594
8 13600
4 8
12 13608
6 12
18 13620
8 18
26 13638
2 8
10 26
36 13664
12 36
48 13700
2 12
14 48
62 13748
16 62
78 13810
18 78
96 13888
2 18
20 96
116 13984
2 20
22 116
138 14100
2 138
140 22
162 14238
2 162
164 140
304 14400
2 304
306 164
470 14704
2 306
308 470
778 15174
2 1
3 308
311 778
1089 15952
4 3
10 311
321 1089
1410 17041
2 7
9 4
13 10
23 321
344 1410
1754 18451
2 9
11 13
24 23
47 344
391 1754
2145 20205
2 47
49 11
60 24
84 391
475 2145
2620 22350
2 84
86 49
135 60
195 2620
2815 475
3290 24970
4 86
90 135
225 195
420 2815
3235 28260
31495 3290
12 90
102 225
327 3235
3562 420
3982 31495
35477 34785
22 8
30 3
33 4
47 102
149 327
476 3562
4038 3982
8020 35477
43497 70262
4 1
20 1
26 8
34 22
56 7
63 7
90 37
127 6
133 30
163 47
210 33
243 476
719 4038
4757 149
4906 8020
12926 43497
56423 113759
14 1
15 2
21 4
25 4
29 6
37 1
38 1
39 4
43 2
45 5
63 20
86 21
135 6
141 7
148 10
158 26
184 2
186 2
188 9
197 24
221 3
224 90
314 8
322 34
356 70
426 243
669 127
796 11
807 63
870 719
1589 163
1752 133
1885 210
2095 4757
6852 4906
11758 56
11814 12926
24740 56423
81163 170182
18 1
26 1
27 1
30 1
39 1
40 1
43 1
44 2
50 1
51 1
52 1
53 1
54 1
56 1
57 1
58 1
60 1
62 3
65 1
66 1
67 1
68 1
70 1
71 1
72 2
74 2
78 2
80 1
86 1
90 4
94 1
96 2
98 1
99 1
100 5
107 5
112 1
113 1
114 1
115 2
117 1
118 1
119 7
128 1
133 1
134 8
142 3
148 3
151 1
152 2
154 1
158 3
164 1
165 2
167 3
170 9
179 4
186 3
189 1
190 3
193 8
201 1
202 2
204 3
207 1
208 12
220 7
227 3
230 4
234 1
235 2
237 5
242 2
244 11
255 12
267 7
274 18
292 5
297 2
308 7
315 4
319 12
331 3
334 4
338 1
339 4
343 6
349 3
352 3
356 3
359 4
363 9
372 14
386 4
390 20
410 1
411 29
440 5
445 4
449 18
467 7
476 13
489 9
498 21
519 10
529 39
568 3
571 15
586 13
599 38
637 11
648 15
663 3
666 63
729 9
738 11
749 6
755 37
792 50
842 45
887 25
912 1
913 17
930 11
941 15
956 20
976 184
1160 35
1195 50
1245 141
1386 37
1423 86
1509 13
1522 322
1844 83
1927 314
2241 6
2247 43
2290 43
2333 135
2468 197
2665 21
2686 128
2814 426
3240 224
3464 221
3685 356
4041 148
4189 107
4296 807
5103 870
5973 158
6131 186
6317 669
6986 1752
8738 1589
10327 188
10515 796
11311 2095
13406 4
13410 11758
25168 1885
27053 6852
33905 24740
58645 11814
70459 81163
151622 251345
84 1
87 2
94 3
102 2
104 4
108 2
129 2
134 3
137 2
139 8
149 1
152 1
155 2
163 22
185 9
194 5
199 12
211 39
255 2
267 26
293 31
334 46
380 35
415 36
467 14
481 43
524 20
544 33
577 35
612 19
631 26
657 49
706 35
741 6
747 46
793 22
815 11
826 14
840 53
893 1
894 22
916 18
934 19
953 1
954 47
1001 51
1052 10
1062 24
1086 26
1112 6
1118 18
1136 9
1145 80
1225 39
1264 48
1312 44
1356 34
1390 10
1400 43
1443 1
1444 17
1461 3
1464 55
1519 24
1543 12
1555 5
1560 33
1593 3
1596 17
1613 1
1614 27
1641 16
1657 11
1668 40
1708 1
1709 48
1757 32
1789 30
1819 17
1844 58
1902 34
1936 10
1946 129
2075 14
2089 14
2103 38
2141 20
2161 59
2220 57
2277 17
2294 98
2392 6
2398 38
2436 69
2505 61
2566 167
2733 5
2738 4
2742 152
2894 2
2896 117
3013 1
3014 50
3064 186
3250 99
3349 28
3377 1
3378 54
3432 9
3441 24
3465 7
3472 20
3492 94
3586 115
3701 12
3713 56
3769 24
3793 31
3824 35
3859 1
3860 7
3867 4
3871 3
3874 87
3961 7
3968 19
3987 155
4142 11
4153 22
4175 30
4205 49
4254 76
4330 78
4408 15
4423 21
4444 49
4493 83
4576 11
4587 15
4602 71
4673 5
4678 10
4688 107
4795 80
4875 22
4897 62
4959 22
4981 17
4998 35
5033 2
5035 386
5421 10
5431 72
5503 2
5505 158
5663 24
5687 90
5777 26
5803 56
5859 60
5919 19
5938 133
6071 7
6078 55
6133 13
6146 126
6272 19
6291 3
6294 14
6308 7
6315 41
6356 2
6358 66
6424 27
6451 25
6476 81
6557 50
6607 60
6667 36
6703 319
7022 57
7079 134
7213 35
7248 118
7366 81
7447 46
7493 70
7563 193
7756 244
8000 154
8154 59
8213 35
8248 100
8348 129
8477 66
8543 12
8555 27
8582 38
8620 61
8681 105
8786 105
8891 99
8990 114
9104 115
9219 95
9314 119
9433 98
9531 90
9621 164
9785 59
9844 128
9972 66
10038 8
10046 170
10216 133
10349 299
10648 58
10706 14
10720 52
10772 13
10785 334
11119 41
11160 52
11212 105
11317 57
11374 339
11713 81
11794 96
11890 51
11941 50
11991 65
12056 237
12293 10
12303 80
12383 158
12541 60
12601 158
12759 113
12872 359
13231 10
13241 112
13353 274
13627 41
13668 76
13744 119
13863 32
13895 165
14060 18
14078 24
14102 234
14336 207
14543 349
14892 297
15189 71
15260 43
15303 242
15545 220
15765 372
16137 25
16162 154
16316 23
16339 115
16454 40
16494 7
16501 411
16912 17
16929 230
17159 155
17314 343
17657 4
17661 151
17812 112
17924 599
18523 20
18543 498
19041 356
19397 355
19752 98
19850 29
19879 36
19915 352
20267 267
20534 48
20582 3
20585 913
21498 161
21659 190
21849 39
21888 23
21911 315
22226 2
22228 12
22240 568
22808 71
22879 148
23027 5
23032 161
23193 94
23287 255
23542 38
23580 142
23722 663
24385 467
24852 235
25087 308
25395 449
25844 183
26027 11
26038 128
26166 738
26904 208
27112 912
28024 13
28037 292
28329 68
28397 145
28542 204
28746 338
29084 57
29141 410
29551 17
29568 155
29723 1844
31567 390
31957 941
32898 666
33564 930
34494 165
34659 475
35134 792
35926 112
36038 476
36514 227
36741 202
36943 887
37830 162
37992 201
38193 315
38508 729
39237 53
39290 86
39376 189
39565 956
40521 36
40557 331
40888 529
41417 474
41891 114
42005 179
42184 152
42336 1927
44263 842
45105 2333
47438 637
48075 363
48438 1509
49947 440
50387 74
50461 519
50980 586
51566 126
51692 32
51724 1160
52884 976
53860 755
54615 2686
57301 571
57872 445
58317 112
58429 6317
64746 1522
66268 2290
68558 1386
69944 1195
71139 2814
73953 2665
76618 67
76685 2241
78926 1423
80349 5973
86322 5103
91425 3685
95110 3240
98350 2247
100597 10327
110924 3464
114388 25168
139556 4189
143745 4041
147786 1245
149031 4296
153327 749
154076 489
154565 648
155213 6986
162199 8738
170937 10515
181452 6131
187583 58645
246228 13406
259634 2468
262102 11311
273413 27053
300466 13410
313876 70459
384335 151622
535957 33905
569862 402967
76 1
77 2
86 5
91 10
101 43
149 10
159 16
204 36
240 1
257 1
258 7
265 10
275 3
278 18
296 22
331 6
337 13
350 4
354 41
395 10
405 4
409 21
430 7
437 5
470 24
494 21
515 34
549 20
569 5
574 15
589 4
593 10
603 5
608 14
622 38
660 43
706 10
716 2
718 12
730 14
744 10
755 11
792 9
801 36
837 25
862 10
872 13
913 10
923 22
953 18
971 18
989 22
1011 4
1015 60
1075 1
1076 9
1086 15
1101 13
1114 16
1130 25
1155 18
1173 7
1180 1
1181 25
1206 18
1224 37
1261 58
1319 65
1384 4
1388 40
1428 24
1452 17
1469 2
1471 11
1482 4
1486 1
1487 3
1490 27
1517 12
1529 35
1564 20
1584 3
1587 48
1635 8
1643 4
1647 5
1652 12
1664 20
1684 76
1760 2
1762 22
1784 14
1798 24
1822 4
1826 94
1920 6
1926 15
1941 6
1947 21
1968 25
1993 34
2027 7
2034 50
2084 34
2118 8
2126 29
2155 5
2160 37
2197 29
2226 10
2236 26
2262 20
2282 1
2283 6
2290 60
2350 5
2355 10
2365 5
2370 38
2408 1
2409 14
2423 49
2472 28
2500 1
2501 8
2509 14
2523 24
2547 5
2552 2
2554 57
2611 3
2614 15
2629 35
2664 2
2666 1
2667 16
2683 1
2684 114
2798 3
2801 7
2808 27
2835 24
2859 13
2872 40
2912 23
2935 11
2946 27
2973 5
2978 20
2998 9
3007 29
3036 17
3053 18
3071 87
3158 19
3177 68
3245 3
3248 27
3275 2
3277 54
3331 8
3339 5
3344 15
3359 7
3366 21
3387 24
3411 3
3414 72
3486 51
3537 30
3567 5
3572 8
3580 54
3634 89
3723 118
3841 3
3844 24
3868 5
3874 12
3886 85
3971 8
3979 118
4097 21
4118 7
4125 35
4160 17
4177 38
4215 24
4239 20
4259 2
4261 97
4358 8
4366 10
4376 41
4417 22
4439 18
4457 38
4495 22
4517 29
4546 7
4553 85
4638 2
4640 18
4658 3
4661 32
4693 151
4844 14
4858 40
4898 85
4983 55
5038 38
5076 139
5215 37
5252 19
5271 84
5355 6
5361 34
5395 20
5415 58
5503 44
5547 51
5598 104
5702 110
5812 134
5946 20
5966 57
6023 163
6186 20
6206 131
6337 257
6594 150
6744 3
6747 35
6782 108
6890 22
6912 152
7064 23
7087 32
7119 33
7152 481
7633 129
7762 157
7919 1
7920 194
8114 199
8313 39
8352 22
8374 14
8388 8
8396 68
8464 89
8553 148
8701 137
8838 9
8847 612
9531 544
10075 451
10526 113
10639 1614
12253 65
12318 324
12642 840
13584 155
13739 61
13800 334
14134 98
14232 380
14612 149
14761 3064
17825 916
18741 3013
21754 1641
23395 9621
33016 1001
34017 25844
59861 22226
82087 6071
88158 894
89052 1668
90720 15260
105980 32898
138878 19915
158793 3472
162265 953
163218 1062
164280 5919
170199 2742
172941 4330
177271 3961
181232 3586
184818 6078
190896 8786
199682 1052
200734 16137
216871 34659
251530 467
251997 4673
256670 3441
260111 1443
261554 2398
263952 5687
269639 7022
276661 12541
289202 17812
307014 2392
309406 6133
315539 5035
320574 31
320605 2505
323110 3987
327097 13895
340992 4602
345594 16316
361910 6451
368361 5938
374299 8000
382299 4688
386987 4587
391574 3377
394951 16912
411863 1264
413127 1657
414784 1936
416720 42005
458725 6294
465019 4678
469697 255
469952 6667
476619 6146
482765 7756
490521 1596
492117 1836
493953 26166
520119 2733
522852 12383
535235 12872
548107 6291
554398 10706
565104 5421
570525 23580
594105 9844
603949 19879
623828 1390
625218 4587
629805 6476
636281 6703
642984 20267
663251 3871
667122 4142
671264 14060
685324 2894
688218 4576
692794 8154
700948 1225
702173 741
702914 8348
711262 3378
714640 1444
716084 6308
722392 5033
727425 747
728172 934
729106 3349
732455 3465
735920 211
736131 2141
738272 250
738522 15545
754067 1709
755776 451
756227 16454
772681 18523
791204 4981
796185 9785
805970 415
806385 6358
812743 24852
837595 1593
839188 8990
848178 2220
850398 10720
861118 1464
862582 28024
890606 2277
892883 5777
898660 28397
927057 2161
929218 1145
930363 22228
952591 11794
964385 7366
971751 16494
988245 19041
1007286 826
1008112 13863
1021975 21849
1043824 185
1044009 14078
1058087 1560
1059647 2103
1061750 10772
1072522 3250
1075772 8620
1084392 8582
1092974 7079
1100053 3867
1103920 293
1104213 7563
1111776 11119
1122895 4444
1127339 1519
1128858 2566
1131424 3441
1134865 4175
1139040 10648
1149688 1461
1151149 15765
1166914 16501
1183415 17314
1200729 6424
1207153 4153
1211306 6272
1217578 28037
1245615 8477
1254092 24385
1278477 1844
1280321 1555
1281876 2075
1283951 4423
1288374 19752
1308126 3793
1311919 12759
1324678 153
1324831 4205
1329036 2089
1331125 4959
1336084 3769
1339853 16339
1356192 36038
1392230 1400
1393630 10216
1403846 11991
1415837 8213
1424050 9219
1433269 577
1433846 3824
1437670 13241
1450911 4408
1455319 793
1456112 9104
1465216 15189
1480405 14102
1494507 706
1495213 3432
1498645 5803
1504448 13627
1518075 9433
1527508 147
1527655 29084
1556739 13353
1570092 1708
1571800 23193
1594993 1312
1596305 20534
1616839 9531
1626370 631
1627001 3860
1630861 10038
1640899 16162
1657061 38193
1695254 2738
1697992 1613
1699605 21911
1721516 29141
1750657 23027
1773684 5503
1779187 2896
1782083 29723
1811806 41891
1853697 18543
1872240 62
1872302 50387
1922689 29551
1952240 1946
1954186 4795
1958981 104
1959085 7447
1966532 28542
1995074 15303
2010377 10785
2021162 1086
2022248 8248
2030496 8681
2039177 14892
2054069 3492
2057561 7213
2064774 1789
2066563 22240
2088803 3014
2091817 48438
2140255 5663
2145918 12056
2157974 52884
2210858 2436
2213294 11713
2225007 524
2225531 27112
2252643 4998
2257641 267
2257908 893
2258801 11374
2270175 1356
2271531 57301
2328832 1543
2330375 14543
2344918 29568
2374486 31957
2406443 5431
2411874 51724
2463598 8891
2472489 31567
2504056 22879
2526935 39290
2566225 815
2567040 11160
2578200 39565
2617765 14336
2632101 71139
2703240 6356
2709596 25087
2734683 8543
2743226 19397
2762623 39237
2801860 5859
2807719 1136
2808855 13744
2822599 23287
2845886 78926
2924812 42336
2967148 1819
2968967 37992
3006959 1112
3008071 657
3008728 25395
3034123 1757
3035880 13231
3049111 954
3050065 86322
3136387 22808
3159195 7493
3166688 4493
3171181 11890
3183071 3859
3186930 50980
3237910 76618
3314528 26027
3340555 17924
3358479 6557
3365036 73953
3438989 17159
3456148 58317
3514465 35134
3549599 1902
3551501 12601
3564102 21888
3585990 48075
3634065 45105
3679170 26904
3706074 747
3706821 4875
3711696 17657
3729353 10349
3739702 41417
3781119 37830
3818949 23032
3841981 9972
3851953 8555
3860508 3968
3864476 4254
3868730 20585
3889315 11212
3900527 19850
3920377 26038
3946415 51692
3998107 2294
4000401 58429
4058830 38508
4097338 13668
4111006 57872
4168878 11317
4180195 20582
4200777 54615
4255392 4897
4260289 7248
4267537 40557
4308094 17661
4325755 23722
4349477 11941
4361418 5505
4366923 42184
4409107 68558
4477665 95110
4572775 36741
4609516 3713
4613229 28329
4641558 76685
4718243 16929
4735172 1118
4736290 44263
4780553 154076
4934629 35926
4970555 40521
5011076 6607
5017683 6315
5023998 40888
5064886 47438
5112324 3701
5116025 143745
5259770 300466
5560236 36514
5596750 64746
5661496 49947
5711443 66268
5777711 9314
5787025 246228
6033253 69944
6103197 147786
6250983 12293
6263276 12303
6275579 53860
6329439 91425
6420864 34494
6455358 28746
6484104 21498
6505602 39376
6544978 262102
6807080 162199
6969279 36943
7006222 50461
7056683 21659
7078342 80349
7158691 114388
7273079 100597
7373676 154565
7528241 181452
7709693 10046
7719739 3874
7723613 23542
7747155 98350
7845505 33564
7879069 51566
7930635 149031
8079666 535957
8615623 259634
8875257 313876
9189133 153327
9342460 110924
9453384 139556
9592940 972829
10565769 273413
10839182 187583
11026765 569862
11596627 155213
11751840 384335
12136175 170937
69 6
96 7
104 2
108 3
119 1
120 1
121 1
122 2
133 3
140 3
149 7
161 7
168 1
169 3
172 2
174 2
176 1
177 10
193 3
202 1
211 2
213 3
221 1
222 1
227 4
231 2
241 5
246 1
247 2
258 2
260 1
261 3
265 4
275 11
286 3
289 2
297 3
300 10
321 2
327 1
328 2
339 1
340 6
355 3
358 2
360 5
372 1
373 4
380 4
384 10
395 2
397 4
405 3
408 5
413 8
421 2
423 8
431 2
433 3
436 3
439 2
445 1
446 12
458 3
461 2
463 2
465 1
466 3
470 2
472 1
476 1
477 7
484 2
486 2
489 6
495 5
500 2
502 1
503 1
504 3
507 2
509 5
524 4
528 4
532 2
534 3
537 2
544 1
549 4
553 9
569 4
574 11
585 5
590 6
599 3
602 2
604 3
607 4
622 2
624 5
629 13
642 1
648 1
649 2
651 2
653 2
655 6
661 1
662 5
669 2
671 1
672 7
679 1
680 4
684 3
687 1
688 3
691 1
692 7
699 5
704 1
706 3
709 1
710 1
711 1
712 5
719 4
723 3
726 9
735 2
741 5
749 2
755 20
775 1
776 10
786 1
787 2
789 2
792 3
795 3
798 1
799 1
800 3
803 2
805 1
807 2
809 5
814 2
816 3
819 1
820 3
823 1
824 3
827 6
833 2
835 6
842 1
843 3
846 2
848 2
850 1
851 1
852 1
853 2
855 4
859 4
863 5
868 7
875 7
882 4
886 2
888 2
890 1
891 1
894 4
898 4
902 4
906 1
907 1
908 2
910 1
911 7
918 1
919 1
920 5
925 1
926 3
929 6
935 1
936 4
940 6
946 4
956 2
958 1
959 10
971 3
976 1
977 1
978 3
981 1
982 5
989 2
991 8
999 442
1441 4844
6285 1652
7937 2935
10872 10639
21511 3277
24788 2500
27288 1428
28716 3572
32288 1920
34208 204
34412 1926
36338 1011
37349 5812
43161 5
43166 4118
47284 354
47638 14232
61870 3331
65201 1114
66315 3036
69351 1469
70820 296
71116 4517
75633 4658
80291 3723
84014 2409
86423 5271
91694 8352
100046 13482
113528 6337
119865 3567
123432 3248
126680 6747
133427 149
133576 8838
142414 4177
146591 718
147309 5395
152704 2283
154987 76
155063 5355
160418 3844
164262 1075
165337 8396
173733 2801
176534 3
176537 4261
180798 6023
186821 331
187152 4693
191845 2835
194680 2289
196969 6744
203713 430
204143 1584
205727 2872
208599 792
209391 971
210362 4638
215000 144
215144 4457
219601 1482
221083 1993
223076 766
223842 1822
225664 2118
227782 1085
228867 2808
231675 1826
233501 4983
238484 6782
245266 7762
253028 14134
267162 2355
269517 8114
277631 1487
279118 1490
280608 3580
284188 13800
297988 2126
300114 4215
304329 1319
305648 5702
311350 5473
316823 2262
319085 12253
331338 1388
332726 2197
334923 1643
336566 989
337555 69
337624 159
337783 1181
338964 2946
341910 494
342404 6890
349294 405
349699 2523
352222 101
352323 405
352728 6912
359640 5415
365055 1101
366156 2084
368240 86
368326 2614
370940 2666
373606 1798
375404 7633
383037 30
383067 2973
386040 3007
389047 3979
393026 7064
400090 32
400122 1941
402063 4097
406160 7087
413247 1384
414631 4661
419292 5547
424839 593
425432 1529
426961 1587
428548 5361
433909 3411
437320 1076
438396 1206
439602 4417
444019 265
444284 3841
448125 10075
458200 608
458808 14761
473569 3971
477540 175
477715 13584
491299 2408
493707 953
494660 4358
499018 318
499336 1015
500351 27
500378 2034
502412 3486
505898 2365
508263 2684
510947 5503
516450 923
517373 862
518235 2160
520395 872
521267 515
521782 7119
528901 10526
539427 395
539822 2664
542486 2027
544513 91
544604 2552
547156 257
547413 7919
555332 1947
557279 603
557882 3177
561059 569
561628 4376
566004 4640
570644 7920
578564 2554
581118 3071
584189 2501
586690 1784
588474 1130
589604 2509
592113 2155
594268 1760
596028 9459
605487 1086
606573 4439
611012 3537
614549 1261
615810 3339
619149 4366
623515 2408
625923 1584
627507 730
628237 278
628515 437
628952 1173
630125 1075
631200 589
631789 84
631873 275
632148 569
632717 241
632958 622
633580 4239
637819 755
638574 5215
643789 945
644734 1428
646162 3868
650030 2798
652828 3387
656215 2998
659213 4858
664071 258
664329 706
665035 1471
666506 7152
673658 2236
675894 1517
677411 1647
679058 350
679408 801
680209 1452
681661 2423
684084 3275
687359 8464
695823 3158
698981 4495
703476 8374
711850 2226
714076 1155
715231 470
715701 2683
718384 2160
720544 703
721247 6594
727841 1486
729327 1224
730551 4898
735449 2978
738427 3344
741771 12642
754413 2370
756783 2290
759073 6186
765259 3053
768312 54
768366 77
768443 1564
770007 8701
778708 4553
783261 8847
792108 1180
793288 9531
802819 5038
807857 2629
810486 2912
813398 8313
821711 2611
824322 4259
828581 23395
851976 6206
858182 754
858936 240
859176 549
859725 4125
863850 337
864187 8388
872575 913
873488 3873
877361 13739
891100 744
891844 5076
896920 8553
905473 837
906310 2667
908977 5252
914229 1684
915913 409
916322 3886
920208 1635
921843 331
922174 1762
923936 716
924652 5966
930618 4160
934778 3359
938137 2547
940684 885
941569 4546
946115 1968
948083 3874
951957 2282
954239 660
954899 2859
957758 18741
976499 3414
979913 1173
981086 574
981660 3366
985026 3634
988660 79
988739 2350
991089 5598
996687 1664
998351 9189133
10187484 2967148
13154632 1437670
14592302 8079666
22671968 1424050
24096018 1773684
25869702 2709596
28579298 729106
29308404 2566225
31874629 7879069
39753698 2057561
41811259 1200729
43011988 163218
43175206 1336084
44511290 2472489
46983779 14612
46998391 1329036
48327427 5946
48333373 1995074
50328447 7719739
58048186 2472
58050658 11026765
69077423 2504056
71581479 2526935
74108414 1207153
75315567 2066563
77382130 3781119
81163249 2039177
83202426 1324831
84527257 636281
85163538 3183071
88346609 3034123
91380732 1922689
93303421 4000401
97303822 5560236
102864058 685324
103549382 8875257
112424639 2801860
115226499 1594993
116821492 711262
117532754 1283951
118816705 1616839
120433544 138878
120572422 7528241
128100663 1504448
129605111 1211306
130816417 12136175
142952592 988245
143940837 623828
144564665 3585990
148150655 7158691
155309346 3889315
159198661 172941
159371602 6103197
165474799 3365036
168839835 1278477
170118312 971751
171090063 1695254
172785317 413127
173198444 1092974
174291418 1527508
175818926 5116025
180934951 625218
181560169 3314528
184874697 700948
185575645 927057
186502702 2924812
189427514 754067
190181581 642984
190824565 1021975
191846540 2022248
193868788 1494507
195363295 469952
195833247 1128858
196962105 3564102
200526207 3456148
203982355 2010377
205992732 1640899
207633631 4267537
211901168 3551501
215452669 21754
215474423 594105
216068528 3245
216071773 6420864
222492637 492117
222984754 3006959
225991713 394951
226386664 1626370
228013034 320574
228333608 2328832
230662440 320605
230983045 629805
231612850 105980
231718830 837595
232556425 3711696
236268121 1596305
237864426 732455
238596881 256670
238853551 1131424
239984975 1008112
240993087 4572775
245565862 1456112
247021974 1007286
248029260 9453384
257482644 2258801
259741445 177271
259918716 1480405
261399121 1134865
262533986 1393630
263927616 522852
264450468 181232
264631700 1958981
266590681 4613229
271203910 216871
271420781 3166688
274587469 1697992
276285461 3900527
280185988 1699605
281885593 382299
282267892 368361
282636253 930363
283566616 1966532
285533148 1104213
286637361 1084392
287721753 1872302
289594055 17825
289611880 1111776
290723656 4180195
294903851 898660
295802511 5011076
300813587 3186930
304000517 184818
304185335 263952
304449287 3868730
308318017 1149688
309467705 2091817
311559522 12318
311571840 2030496
313602336 3514465
317116801 1122895
318239696 9592940
327832636 2822599
330655235 1657061
332312296 2617765
334930061 1392230
336322291 1455319
337777610 315539
338093149 458725
338551874 2807719
341359593 1750657
343110250 812743
343922993 5064886
348987879 3008071
351995950 2225531
354221481 251530
354473011 2632101
357105112 1324678
358429790 1954186
360383976 361910
360745886 3634065
364379951 4477665
368857616 702173
369559789 1103920
370663709 7709693
378373402 1630861
380004263 735920
380740183 520119
381260302 5711443
386971745 3171181
390142926 2703240
392846166 4735172
397581338 1058087
398639425 10565769
409205194 2762623
411967817 3998107
415965924 667122
416633046 2743226
419376272 2157974
421534246 3818949
425353195 2271531
427624726 482765
428107491 890606
428998097 2734683
431732780 269639
432002419 861118
432863537 490521
433354058 2252643
435606701 1872240
437478941 7845505
445324446 4349477
449673923 2411874
452085797 7273079
459358876 671264
460030140 1415837
461445977 1331125
462777102 2140255
464917357 2257641
467174998 3358479
470533477 4308094
474841571 554398
475395969 386987
475782956 2330375
478113331 1527655
479640986 170199
479811185 2406443
482217628 727425
482945053 4970555
487915608 1959085
489874693 1044009
490918702 251997
491170699 1853697
493024396 3729353
496753749 374299
497128048 2845886
499973934 2968967
502942901 465019
503407920 164280
503572200 4111006
507683206 2463598
510146804 261554
510408358 2088803
512497161 4736290
517233451 952591
518186042 5017683
523203725 469697
523673422 1952240
525625662 1059647
526685309 1465216
528150525 6484104
534634629 309406
534944035 1570092
536514127 411863
536925990 4200777
541126767 738272
541865039 548107
542413146 805970
543219116 2021162
545240278 33016
545273294 11596627
556869921 1627001
558496922 702914
559199836 756227
559956063 3841981
563798044 1311919
565109963 1498645
566608608 5596750
572205358 6250983
578456341 11751840
590208181 3237910
593446091 1254092
594700183 6329439
601029622 1100053
602129675 716084
602845759 6969279
609815038 2808855
612623893 4934629
617558522 3050065
620608587 1151149
621759736 1166914
622926650 6455358
629382008 3706074
633088082 7930635
641018717 4641558
645660275 1433269
647093544 3679170
650772714 345594
651118308 5661496
656779804 158793
656938597 327097
657265694 1061750
658327444 323110
658650554 3049111
661699665 1308126
663007791 4609516
667617307 2225007
669842314 1518075
671360389 3136387
674496776 839188
675335964 6275579
681611543 1072522
682684065 1217578
683901643 4260289
688161932 3008728
691170660 964385
692135045 3864476
695999521 850398
696849919 535235
697385154 1339853
698725007 6544978
705269985 289202
705559187 4325755
709884942 1281876
711166818 90720
711257538 416720
711674258 1403846
713078104 3438989
716517093 6807080
723324173 8615623
731939796 728172
732667968 603949
733271917 4097338
737369255 3549599
740918854 59861
740978715 3706821
744685536 1288374
745973910 736131
746710041 3946415
750656456 806385
751462841 738522
752201363 1127339
753328702 692794
754021496 1782083
755803579 4366923
760170502 688218
760858720 3920377
764779097 3035880
767814977 4255392
772070369 88158
772158527 162265
772320792 1556739
773877531 12307112
786184643 199682
786384325 82087
786466412 3159195
789625607 1779187
791404794 4718243
796123037 2054069
798177106 2578200
800755306 6263276
807018582 2374486
809393068 1450911
810843979 3340555
814184534 5777711
819962245 6505602
826467847 663251
827131098 493953
827625051 2213294
829838345 190896
830029241 10839182
840868423 200734
841069157 1495213
842564370 892883
843457253 2210858
845668111 7373676
853041787 340992
853382779 7723613
861106392 1571800
862678192 5787025
868465217 565104
869030321 1280321
870310642 1139040
871449682 2064774
873514456 714640
874229096 1356192
875585288 2257908
877843196 260111
878103307 7747155
885850462 5259770
891110232 2270175
893380407 9342460
902722867 1433846
904156713 570525
904727238 4409107
909136345 1811806
910948151 796185
911744336 7078342
918822678 755776
919578454 1075772
920654226 722392
921376618 4361418
925738036 4058830
929796866 3739702
933536568 34017
933570585 307014
933877599 5023998
938901597 4780553
943682150 4168878
947851028 1183415
949034443 1721516
950755959 5112324
955868283 1043824
956912107 2344918
959257025 276661
959533686 2567040
962100726 3860508
965961234 391574
966352808 1245615
967598423 929218
968527641 848178
969375819 89052
969464871 3851953
973316824 862582
974179406 6033253
980212659 791204
981003863 7056683
988060546 7006222
995066768 414784
995481552 772681
996254233 2145918
998400151 476619
