2954
1 1
2 2
4 1
5 2
7 2
5 9
1 14
15 2
17 4
17 7
24 2
26 4
30 4
34 1
35 2
37 2
39 1
40 1
39 24
63 1
63 4
67 1
68 1
68 7
69 14
75 21
96 7
103 1
104 2
106 2
106 5
75 39
108 9
117 2
119 1
120 1
121 1
122 2
122 5
127 2
129 4
129 7
136 2
138 1
139 1
139 4
143 5
148 1
149 7
156 1
157 4
161 7
168 1
168 4
172 2
174 2
176 1
172 15
176 14
176 17
187 9
193 9
202 1
203 1
204 7
211 2
211 5
216 5
221 1
222 1
223 1
223 4
227 4
231 2
233 4
233 7
240 1
241 5
246 1
247 2
249 7
256 2
258 2
260 1
260 4
264 1
265 4
261 14
269 17
275 14
289 2
291 5
296 1
296 4
296 14
310 4
314 7
321 2
323 4
327 1
328 2
330 7
337 1
338 1
339 1
339 7
346 4
350 5
337 21
358 2
360 5
365 7
372 1
373 4
373 7
380 4
380 14
394 1
395 2
397 4
401 4
401 7
408 5
397 24
421 2
405 26
431 2
431 5
413 26
439 2
441 4
445 1
441 17
446 15
461 2
463 2
465 1
465 4
469 1
470 2
472 1
472 4
476 1
477 7
484 2
486 2
488 1
488 7
495 5
500 2
502 1
503 1
503 4
507 2
509 5
509 15
524 4
528 4
532 2
532 5
537 2
539 5
544 1
545 4
549 4
553 9
553 15
568 1
569 4
573 1
568 17
585 5
562 34
590 9
585 17
602 2
602 5
607 4
607 15
622 2
624 5
607 35
642 1
643 5
648 1
649 2
651 2
653 2
624 37
661 1
662 5
667 2
669 2
671 1
672 7
679 1
680 4
680 7
687 1
687 4
691 1
692 7
699 5
704 1
705 1
705 4
709 1
710 1
711 1
712 5
717 1
718 1
719 4
719 7
726 9
735 2
737 1
737 4
741 5
746 1
747 2
749 2
749 5
754 1
754 21
775 1
751 35
786 1
787 2
789 2
791 1
791 4
791 7
798 1
799 1
799 4
803 2
805 1
806 1
807 2
809 5
814 2
814 5
819 1
819 4
823 1
823 4
824 9
833 2
827 14
841 1
842 1
842 4
846 2
848 2
850 1
851 1
852 1
853 2
855 4
859 4
863 5
868 7
875 7
882 4
886 2
888 2
890 1
891 1
892 2
894 4
898 4
902 4
906 1
907 1
908 2
910 1
911 7
918 1
919 1
920 5
925 1
925 4
926 9
935 1
936 4
929 17
946 4
935 21
956 2
958 1
935 34
969 2
969 5
974 2
976 1
977 1
977 4
981 1
982 5
987 2
989 2
982 17
978 463
1441 1441
2882 2882
514 5764
7 6278
1441 6285
211 7726
2882 7937
41 10819
9 10860
2 10869
1 10871
7937 10872
1441 18809
999 20250
261 21249
1 21510
2882 21511
395 24393
1441 24788
999 26229
41 27228
17 27269
2 27286
999 27288
423 28287
5 28710
1 28715
2882 28716
688 31598
2 32286
1441 32288
477 33729
2 34206
34208 204
1441 34412
484 35853
1 36337
999 36338
9 37337
2 37346
1 37348
5764 37349
41 43113
7 43154
43161 5
2882 43166
999 46048
237 47047
350 47284
4 47634
10872 47638
2882 58510
477 61392
1 61869
2882 61870
446 64752
2 65198
1 65200
999 65201
114 66200
1 66314
2882 66315
149 69197
5 69346
1441 69351
26 70792
2 70818
70820 296
2882 71116
1441 73998
193 75439
1 75632
2882 75633
1441 78515
330 79956
5 80286
2882 80291
841 83173
1441 84014
959 85455
9 86414
2882 86423
1441 89305
946 90746
2 91692
7937 91694
413 99631
2 100044
10872 100046
1441 110918
999 112359
169 113358
1 113527
6285 113528
41 119813
9 119854
2 119863
2882 119865
684 122747
1 123431
2882 123432
365 126314
1 126679
6285 126680
461 132965
1 133426
133427 149
7937 133576
898 141513
2 142411
1 142413
2882 142414
999 145296
296 146295
146591 718
2882 147309
1441 150191
999 151632
69 152631
4 152700
1441 152704
842 154145
154145 918
2882 155063
1441 157945
999 159386
30 160385
2 160415
1 160417
2882 160418
959 163300
2 164259
1 164261
999 164262
75 165261
1 165336
7937 165337
458 173274
1 173732
1441 173733
999 175174
360 176173
1 176533
176533 4
2882 176537
999 179419
380 180418
5764 180798
258 186562
1 186820
186562 590
2882 187152
1441 190034
365 191475
5 191840
1441 191845
999 193286
395 194285
1441 194680
848 196121
6285 196969
458 203254
1 203712
203712 431
1441 204143
143 205584
1441 205727
999 207168
431 208167
1 208598
208599 792
209391 971
2882 210362
1441 213244
314 214685
1 214999
143 215000
1 215143
2882 215144
1441 218026
133 219467
1 219600
1441 219601
41 221042
1441 221083
549 222524
2 223073
1 223075
755 223076
9 223831
2 223840
1441 223842
380 225283
1 225663
1441 225664
672 227105
5 227777
999 227782
83 228781
2 228864
1 228866
1441 228867
999 230308
365 231307
2 231672
1 231674
1441 231675
384 233116
1 233500
173732 64752
6285 238484
495 244769
2 245264
7726 245266
35 252992
1 253027
10872 253028
2882 263900
380 266782
1441 267162
911 268603
2 269514
1 269516
7937 269517
177 277454
1441 277631
41 279072
5 279113
1441 279118
41 280559
7 280600
1 280607
2882 280608
692 283490
5 284182
1 284187
231674 66314
1441 297988
684 299429
1 300113
2882 300114
999 302996
330 303995
4 304325
999 304329
314 305328
5 305642
1 305647
2882 305648
1441 308530
999 309971
380 310970
196969 119854
208167 110918
10872 319085
999 329957
380 330956
2 331336
999 331338
384 332337
5 332721
1441 332726
755 334167
1 334922
1441 334923
202 336364
336566 989
337555 69
157 337624
2 337781
999 337783
177 338782
5 338959
2882 338964
64 341846
489 341910
5 342399
6285 342404
604 348689
1 349293
349294 405
1441 349699
999 351140
83 352139
96 352222
5 352318
352323 405
6285 352728
624 359013
2 359637
1 359639
2882 359640
1441 362522
999 363963
83 364962
9 365045
1 365054
999 365055
96 366054
5 366150
1 366155
1441 366156
643 367597
83 368240
2 368323
1 368325
1441 368326
999 369767
174 370766
1441 370940
999 372381
224 373380
2 373604
1441 373606
355 375047
2 375402
6285 375404
999 381689
346 382688
2 383034
1 383036
383037 30
2882 383067
83 385949
7 386032
1 386039
2882 386040
124 388922
1 389046
2882 389047
999 391929
96 392928
2 393024
6285 393026
776 399311
2 400087
1 400089
400087 35
1441 400122
500 401563
214685 191475
6285 406160
800 412445
2 413245
999 413247
384 414246
1 414630
299429 119863
359639 65200
590 424839
2 425429
1 425431
1441 425432
83 426873
5 426956
1441 426961
143 428402
2 428545
1 428547
2882 428548
1441 431430
999 432871
39 433870
2882 433909
528 436791
1 437319
999 437320
75 438319
2 438394
999 438396
204 439395
2 439599
1 439601
2882 439602
1441 442484
83 443925
9 444008
2 444017
444019 265
2882 444284
959 447166
7937 448125
1441 456062
692 457503
5 458195
607 458200
1 458807
10872 458808
2882 469680
999 472562
7 473561
1 473568
2882 473569
999 476451
83 477450
7 477533
477450 265
10872 477715
1441 488587
999 490028
269 491027
2 491296
1 491298
1441 491299
959 492740
7 493699
1 493706
458807 35853
492740 6278
314 499018
4 499332
999 499336
15 500335
1 500350
26 500351
1 500377
1441 500378
590 501819
2 502409
1 502411
2882 502412
604 505294
1441 505898
920 507339
4 508259
1441 508263
999 509704
241 510703
2 510944
1 510946
2882 510947
1441 513829
999 515270
177 516269
4 516446
920 516450
2 517370
1 517372
517372 863
1441 518235
719 519676
868 520395
4 521263
514 521267
1 521781
352728 176173
7937 528901
1441 536838
999 538279
149 539278
539427 395
499332 43154
1441 542486
585 543927
1 544512
83 544513
7 544596
1 544603
1441 544604
999 546045
111 547044
1 547155
547155 258
544513 10819
1441 555332
504 556773
2 557277
602 557279
1 557881
2882 557882
291 560764
4 561055
561059 569
2882 561628
1441 564510
41 565951
9 565992
2 566001
1 566003
2882 566004
1441 568886
314 570327
2 570641
1 570643
7726 570644
193 578370
1 578563
1441 578564
999 580005
114 581004
2882 581118
187 584000
2 584187
1441 584189
999 585630
41 586629
17 586670
2 586687
1 586689
1441 586690
340 588131
2 588471
1 588473
999 588474
129 589473
2 589602
1441 589604
999 591045
69 592044
1441 592113
712 593554
2 594266
520395 75633
7937 596028
1441 603965
75 605406
5 605481
1 605486
999 605487
83 606486
4 606569
2882 606573
1441 609455
114 610896
2 611010
2882 611012
655 613894
999 614549
261 615548
1 615809
557279 61870
2882 619149
1441 622031
41 623472
2 623513
1441 623515
959 624956
7 625915
1 625922
1441 625923
143 627364
726 627507
4 628233
275 628237
2 628512
1 628514
628233 719
999 628952
174 629951
999 630125
75 631124
1 631199
631199 590
631124 749
631873 275
632148 569
632717 241
632958 622
2882 633580
999 636462
358 637461
637819 755
2882 638574
1441 641456
892 642897
940 643789
5 644729
999 644734
423 645733
5 646156
1 646161
2882 646162
982 649044
4 650026
1441 650030
999 651471
358 652470
2882 652828
504 655710
1 656214
2882 656215
114 659097
2 659211
2882 659213
1441 662095
534 663536
1 664070
664071 258
664329 706
1441 665035
30 666476
6285 666506
863 672791
4 673654
1441 673658
795 675099
1441 675894
75 677335
1 677410
1441 677411
204 678852
2 679056
679058 350
613894 66315
1441 680209
9 681650
2 681659
1441 681661
982 683102
383034 304325
7937 687359
524 695296
2 695820
1 695822
2882 695823
275 698705
1 698980
2882 698981
1441 701863
172 703304
7937 703476
436 711413
1 711849
1441 711850
776 713291
9 714067
650030 65201
715231 470
1441 715701
999 717142
241 718141
2 718382
1441 718384
719 719825
699 720544
4 721243
6285 721247
300 727532
9 727832
1441 727841
41 729282
4 729323
557277 173274
2882 730551
1441 733433
574 734874
1 735448
402063 336364
2882 738427
461 741309
1 741770
10872 741771
1441 752643
328 754084
1 754412
1441 754413
929 755854
1441 756783
848 758224
1 759072
5764 759073
421 764837
1 765258
2882 765259
169 768141
2 768310
41 768312
9 768353
4 768362
768310 133
1441 768443
122 769884
1 770006
7937 770007
755 777944
9 778699
2882 778708
1441 781590
227 783031
2 783258
1 783260
7937 783261
910 791198
999 792108
177 793107
4 793284
7937 793288
1441 801225
149 802666
4 802815
2882 802819
1441 805701
712 807142
2 807854
1 807856
783258 27228
2882 810486
30 813368
7937 813398
373 821335
2 821708
1 821710
1441 821711
999 823152
169 824151
2 824320
2882 824322
999 827204
377 828203
1 828580
21511 828581
1441 850092
441 851533
2 851974
5764 851976
441 857740
1 858181
858182 754
858936 240
859176 549
2882 859725
999 862607
241 863606
2 863847
1 863849
863850 337
7937 864187
446 872124
5 872570
872570 918
850092 27269
768353 122747
741 891100
2 891841
1 891843
2882 891844
1441 894726
751 896167
2 896918
7937 896920
611 904857
5 905468
905468 842
1441 906310
999 907751
227 908750
2882 908977
1441 911859
929 913300
1441 914229
241 915670
2 915911
408 915913
1 916321
872570 47638
1441 920208
193 921649
1 921842
330 921843
1 922173
557882 366054
712 923936
4 924648
754084 176534
2882 930618
999 933500
275 934499
4 934774
858181 79956
1441 938137
999 939578
106 940577
1 940683
940683 886
2882 941569
1441 944451
223 945892
1441 946115
524 947556
2 948080
1 948082
2882 948083
991 950965
1 951956
1441 951957
841 953398
655 954239
5 954894
544513 413245
10872 957758
7726 968630
143 976356
2882 976499
532 979381
999 979913
174 980912
981086 574
2882 981660
484 984542
2882 985026
751 987908
1 988659
913300 75439
770006 221083
2882 991089
1441 993971
999 995412
275 996411
1 996686
1441 996687
223 998128
998351 998351
1996702 1996702
3993404 3993404
1996702 7986808
203713 9983510
261 10187223
1996702 10187484
968630 12184186
1441 13152816
373 13154257
2 13154630
998351 13154632
438396 14152983
920 14591379
2 14592299
1 14592301
7986808 14592302
91694 22579110
999 22670804
161 22671803
4 22671964
998351 22671968
425432 23670319
265 24095751
2 24096016
998351 24096018
770007 25094369
2882 25864376
1441 25867258
999 25868699
4 25869698
1996702 25869702
711850 27866404
999 28578254
41 28579253
4 28579294
727841 28579298
999 29307139
265 29308138
1 29308403
1996702 29308404
568886 31305106
629 31873992
7 31874621
1 31874628
3993404 31874629
1996702 35868033
998351 37864735
877361 38863086
10872 39740447
1441 39751319
936 39752760
2 39753696
1996702 39753698
58510 41750400
1441 41808910
908 41810351
998351 41811259
196969 42809610
2882 43006579
1441 43009461
999 43010902
83 43011901
4 43011984
160418 43011988
1441 43172406
999 43173847
360 43174846
998351 43175206
337624 44173557
108 44511181
1 44511289
1996702 44511290
473569 46507992
1441 46981561
776 46983002
1 46983778
10872 46983779
2882 46994651
855 46997533
2 46998388
1 46998390
998351 46998391
329957 47996742
726 48326699
2 48327425
5764 48327427
177 48333191
5 48333368
998351 48333373
996687 49331724
35 50328411
1 50328446
3993404 50328447
1996702 54321851
998351 56318553
730551 57316904
726 58047455
5 58048181
1441 58048186
999 58049627
30 58050626
2 58050656
10187484 58050658
828581 68238142
7937 69066723
1441 69074660
999 69076101
323 69077100
1996702 69077423
507339 71074125
15 71581464
1996702 71581479
528901 73578181
999 74107082
330 74108081
2 74108411
1 74108413
998351 74108414
208599 75106765
203 75315364
1996702 75315567
69351 77312269
509 77381620
1 77382129
1996702 77382130
998351 79378832
783261 80377183
1441 81160444
999 81161885
365 81162884
1996702 81163249
37349 83159951
2882 83197300
1441 83200182
803 83201623
998351 83202426
319085 84200777
6285 84519862
999 84526147
111 84527146
633580 84527257
1441 85160837
999 85162278
261 85163277
1996702 85163538
998351 87160240
187152 88158591
863 88345743
2 88346606
1 88346608
1996702 88346609
998351 90343311
37349 91341662
1441 91379011
275 91380452
5 91380727
998351 91380732
923936 92379083
401 93303019
1 93303420
3993404 93303421
6285 97296825
712 97303110
3993404 97303822
998351 101297226
566004 102295577
1441 102861581
999 102863022
37 102864021
684084 102864058
999 103548142
241 103549141
7986808 103549382
877361 111536190
10872 112413551
216 112424423
1996702 112424639
802819 114421341
1441 115224160
898 115225601
998351 115226499
596028 116224850
611 116820878
2 116821489
1 116821491
703476 116821492
7726 117524968
41 117532694
17 117532735
2 117532752
998351 117532754
284188 118531105
999 118815293
413 118816292
998351 118816705
615810 119815056
1441 120430866
999 120432307
237 120433306
1 120433543
133576 120433544
2882 120567120
1441 120570002
978 120571443
1 120572421
3993404 120572422
1996702 124565826
998351 126562528
539427 127560879
355 128100306
2 128100661
998351 128100663
505898 129099014
196 129604912
2 129605108
1 129605110
998351 129605111
210362 130603462
1441 130813824
999 130815265
149 130816264
4 130816413
10187484 130816417
998351 141003901
948083 142002252
1441 142950335
816 142951776
987908 142952592
337 143940500
623515 143940837
310 144564352
2 144564662
1 144564664
1996702 144564665
998351 146561367
589604 147559718
999 148149322
330 148150321
4 148150651
3993404 148150655
1996702 152144059
998351 154140761
165337 155139112
2882 155304449
1441 155307331
574 155308772
1996702 155309346
998351 157306048
891844 158304399
1441 159196243
977 159197684
165337 159198661
6285 159363998
999 159370283
314 159371282
5 159371596
1 159371601
3993404 159371602
1996702 163365006
112359 165361708
726 165474067
5 165474793
1 165474798
1996702 165474799
998351 167471501
369767 168469852
216 168839619
998351 168839835
279118 169838186
999 170117304
9 170118303
968630 170118312
2882 171086942
237 171089824
2 171090061
998351 171090063
695823 172088414
999 172784237
75 172785236
5 172785311
1 172785316
412445 172785317
680 173197762
2 173198442
998351 173198444
91694 174196795
2882 174288489
41 174291371
5 174291412
1 174291417
998351 174291418
528901 175289769
256 175818670
3993404 175818926
998351 179812330
123432 180810681
835 180934113
2 180934948
1 180934950
624956 180934951
261 181559907
1 181560168
1996702 181560169
998351 183556871
319085 184555222
384 184874307
5 184874691
1 184874696
698981 184874697
1441 185573678
524 185575119
2 185575643
924652 185575645
1441 186500297
959 186501738
5 186502697
1996702 186502702
924652 188499404
2882 189424056
574 189426938
2 189427512
752643 189427514
999 190180157
423 190181156
2 190181579
642897 190181581
83 190824478
4 190824561
998351 190824565
21511 191822916
1441 191844427
672 191845868
1996702 191846540
24788 193843242
755 193868030
2 193868785
1 193868787
998351 193868788
494660 194867139
1441 195361799
41 195363240
14 195363281
469680 195363295
269 195832975
2 195833244
1 195833246
998351 195833247
126680 196831598
2882 196958278
940 196961160
5 196962100
1996702 196962105
998351 198958807
568886 199957158
161 200526044
2 200526205
1996702 200526207
998351 202522909
458808 203521260
1441 203980068
846 203981509
1996702 203982355
10872 205979057
1441 205989929
999 205991370
360 205992369
2 205992729
1 205992731
998351 205992732
641456 206991083
999 207632539
83 207633538
9 207633621
1 207633630
3993404 207633631
269517 211627035
2882 211896552
1441 211899434
291 211900875
2 211901166
1996702 211901168
998351 213897870
555332 214896221
999 215451553
117 215452552
21511 215452669
241 215474180
2 215474421
593554 215474423
549 216067977
2 216068526
2882 216068528
360 216071410
2 216071770
1 216071772
3993404 216071773
1996702 220065177
428548 222061879
1441 222490427
755 222491868
14 222492623
491299 222492637
816 222983936
2 222984752
1996702 222984754
998351 224981456
10872 225979807
999 225990679
35 225991678
393026 225991713
1441 226384739
484 226386180
998351 226386664
627507 227385015
509 228012522
2 228013031
1 228013033
319085 228013034
1441 228332119
41 228333560
7 228333601
1996702 228333608
331338 230330310
792 230661648
319085 230662440
1441 230981525
75 230982966
4 230983041
628952 230983045
853 231611997
100046 231612850
5764 231712896
169 231718660
1 231718829
828581 231718830
7937 232547411
999 232555348
75 232556347
2 232556422
1 232556424
1996702 232556425
998351 234553127
715701 235551478
940 236267179
2 236268119
998351 236268121
596028 237266472
1441 237862500
484 237863941
1 237864425
730551 237864426
1441 238594977
463 238596418
253028 238596881
2882 238849909
755 238852791
5 238853546
998351 238853551
132965 239851902
108 239984867
998351 239984975
7937 240983326
1441 240991263
380 240992704
2 240993084
1 240993086
3993404 240993087
578564 244986491
807 245565055
998351 245565862
457503 246564213
258 247021716
998351 247021974
7937 248020325
991 248028262
7 248029253
7986808 248029260
998351 256016068
458808 257014419
7937 257473227
1441 257481164
39 257482605
1996702 257482644
253028 259479346
7937 259732374
999 259740311
133 259741310
2 259741443
176537 259741445
726 259917982
7 259918708
1 259918715
998351 259918716
477715 260917067
2882 261394782
1441 261397664
15 261399105
1 261399120
998351 261399121
133576 262397472
2882 262531048
41 262533930
15 262533971
998351 262533986
393026 263532337
1441 263925363
809 263926804
2 263927613
1 263927615
521782 263927616
999 264449398
69 264450397
2 264450466
180798 264450468
433 264631266
1 264631699
998351 264631700
957758 265630051
1441 266587809
999 266589250
431 266590249
1 266590680
3993404 266590681
619149 270584085
672 271203234
4 271203906
215144 271203910
1441 271419054
286 271420495
1996702 271420781
998351 273417483
165337 274415834
6285 274581171
9 274587456
4 274587465
998351 274587469
698981 275585820
655 276284801
5 276285456
1996702 276285461
998351 278282163
905473 279280514
1 280185987
998351 280185988
698981 281184339
1441 281883320
827 281884761
5 281885588
381689 281885593
607 282267282
2 282267889
1 282267891
368326 282267892
35 282636218
924652 282636253
2882 283560905
1441 283563787
999 283565228
384 283566227
5 283566611
998351 283566616
957758 284564967
7937 285522725
1441 285530662
999 285532103
41 285533102
5 285533143
998351 285533148
100046 286531499
5764 286631545
41 286637309
9 286637350
2 286637359
998351 286637361
85455 287635712
585 287721167
1 287721752
998351 287721753
873488 288720104
463 289593592
10872 289594055
6285 289604927
667 289611212
1 289611879
998351 289611880
113358 290610231
67 290723589
3993404 290723656
186562 294717060
227 294903622
2 294903849
896920 294903851
1441 295800771
297 295802212
2 295802509
3993404 295802511
998351 299795915
18809 300794266
509 300813075
2 300813584
1 300813586
1996702 300813587
998351 302810289
191845 303808640
30 304000485
2 304000515
180798 304000517
2882 304181315
999 304184197
139 304185196
263900 304185335
41 304449235
9 304449276
2 304449285
1996702 304449287
998351 306445989
873488 307444340
187 308317828
2 308318015
998351 308318017
150191 309316368
999 309466559
143 309467558
4 309467701
1996702 309467705
91694 311464407
2882 311556101
539 311558983
10872 311559522
1441 311570394
5 311571835
1996702 311571840
33729 313568542
64 313602271
1 313602335
1996702 313602336
998351 315599038
518235 316597389
999 317115624
177 317116623
1 317116800
998351 317116801
123432 318115152
999 318238584
111 318239583
2 318239694
7986808 318239696
998351 326226504
606573 327224855
999 327831428
204 327832427
5 327832631
1996702 327832636
824322 329829338
1441 330653660
133 330655101
1 330655234
998351 330655235
656215 331653586
1441 332309801
999 332311242
41 332312241
14 332312282
1996702 332312296
619149 334308998
1441 334928147
473 334929588
998351 334930061
393026 335928412
853 336321438
998351 336322291
456062 337320642
906 337776704
311350 337777610
2882 338088960
999 338091842
300 338092841
7 338093141
1 338093148
458200 338093149
524 338551349
1 338551873
1996702 338551874
810486 340548576
528 341359062
2 341359590
1 341359592
998351 341359593
741771 342357944
7937 343099715
1441 343107652
999 343109093
157 343110092
1 343110249
810486 343110250
1441 343920736
816 343922177
3993404 343922993
998351 347916397
71116 348914748
1441 348985864
574 348987305
1996702 348987879
998351 350984581
10872 351982932
1441 351993804
705 351995245
1996702 351995950
228781 353992652
41 354221433
7 354221474
245266 354221481
5764 354466747
500 354472511
1996702 354473011
633580 356469713
1441 357103293
377 357104734
1 357105111
998351 357105112
319085 358103463
6285 358422548
956 358428833
1 358429789
998351 358429790
954899 359428141
936 360383040
359640 360383976
1441 360743616
827 360745057
2 360745884
1996702 360745886
998351 362742588
638574 363740939
436 364379513
2 364379949
3993404 364379951
477715 368373355
6285 368851070
261 368857355
701863 368857616
310 369559479
998351 369559789
100046 370558140
2882 370658186
1441 370661068
999 370662509
196 370663508
5 370663704
3993404 370663709
1996702 374657113
998351 376653815
720544 377652166
692 378372710
998351 378373402
632148 379371753
360 380003901
2 380004261
735449 380004263
470 380739712
1 380740182
519676 380740183
441 381259859
2 381260300
3993404 381260302
998351 385253706
718384 386252057
999 386970441
300 386971440
5 386971740
1996702 386971745
998351 388968447
175174 389966798
950 390141972
4 390142922
1996702 390142926
703476 392139628
2882 392843104
177 392845986
2 392846163
1 392846165
3993404 392846166
741309 396839570
458 397580879
1 397581337
998351 397581338
58510 398579689
999 398638199
227 398639198
10187484 398639425
375404 408826909
1441 409202313
999 409203754
441 409204753
1996702 409205194
765259 411201896
662 411967155
3993404 411967817
2882 415961221
1441 415964103
380 415965544
666506 415965924
611 416632430
5 416633041
1996702 416633046
741771 418629748
2882 419371519
1441 419374401
423 419375842
7 419376265
1996702 419376272
160418 421372974
853 421533392
1 421534245
1996702 421534246
998351 423530948
823152 424529299
741 425352451
2 425353192
1 425353194
1996702 425353195
269517 427349897
2882 427619414
1441 427622296
989 427623737
477715 427624726
2882 428102441
1441 428105323
726 428106764
1 428107490
877361 428107491
10872 428984852
1441 428995724
929 428997165
2 428998094
1 428998096
1996702 428998097
735449 430994799
1441 431730248
999 431731689
83 431732688
9 431732771
269517 431732780
122 432002297
859725 432002419
999 432862144
394 432863143
490028 432863537
489 433353565
4 433354054
1996702 433354058
253028 435350760
2882 435603788
30 435606670
1 435606700
998351 435606701
873488 436605052
401 437478540
3993404 437478941
1996702 441472345
998351 443469047
851976 444467398
2882 445319374
1441 445322256
749 445323697
3993404 445324446
352728 449317850
2882 449670578
463 449673460
1996702 449673923
414631 451670625
539 452085256
2 452085795
3993404 452085797
1996702 456079201
998351 458075903
284188 459074254
433 459358442
1 459358875
666506 459358876
2882 460025382
1441 460028264
433 460029705
2 460030138
998351 460030140
414631 461028491
1441 461443122
999 461444563
413 461445562
2 461445975
998351 461445977
332726 462444328
41 462777054
7 462777095
1996702 462777102
142414 464773804
999 464916218
140 464917217
1996702 464917357
253028 466914059
7726 467167087
177 467174813
7 467174990
1 467174997
1996702 467174998
998351 469171700
362522 470170051
902 470532573
2 470533475
3993404 470533477
311350 474526881
2882 474838231
458 474841113
547413 474841571
6285 475388984
699 475395269
1 475395968
386040 475395969
946 475782009
1 475782955
1996702 475782956
332726 477779658
946 478112384
1 478113330
998351 478113331
528901 479111682
401 479640583
2 479640984
165337 479640986
2882 479806323
1441 479809205
539 479810646
1996702 479811185
406160 481807887
2882 482214047
699 482216929
721247 482217628
5764 482938875
413 482944639
1 482945052
3993404 482945053
976499 486938457
651 487914956
1 487915607
998351 487915608
957758 488913959
2882 489871717
83 489874599
9 489874682
2 489874691
998351 489874693
43166 490873044
1441 490916210
999 490917651
41 490918650
9 490918691
2 490918700
245266 490918702
6285 491163968
446 491170253
998351 491170699
851976 492169050
2882 493021026
488 493023908
1996702 493024396
998351 495021098
733433 496019449
863 496752882
4 496753745
373606 496753749
692 497127355
1 497128047
1996702 497128048
828581 499124750
20250 499953331
350 499973581
2 499973931
1 499973933
1996702 499973934
968630 501970636
2882 502939266
751 502942148
2 502942899
458808 502942901
5764 503401709
446 503407473
1 503407919
164262 503407920
17 503572182
1 503572199
3993404 503572200
113528 507565604
2882 507679132
999 507682014
193 507683013
1996702 507683206
458808 509679908
7937 510138716
149 510146653
2 510146802
253028 510146804
7937 510399832
585 510407769
4 510408354
1996702 510408358
91694 512405060
405 512496754
2 512497159
3993404 512497161
741771 516490565
999 517232336
114 517233335
2 517233449
951957 517233451
629 518185408
5 518186037
3993404 518186042
998351 522179446
24788 523177797
999 523202585
140 523203584
1 523203724
469680 523203725
17 523673405
998351 523673422
953398 524671773
489 525625171
2 525625660
998351 525625662
58510 526624013
1441 526682523
999 526683964
346 526684963
998351 526685309
458808 527683660
7937 528142468
120 528150405
3993404 528150525
1996702 532143929
493707 534140631
291 534634338
308530 534634629
875 534943159
1 534944034
998351 534944035
570644 535942386
999 536513030
96 536514029
2 536514125
406160 536514127
2882 536920287
1441 536923169
999 536924610
380 536925609
1 536925989
3993404 536925990
207168 540919394
204 541126562
1 541126766
735449 541126767
1441 541862216
999 541863657
380 541864656
2 541865036
1 541865038
547413 541865039
692 542412452
2 542413144
805701 542413146
269 543218847
1996702 543219116
24393 545215818
67 545240211
32288 545240278
726 545272566
2 545273292
10187484 545273294
998351 555460778
406160 556459129
2882 556865289
1441 556868171
300 556869612
9 556869912
998351 556869921
628515 557868272
133 558496787
2 558496920
701863 558496922
999 559198785
41 559199784
9 559199825
2 559199834
755854 559199836
373 559955690
1996702 559956063
998351 561952765
828581 562951116
10872 563779697
6285 563790569
999 563796854
190 563797853
1 563798043
998351 563798044
311350 564796395
1441 565107745
776 565109186
1 565109962
998351 565109963
499336 566108314
958 566607650
3993404 566608608
998351 570602012
603965 571600363
999 572204328
30 572205327
1 572205357
3993404 572205358
1996702 576198762
253028 578195464
7726 578448492
122 578456218
1 578456340
10187484 578456341
998351 588643825
566004 589642176
1 590208180
1996702 590208181
998351 592204883
238484 593203234
2882 593441718
1441 593444600
41 593446041
9 593446082
998351 593446091
253028 594444442
1441 594697470
999 594698911
269 594699910
4 594700179
3993404 594700183
1996702 598693587
338964 600690289
365 601029253
4 601029618
998351 601029622
100046 602027973
1441 602128019
213 602129460
2 602129673
715701 602129675
380 602845376
2 602845756
1 602845758
3993404 602845759
1996702 606839163
976499 608835865
1441 609812364
999 609813805
233 609814804
1 609815037
1996702 609815038
810486 611811740
1441 612622226
224 612623667
2 612623891
3993404 612623893
940684 616617297
539 617557981
2 617558520
1996702 617558522
998351 619555224
47638 620553575
6285 620601213
999 620607498
83 620608497
7 620608580
998351 620608587
152704 621606938
83 621759642
9 621759725
2 621759734
998351 621759736
165337 622758087
2882 622923424
340 622926306
4 622926646
3993404 622926650
1996702 626920054
458808 628916756
6285 629375564
157 629381849
2 629382006
1996702 629382008
998351 631378710
703476 632377061
6285 633080537
999 633086822
261 633087821
3993404 633088082
1996702 637081486
998351 639078188
941569 640076539
607 641018108
2 641018715
3993404 641018717
646162 645012121
1441 645658283
549 645659724
2 645660273
998351 645660275
433909 646658626
999 647092535
9 647093534
1 647093543
1996702 647093544
998351 649090246
684084 650088597
30 650772681
2 650772711
1 650772713
342404 650772714
2882 651115118
300 651118000
7 651118300
1 651118307
3993404 651118308
998351 655111712
666506 656110063
2882 656776569
350 656779451
2 656779801
1 656779803
157945 656779804
848 656937749
319085 656938597
7937 657257682
75 657265619
998351 657265694
61870 658264045
1441 658325915
83 658327356
5 658327439
319085 658327444
2882 658646529
999 658649411
143 658650410
1 658650553
1996702 658650554
998351 660647256
47638 661645607
6285 661693245
133 661699530
2 661699663
998351 661699665
308530 662698016
999 663006546
246 663007545
3993404 663007791
615810 667001195
300 667617005
2 667617305
1996702 667617307
227782 669614009
514 669841791
9 669842305
998351 669842314
519676 670840665
41 671360341
7 671360382
1996702 671360389
998351 673357091
133576 674355442
7726 674489018
30 674496744
2 674496774
828581 674496776
7937 675325357
1441 675333294
999 675334735
227 675335734
2 675335961
1 675335963
3993404 675335964
1996702 679329368
284188 681326070
999 681610258
286 681611257
998351 681611543
73998 682609894
172 682683892
1 682684064
998351 682684065
218026 683682416
999 683900442
202 683901441
3993404 683901643
266782 687895047
103 688161829
1996702 688161932
998351 690158634
10872 691156985
1441 691167857
999 691169298
360 691170297
2 691170657
1 691170659
957758 691170660
6285 692128418
340 692134703
2 692135043
1996702 692135045
998351 694131747
864187 695130098
2882 695994285
1441 695997167
911 695998608
2 695999519
850092 695999521
300 696849613
5 696849913
1 696849918
528901 696849919
6285 697378820
41 697385105
7 697385146
1 697385153
998351 697385154
338964 698383505
1441 698722469
999 698723910
96 698724909
2 698725005
3993404 698725007
1996702 702718411
547413 704715113
6285 705262526
999 705268811
174 705269810
1 705269984
284188 705269985
2882 705554173
1441 705557055
691 705558496
3993404 705559187
332337 709552591
14 709884928
998351 709884942
283490 710883293
35 711166783
89305 711166818
999 711256123
413 711257122
2 711257535
1 711257537
414631 711257538
1441 711672169
648 711673610
998351 711674258
402063 712672609
2882 713074672
549 713077554
1 713078103
1996702 713078104
998351 715074806
443925 716073157
9 716517082
2 716517091
3993404 716517093
1996702 720510497
813398 722507199
2882 723320597
692 723323479
2 723324171
7986808 723324173
628515 731310981
300 731939496
727841 731939796
330 732667637
1 732667967
596028 732667968
7726 733263996
193 733271722
2 733271915
3993404 733271917
100046 737265321
2882 737365367
999 737368249
7 737369248
1996702 737369255
998351 739365957
547413 740364308
6285 740911721
848 740918006
58510 740918854
999 740977364
350 740978363
2 740978713
1996702 740978715
998351 742975417
711413 743973768
355 744685181
998351 744685536
284188 745683887
5764 745968075
69 745973839
2 745973908
735449 745973910
680 746709359
2 746710039
1996702 746710041
998351 748706743
950965 749705094
397 750656059
805701 750656456
684 751462157
738427 751462841
83 752201268
9 752201351
2 752201360
1 752201362
998351 752201363
126680 753199714
1441 753326394
863 753327835
4 753328698
687359 753328702
2882 754016061
1441 754018943
999 754020384
111 754021383
2 754021494
998351 754021496
783261 755019847
470 755803108
1 755803578
3993404 755803579
373380 759796983
139 760170363
687359 760170502
859 760857861
1996702 760858720
998351 762855422
924652 763853773
672 764778425
1996702 764779097
998351 766775799
37349 767774150
2882 767811499
596 767814381
3993404 767814977
253028 771808381
7937 772061409
999 772069346
24 772070345
86423 772070369
1441 772156792
291 772158233
2 772158524
1 772158526
160418 772158527
1441 772318945
405 772320386
1 772320791
998351 772320792
557882 773319143
504 773877025
2 773877529
12184186 773877531
122747 786061717
177 786184464
2 786184641
196969 786184643
1441 786381612
999 786383053
269 786384052
4 786384321
80291 786384325
1441 786464616
355 786466057
1996702 786466412
998351 788463114
163300 789461465
842 789624765
998351 789625607
778708 790623958
1441 791402666
687 791404107
3993404 791404794
721247 795398198
2882 796119445
710 796122327
1996702 796123037
47638 798119739
7937 798167377
1441 798175314
350 798176755
1 798177105
1996702 798177106
581118 800173808
380 800754926
3993404 800755306
1996702 804748710
269517 806745412
2882 807014929
755 807017811
15 807018566
1 807018581
1996702 807018582
375404 809015284
1441 809390688
936 809392129
2 809393065
1 809393067
998351 809393068
448125 810391419
2882 810839544
1441 810842426
111 810843867
1 810843978
1996702 810843979
998351 812840681
342404 813839032
2882 814181436
216 814184318
3993404 814184534
998351 818177938
783261 819176289
1441 819959550
999 819960991
249 819961990
5 819962239
1 819962244
3993404 819962245
1996702 823955649
515270 825952351
224 826467621
2 826467845
662095 826467847
999 827129942
157 827130941
493707 827131098
246 827624805
1996702 827625051
215144 829621753
1441 829836897
7 829838338
190034 829838345
859 830028379
2 830029238
1 830029240
10187484 830029241
651471 840216725
227 840868196
196969 840868423
2882 841065392
882 841068274
1 841069156
998351 841069157
494660 842067508
1441 842562168
755 842563609
5 842564364
1 842564369
891844 842564370
999 843456214
40 843457213
1996702 843457253
213244 845453955
911 845667199
1 845668110
3993404 845668111
1996702 849661515
998351 851658217
383067 852656568
1441 853039635
711 853041076
338964 853041787
1441 853380751
585 853382192
2 853382777
3993404 853382779
1996702 857376183
998351 859372885
734874 860371236
275 861106110
7 861106385
998351 861106392
570644 862104743
1441 862675387
999 862676828
365 862677827
3993404 862678192
998351 866671596
793288 867669947
1441 868463235
539 868464676
2 868465215
564510 868465217
590 869029727
4 869030317
998351 869030321
280608 870028672
999 870309280
360 870310279
2 870310639
1 870310641
998351 870310642
133576 871308993
6285 871442569
827 871448854
1 871449681
1996702 871449682
66315 873446384
1441 873512699
314 873514140
2 873514454
714076 873514456
562 874228532
2 874229094
998351 874229096
352728 875227447
2882 875580175
1441 875583057
789 875584498
1 875585287
1996702 875585288
253028 877581990
7937 877835018
241 877842955
253028 877843196
6285 878096224
798 878102509
3993404 878103307
1996702 882096711
998351 884093413
758224 885091764
473 885849988
1 885850461
3993404 885850462
998351 889843866
267162 890842217
853 891109379
1996702 891110232
269517 893106934
2882 893376451
999 893379333
75 893380332
7986808 893380407
998351 901367215
352728 902365566
2882 902718294
1441 902721176
249 902722617
1 902722866
998351 902722867
433909 903721218
1441 904155127
143 904156568
2 904156711
570327 904156713
196 904727040
2 904727236
3993404 904727238
414631 908720642
999 909135273
69 909136272
4 909136341
998351 909136345
813398 910134696
41 910948094
15 910948135
1 910948150
793288 910948151
2882 911741439
15 911744321
3993404 911744336
1996702 915737740
998351 917734442
89305 918732793
574 918822098
5 918822672
1 918822677
754413 918822678
999 919577091
360 919578090
4 919578450
998351 919578454
75633 920576805
1441 920652438
346 920653879
1 920654225
721247 920654226
999 921375473
143 921376472
2 921376615
1 921376617
3993404 921376618
367597 925370022
413 925737619
4 925738032
3993404 925738036
65201 929731440
224 929796641
1 929796865
1996702 929796866
998351 931793568
741771 932791919
1441 933533690
999 933535131
436 933536130
2 933536566
33729 933536568
286 933570297
2 933570583
305648 933570585
999 933876233
365 933877232
2 933877597
3993404 933877599
998351 937871003
31598 938869354
643 938900952
2 938901595
3993404 938901597
783261 942895001
2882 943678262
999 943681144
7 943682143
3993404 943682150
175174 947675554
300 947850728
998351 947851028
180798 948849379
2882 949030177
999 949033059
384 949034058
1 949034442
998351 949034443
721247 950032794
1441 950754041
477 950755482
3993404 950755959
998351 954749363
119865 955747714
704 955867579
998351 955868283
43166 956866634
1441 956909800
863 956911241
2 956912104
1 956912106
1996702 956912107
342404 958908809
5764 959251213
41 959256977
7 959257018
269517 959257025
6285 959526542
859 959532827
1996702 959533686
570327 961530388
9 962100715
2 962100724
1996702 962100726
998351 964097428
864187 965095779
999 965959966
269 965960965
389047 965961234
1441 966350281
999 966351722
83 966352721
4 966352804
998351 966352808
245266 967351159
1441 967596425
553 967597866
4 967598419
924652 967598423
2882 968523075
1441 968525957
241 968527398
2 968527639
828581 968527641
18809 969356222
787 969375031
1 969375818
86423 969375819
1441 969462242
999 969463683
187 969464682
2 969464869
1996702 969464871
998351 971461573
851976 972459924
2882 973311900
1441 973314782
599 973316223
2 973316822
859725 973316824
1441 974176549
999 974177990
413 974178989
4 974179402
3993404 974179406
1996702 978172810
43113 980169512
34 980212625
791198 980212659
5 981003857
1 981003862
3993404 981003863
1996702 984997267
998351 986993969
66315 987992320
1441 988058635
470 988060076
3993404 988060546
1996702 992053950
998351 994050652
10872 995049003
6285 995059875
607 995066160
1 995066767
414631 995066768
149 995481399
4 995481548
770007 995481552
1441 996251559
999 996253000
233 996253999
1 996254232
1996702 996254233
147309 998250935
1441 998398244
466 998399685
476451 998400151
168 998876602
