5172 
1 1 
2 1 
3 2 
5 3 
8 2 
10 10 
20 3 
23 1 
24 2 
26 5 
31 1 
32 20 
52 24 
76 32 
108 10 
118 5 
123 1 
124 52 
176 124 
300 10 
310 5 
315 1 
316 26 
342 32 
374 2 
376 300 
676 176 
852 376 
1228 52 
1280 5 
1285 1 
1286 316 
1602 852 
2454 1602 
4056 376 
4432 376 
4808 76 
4884 24 
4908 1286 
6194 316 
6510 2 
6512 852 
7364 374 
7738 4056 
11794 1602 
13396 376 
13772 124 
13896 32 
13928 3 
13931 1 
13932 10 
13942 7738 
21680 310 
21990 4432 
26422 32 
26454 2454 
28908 6512 
35420 1 
35421 124 
35545 3 
35548 4808 
40356 8 
40364 13942 
54306 7364 
61670 316 
61986 10 
61996 7738 
69734 6194 
75928 69734 
145662 1228 
146890 11794 
158684 852 
159536 52 
159588 5 
159593 1 
159594 35420 
195014 26422 
221436 342 
221778 4056 
225834 32 
225866 2 
225868 40364 
266232 4432 
270664 176 
270840 76 
270916 26 
270942 26454 
297396 310 
297706 159594 
457300 13942 
471242 376 
471618 124 
471742 32 
471774 5 
471779 1 
471780 4908 
476688 40364 
517052 13942 
530994 159594 
690588 7364 
697952 124 
698076 32 
698108 10 
698118 5 
698123 1 
698124 13942 
712066 146890 
858956 21990 
880946 270942 
1151888 13942 
1165830 4056 
1169886 10 
1169896 8 
1169904 124 
1170028 852 
1170880 176 
1171056 76 
1171132 26 
1171158 11794 
1182952 75928 
1258880 54306 
1313186 2454 
1315640 852 
1316492 316 
1316808 10 
1316818 2 
1316820 108 
1316928 75928 
1392856 26454 
1419310 1602 
1420912 376 
1421288 176 
1421464 32 
1421496 5 
1421501 1 
1421502 712066 
2133568 40364 
2173932 1602 
2175534 176 
2175710 52 
2175762 10 
2175772 3 
2175775 1 
2175776 530994 
2706770 108 
2706878 4056 
2710934 1316820 
4027754 1421502 
5449256 35420 
5484676 2710934 
8195610 1258880 
9454490 40364 
9494854 13396 
9508250 124 
9508374 1421502 
10929876 297706 
11227582 75928 
11303510 40364 
11343874 11794 
11355668 376 
11356044 176 
11356220 76 
11356296 517052 
11873348 35421 
11908769 28908 
11937677 4908 
11942585 376 
11942961 118 
11943079 3 
11943082 676 
11943758 1421502 
13365260 297706 
13662966 75928 
13738894 40364 
13779258 7738 
13786996 2454 
13789450 1286 
13790736 176 
13790912 76 
13790988 10 
13790998 5 
13791003 1 
13791004 342 
13791346 530994 
14322340 75928 
14398268 28908 
14427176 4908 
14432084 1228 
14433312 24 
14433336 4027754 
18461090 530994 
18992084 21990 
19014074 2454 
19016528 176 
19016704 32 
19016736 10 
19016746 2 
19016748 4027754 
23044502 159594 
23204096 21990 
23226086 2454 
23228540 852 
23229392 176 
23229568 76 
23229644 69734 
23299378 9508374 
32807752 8195610 
41003362 1182952 
42186314 54306 
42240620 4908 
42245528 852 
42246380 10 
42246390 2 
42246392 13791004 
56037396 11873348 
67910744 4056 
67914800 1228 
67916028 146890 
68062918 7364 
68070282 52 
68070334 3 
68070337 1 
68070338 75928 
68146266 35548 
68181814 2454 
68184268 1286 
68185554 176 
68185730 10 
68185740 2 
68185742 1421502 
69607244 146890 
69754134 4432 
69758566 76 
69758642 24 
69758666 880946 
70639612 13396 
70653008 176 
70653184 10 
70653194 2 
70653196 9454490 
80107686 13942 
80121628 6512 
80128140 676 
80128816 8 
80128824 13662966 
93791790 54306 
93846096 2454 
93848550 1286 
93849836 176 
93850012 76 
93850088 5 
93850093 1 
93850094 4027754 
97877848 2706878 
100584726 1228 
100585954 52 
100586006 858956 
101444962 21680 
101466642 176 
101466818 76 
101466894 5 
101466899 1 
101466900 225868 
101692768 21990 
101714758 2454 
101717212 32 
101717244 880946 
102598190 35548 
102633738 2454 
102636192 376 
102636568 176 
102636744 52 
102636796 8 
102636804 4432 
102641236 225868 
102867104 21990 
102889094 2454 
102891548 32 
102891580 1421502 
104313082 270942 
104584024 21990 
104606014 2454 
104608468 852 
104609320 316 
104609636 10 
104609646 5 
104609651 1 
104609652 2710934 
107320586 880946 
108201532 159594 
108361126 13942 
108375068 852 
108375920 316 
108376236 20 
108376256 476688 
108852944 1228 
108854172 26 
108854198 2710934 
111565132 712066 
112277198 75928 
112353126 40364 
112393490 6194 
112399684 176 
112399860 76 
112399936 10 
112399946 8 
112399954 880946 
113280900 75928 
113356828 13942 
113370770 4884 
113375654 10 
113375664 5 
113375669 698124 
114073793 712066 
114785859 40364 
114826223 7738 
114833961 1286 
114835247 76 
114835323 10 
114835333 5 
114835338 145662 
114981000 28908 
115009908 2175776 
117185684 476688 
117662372 28908 
117691280 376 
117691656 176 
117691832 76 
117691908 26 
117691934 1421502 
119113436 476688 
119590124 11794 
119601918 676 
119602594 108 
119602702 880946 
120483648 176 
120483824 297706 
120781530 4056 
120785586 52 
120785638 10 
120785648 5 
120785653 1 
120785654 880946 
121666600 2706878 
124373478 310 
124373788 517052 
124890840 4908 
124895748 297706 
125193454 35548 
125229002 2454 
125231456 852 
125232308 124 
125232432 2 
125232434 517052 
125749486 7738 
125757224 2454 
125759678 1286 
125760964 176 
125761140 76 
125761216 2710934 
128472150 225868 
128698018 28908 
128726926 4056 
128730982 176 
128731158 20 
128731178 880946 
129612124 159594 
129771718 6512 
129778230 124 
129778354 32 
129778386 10 
129778396 5 
129778401 1 
129778402 4908 
129783310 35548 
129818858 4056 
129822914 124 
129823038 5 
129823043 1 
129823044 28908 
129851952 6194 
129858146 8 
129858154 1 
129858155 530994 
130389149 75928 
130465077 7738 
130472815 2454 
130475269 1228 
130476497 26 
130476523 3 
130476526 35548 
130512074 26 
130512100 1151888 
131663988 7738 
131671726 2454 
131674180 1286 
131675466 176 
131675642 2 
131675644 2710934 
134386578 159594 
134546172 28908 
134575080 1286 
134576366 176 
134576542 108 
134576650 8 
134576658 5484676 
140061334 1421502 
141482836 225868 
141708704 13396 
141722100 52 
141722152 8 
141722160 270942 
141993102 2175776 
144168878 61996 
144230874 2454 
144233328 32 
144233360 10 
144233370 376 
144233746 35545 
144269291 225868 
144495159 35548 
144530707 676 
144531383 52 
144531435 10 
144531445 5 
144531450 2 
144531452 1169904 
145701356 2 
145701358 2454 
145703812 1286 
145705098 310 
145705408 3 
145705411 1 
145705412 4027754 
149733166 13942 
149747108 6512 
149753620 342 
149753962 5 
149753967 35421 
149789388 32 
149789420 10 
149789430 8 
149789438 1 
149789439 1170028 
150959467 1421502 
152380969 698124 
153079093 2454 
153081547 852 
153082399 176 
153082575 108 
153082683 5 
153082688 35548 
153118236 4056 
153122292 124 
153122416 5 
153122421 1 
153122422 124 
153122546 712066 
153834612 28908 
153863520 2454 
153865974 376 
153866350 76 
153866426 24 
153866450 2175776 
156042226 297706 
156339932 75928 
156415860 7738 
156423598 2454 
156426052 376 
156426428 10 
156426438 1286 
156427724 13932 
156441656 2175776 
158617432 54306 
158671738 2454 
158674192 8 
158674200 457300 
159131500 2454 
159133954 376 
159134330 176 
159134506 76 
159134582 20 
159134602 1228 
159135830 1169904 
160305734 26 
160305760 4056 
160309816 530994 
160840810 75928 
160916738 61996 
160978734 2454 
160981188 1286 
160982474 32 
160982506 10 
160982516 8 
160982524 1228 
160983752 4027754 
165011506 1392856 
166404362 6512 
166410874 376 
166411250 176 
166411426 52 
166411478 20 
166411498 2 
166411500 1170028 
167581528 1182952 
168764480 6512 
168770992 676 
168771668 26 
168771694 2 
168771696 159594 
168931290 2454 
168933744 1286 
168935030 26 
168935056 76 
168935132 376 
168935508 176 
168935684 32 
168935716 10 
168935726 5 
168935731 1 
168935732 1170028 
170105760 376 
170106136 124 
170106260 26 
170106286 3 
170106289 1 
170106290 2175776 
172282066 225868 
172507934 13942 
172521876 2454 
172524330 118 
172524448 3 
172524451 1 
172524452 6512 
172530964 1316928 
173847892 69734 
173917626 4056 
173921682 342 
173922024 2 
173922026 2710934 
176632960 1182952 
177815912 26454 
177842366 852 
177843218 342 
177843560 20 
177843580 1 
177843581 376 
177843957 1421502 
179265459 297706 
179563165 75928 
179639093 13942 
179653035 4056 
179657091 176 
179657267 76 
179657343 24 
179657367 1 
179657368 297706 
179955074 159594 
180114668 13942 
180128610 4056 
180132666 76 
180132742 26 
180132768 2 
180132770 1421502 
181554272 6512 
181560784 376 
181561160 176 
181561336 52 
181561388 23 
181561411 13942 
181575353 7738 
181583091 310 
181583401 1421502 
183004903 75928 
183080831 28908 
183109739 4908 
183114647 852 
183115499 316 
183115815 5 
183115820 880946 
183996766 1421502 
185418268 7738 
185426006 1602 
185427608 376 
185427984 176 
185428160 76 
185428236 10 
185428246 2 
185428248 159594 
185587842 28908 
185616750 676 
185617426 20 
185617446 2710934 
188328380 880946 
189209326 225868 
189435194 13942 
189449136 2454 
189451590 342 
189451932 10 
189451942 3 
189451945 1 
189451946 13932 
189465878 7738 
189473616 316 
189473932 3 
189473935 1 
189473936 457300 
189931236 7738 
189938974 2454 
189941428 852 
189942280 176 
189942456 108 
189942564 2 
189942566 1316928 
191259494 61996 
191321490 342 
191321832 26 
191321858 880946 
192202804 225868 
192428672 13942 
192442614 1286 
192443900 176 
192444076 32 
192444108 10 
192444118 8 
192444126 297706 
192741832 61996 
192803828 2454 
192806282 376 
192806658 176 
192806834 32 
192806866 2 
192806868 270942 
193077810 2454 
193080264 852 
193081116 374 
193081490 297706 
193379196 75928 
193455124 40364 
193495488 7738 
193503226 1602 
193504828 176 
193505004 20 
193505024 1421502 
194926526 75928 
195002454 54306 
195056760 1602 
195058362 376 
195058738 124 
195058862 32 
195058894 8 
195058902 297706 
195356608 146890 
195503498 7738 
195511236 2454 
195513690 52 
195513742 3 
195513745 1 
195513746 880946 
196394692 75928 
196470620 7738 
196478358 1602 
196479960 376 
196480336 52 
196480388 10 
196480398 5 
196480403 1 
196480404 880946 
197361350 75928 
197437278 40364 
197477642 11794 
197489436 1286 
197490722 52 
197490774 20 
197490794 4056 
197494850 297706 
197792556 4432 
197796988 176 
197797164 52 
197797216 8 
197797224 1316928 
199114152 75928 
199190080 28908 
199218988 176 
199219164 76 
199219240 10 
199219250 2 
199219252 297706 
199516958 75928 
199592886 21990 
199614876 1602 
199616478 342 
199616820 1421502 
201038322 75928 
201114250 54306 
201168556 1602 
201170158 376 
201170534 176 
201170710 20 
201170730 2 
201170732 13942 
201184674 24 
201184698 5484676 
206669374 297706 
206967080 28908 
206995988 4908 
207000896 852 
207001748 176 
207001924 52 
207001976 8 
207001984 13942 
207015926 124 
207016050 24 
207016074 1170028 
208186102 852 
208186954 124 
208187078 26 
208187104 3 
208187107 1 
208187108 1182952 
209370060 61996 
209432056 4908 
209436964 852 
209437816 108 
209437924 8 
209437932 2710934 
212148866 530994 
212679860 13942 
212693802 1602 
212695404 118 
212695522 880946 
213576468 40364 
213616832 376 
213617208 176 
213617384 2 
213617386 297706 
213915092 75928 
213991020 13942 
214004962 7364 
214012326 10 
214012336 5 
214012341 1 
214012342 2710934 
216723276 880946 
217604222 75928 
217680150 26454 
217706604 376 
217706980 176 
217707156 118 
217707274 2 
217707276 5 
217707281 75928 
217783209 530994 
218314203 75928 
218390131 13942 
218404073 1286 
218405359 32 
218405391 10 
218405401 3 
218405404 1 
218405405 2175776 
220581181 1421502 
222002683 225868 
222228551 21990 
222250541 1602 
222252143 376 
222252519 32 
222252551 3 
222252554 69734 
222322288 11794 
222334082 26454 
222360536 1316928 
223677464 11794 
223689258 1286 
223690544 176 
223690720 76 
223690796 26 
223690822 2175776 
225866598 297706 
226164304 146890 
226311194 1286 
226312480 176 
226312656 118 
226312774 2 
226312776 8 
226312784 4884 
226317668 10 
226317678 5 
226317683 1 
226317684 1421502 
227739186 530994 
228270180 75928 
228346108 40364 
228386472 7738 
228394210 2454 
228396664 852 
228397516 124 
228397640 32 
228397672 26454 
228424126 2710934 
231135060 476688 
231611748 7738 
231619486 2454 
231621940 676 
231622616 124 
231622740 10 
231622750 8 
231622758 476688 
232099446 1421502 
233520948 297706 
233818654 75928 
233894582 40364 
233934946 11794 
233946740 376 
233947116 176 
233947292 76 
233947368 880946 
234828314 195014 
235023328 21990 
235045318 376 
235045694 124 
235045818 10 
235045828 3 
235045831 1 
235045832 712066 
235757898 7738 
235765636 852 
235766488 124 
235766612 32 
235766644 10 
235766654 270942 
236037596 6194 
236043790 108 
236043898 2 
236043900 712066 
236755966 75928 
236831894 13942 
236845836 4908 
236850744 316 
236851060 24 
236851084 1258880 
238109964 40364 
238150328 7738 
238158066 1286 
238159352 176 
238159528 108 
238159636 5 
238159641 1 
238159642 1316928 
239476570 69734 
239546304 4908 
239551212 176 
239551388 52 
239551440 10 
239551450 880946 
240432396 159594 
240591990 7738 
240599728 1286 
240601014 176 
240601190 108 
240601298 3 
240601301 1 
240601302 712066 
241313368 61996 
241375364 1602 
241376966 316 
241377282 2 
241377284 880946 
242258230 1421502 
243679732 75928 
243755660 54306 
243809966 852 
243810818 5 
243810823 2 
243810825 124 
243810949 712066 
244523015 75928 
244598943 13942 
244612885 4908 
244617793 852 
244618645 3 
244618648 1421502 
246040150 195014 
246235164 2454 
246237618 852 
246238470 52 
246238522 5 
246238527 1 
246238528 3 
246238531 2175776 
248414307 297706 
248712013 75928 
248787941 54306 
248842247 676 
248842923 76 
248842999 23 
248843022 225868 
249068890 21990 
249090880 2454 
249093334 32 
249093366 266232 
249359598 376 
249359974 76 
249360050 24 
249360074 880946 
250241020 28908 
250269928 6194 
250276122 176 
250276298 20 
250276318 2710934 
252987252 75928 
253063180 54306 
253117486 4908 
253122394 852 
253123246 176 
253123422 52 
253123474 10 
253123484 5 
253123489 13932 
253137421 880946 
254018367 54306 
254072673 4908 
254077581 176 
254077757 31 
254077788 712066 
254789854 40364 
254830218 7738 
254837956 1602 
254839558 176 
254839734 52 
254839786 3 
254839789 1 
254839790 1171158 
256010948 2454 
256013402 676 
256014078 32 
256014110 10 
256014120 5 
256014125 1 
256014126 712066 
256726192 28908 
256755100 2454 
256757554 376 
256757930 76 
256758006 24 
256758030 1421502 
258179532 297706 
258477238 75928 
258553166 40364 
258593530 7738 
258601268 376 
258601644 76 
258601720 20 
258601740 1421502 
260023242 6512 
260029754 123 
260029877 225868 
260255745 28908 
260284653 4056 
260288709 316 
260289025 20 
260289045 1 
260289046 75928 
260364974 28908 
260393882 124 
260394006 26 
260394032 1421502 
261815534 297706 
262113240 69734 
262182974 4432 
262187406 316 
262187722 20 
262187742 2 
262187744 7738 
262195482 310 
262195792 698124 
262893916 880946 
263774862 75928 
263850790 40364 
263891154 7738 
263898892 1602 
263900494 176 
263900670 10 
263900680 1182952 
265083632 676 
265084308 2710934 
267795242 297706 
268092948 69734 
268162682 4432 
268167114 342 
268167456 26 
268167482 880946 
269048428 297706 
269346134 7738 
269353872 2454 
269356326 342 
269356668 1 
269356669 145662 
269502331 1421502 
270923833 297706 
271221539 54306 
271275845 852 
271276697 176 
271276873 118 
271276991 3 
271276994 2175776 
273452770 159594 
273612364 13942 
273626306 1602 
273627908 376 
273628284 176 
273628460 10 
273628470 2 
273628472 310 
273628782 880946 
274509728 195014 
274704742 4908 
274709650 176 
274709826 52 
274709878 10 
274709888 8 
274709896 35548 
274745444 2175776 
276921220 297706 
277218926 75928 
277294854 13942 
277308796 2454 
277311250 124 
277311374 10 
277311384 3 
277311387 1 
277311388 61996 
277373384 530994 
277904378 40364 
277944742 26 
277944768 2710934 
280655702 1421502 
282077204 270942 
282348146 1602 
282349748 376 
282350124 32 
282350156 10 
282350166 5 
282350171 1 
282350172 880946 
283231118 75928 
283307046 40364 
283347410 1286 
283348696 20 
283348716 2 
283348718 712066 
284060784 35548 
284096332 4432 
284100764 176 
284100940 108 
284101048 8 
284101056 880946 
284982002 159594 
285141596 2454 
285144050 852 
285144902 342 
285145244 10 
285145254 1421502 
286566756 54306 
286621062 6512 
286627574 76 
286627650 10 
286627660 5 
286627665 1 
286627666 530994 
287158660 21990 
287180650 176 
287180826 32 
287180858 3 
287180861 1 
287180862 225868 
287406730 13942 
287420672 2454 
287423126 376 
287423502 10 
287423512 5 
287423517 1 
287423518 530994 
287954512 146890 
288101402 1602 
288103004 342 
288103346 20 
288103366 2 
288103368 297706 
288401074 75928 
288477002 54306 
288531308 4908 
288536216 376 
288536592 176 
288536768 20 
288536788 2 
288536790 1316928 
289853718 880946 
290734664 21990 
290756654 4056 
290760710 176 
290760886 32 
290760918 8 
290760926 1421502 
292182428 530994 
292713422 75928 
292789350 40364 
292829714 7738 
292837452 176 
292837628 1 
292837629 880946 
293718575 75928 
293794503 7738 
293802241 1602 
293803843 676 
293804519 52 
293804571 8 
293804579 1 
293804580 221778 
294026358 61996 
294088354 2454 
294090808 176 
294090984 32 
294091016 10 
294091026 3 
294091029 1 
294091030 297706 
294388736 75928 
294464664 35548 
294500212 2454 
294502666 676 
294503342 76 
294503418 8 
294503426 1421502 
295924928 530994 
296455922 146890 
296602812 4056 
296606868 24 
296606892 1 
296606893 712066 
297318959 75928 
297394887 13942 
297408829 6194 
297415023 176 
297415199 76 
297415275 10 
297415285 5 
297415290 2 
297415292 2175776 
299591068 297706 
299888774 75928 
299964702 40364 
300005066 6512 
300011578 376 
300011954 176 
300012130 5 
300012135 2 
300012137 880946 
300893083 1169904 
302062987 530994 
302593981 75928 
302669909 28908 
302698817 4908 
302703725 852 
302704577 76 
302704653 31 
302704684 712066 
303416750 40364 
303457114 1602 
303458716 124 
303458840 32 
303458872 5 
303458877 2 
303458879 2133568 
305592447 4908 
305597355 315 
305597670 698124 
306295794 2454 
306298248 1286 
306299534 76 
306299610 10 
306299620 5 
306299625 858956 
307158581 13942 
307172523 1602 
307174125 376 
307174501 176 
307174677 5 
307174682 2 
307174684 146890 
307321574 7738 
307329312 676 
307329988 52 
307330040 10 
307330050 5 
307330055 2 
307330057 6512 
307336569 2175776 
309512345 28908 
309541253 4908 
309546161 676 
309546837 124 
309546961 26 
309546987 1 
309546988 75928 
309622916 28908 
309651824 852 
309652676 316 
309652992 10 
309653002 712066 
310365068 54306 
310419374 6512 
310425886 316 
310426202 10 
310426212 2 
310426214 1421502 
311847716 221778 
312069494 2454 
312071948 1286 
312073234 176 
312073410 76 
312073486 24 
312073510 1 
312073511 880946 
312954457 146890 
313101347 6194 
313107541 124 
313107665 26 
313107691 3 
313107694 2175776 
315283470 297706 
315581176 75928 
315657104 28908 
315686012 2454 
315688466 342 
315688808 23 
315688831 52 
315688883 1421288 
317110171 124 
317110295 32 
317110327 3 
317110330 159594 
317269924 21990 
317291914 852 
317292766 316 
317293082 8 
317293090 712066 
318005156 28908 
318034064 4908 
318038972 316 
318039288 10 
318039298 3 
318039301 1 
318039302 1316928 
319356230 54306 
319410536 4908 
319415444 376 
319415820 76 
319415896 8 
319415904 880946 
320296850 75928 
320372778 13942 
320386720 4908 
320391628 108 
320391736 5 
320391741 2 
320391743 297706 
320689449 75928 
320765377 61996 
320827373 376 
320827749 176 
320827925 52 
320827977 3 
320827980 457300 
321285280 2454 
321287734 376 
321288110 124 
321288234 32 
321288266 10 
321288276 8 
321288284 880946 
322169230 75928 
322245158 21990 
322267148 20 
322267168 2 
322267170 2 
322267172 471780 
322738952 2454 
322741406 852 
322742258 76 
322742334 10 
322742344 2 
322742346 712066 
323454412 35548 
323489960 376 
323490336 76 
323490412 10 
323490422 8 
323490430 1 
323490431 2175776 
325666207 159594 
325825801 11794 
325837595 376 
325837971 176 
325838147 32 
325838179 3 
325838182 1421502 
327259684 297706 
327557390 75928 
327633318 21990 
327655308 52 
327655360 10 
327655370 8 
327655378 1 
327655379 2175776 
329831155 297706 
330128861 26454 
330155315 1602 
330156917 376 
330157293 176 
330157469 32 
330157501 5 
330157506 13942 
330171448 530994 
330702442 297706 
331000148 75928 
331076076 6512 
331082588 342 
331082930 10 
331082940 5 
331082945 1392856 
332475801 2454 
332478255 852 
332479107 76 
332479183 10 
332479193 5 
332479198 880946 
333360144 195014 
333555158 21990 
333577148 852 
333578000 124 
333578124 10 
333578134 5 
333578139 1 
333578140 676 
333578816 2175776 
335754592 297706 
336052298 4908 
336057206 852 
336058058 118 
336058176 1421502 
337479678 530994 
338010672 6194 
338016866 124 
338016990 10 
338017000 8 
338017008 1 
338017009 476688 
338493697 28908 
338522605 1602 
338524207 376 
338524583 176 
338524759 108 
338524867 5 
338524872 2 
338524874 195014 
338719888 13942 
338733830 852 
338734682 316 
338734998 20 
338735018 297706 
339032724 13942 
339046666 4056 
339050722 300 
339051022 880946 
339931968 61996 
339993964 4908 
339998872 124 
339998996 10 
339999006 8 
339999014 297706 
340296720 75928 
340372648 40364 
340413012 7738 
340420750 2454 
340423204 1286 
340424490 712066 
341136556 40364 
341176920 7738 
341184658 2454 
341187112 124 
341187236 20 
341187256 2710934 
343898190 530994 
344429184 61996 
344491180 1602 
344492782 376 
344493158 176 
344493334 108 
344493442 3 
344493445 1 
344493446 880946 
345374392 75928 
345450320 61996 
345512316 2454 
345514770 1286 
345516056 176 
345516232 32 
345516264 10 
345516274 5 
345516279 2 
345516281 880946 
346397227 195014 
346592241 7738 
346599979 852 
346600831 342 
346601173 24 
346601197 1 
346601198 880946 
347482144 7738 
347489882 676 
347490558 32 
347490590 1 
347490591 69734 
347560325 4908 
347565233 176 
347565409 26 
347565435 1 
347565436 270942 
347836378 1421502 
349257880 75928 
349333808 40364 
349374172 7738 
349381910 852 
349382762 124 
349382886 26 
349382912 3 
349382915 1182952 
350565867 35548 
350601415 376 
350601791 176 
350601967 24 
350601991 1 
350601992 1421502 
352023494 159594 
352183088 13396 
352196484 342 
352196826 10 
352196836 3 
352196839 1 
352196840 712066 
352908906 69734 
352978640 1602 
352980242 342 
352980584 10 
352980594 8 
352980602 880946 
353861548 75928 
353937476 61996 
353999472 1602 
354001074 676 
354001750 52 
354001802 10 
354001812 8 
354001820 1421502 
355423322 26454 
355449776 1286 
355451062 10 
355451072 5 
355451077 40364 
355491441 6512 
355497953 1182952 
356680905 35548 
356716453 2454 
356718907 108 
356719015 8 
356719023 1 
356719024 1421502 
358140526 476688 
358617214 21990 
358639204 4056 
358643260 26 
358643286 3 
358643289 1 
358643290 2175776 
360819066 146890 
360965956 7738 
360973694 1602 
360975296 676 
360975972 124 
360976096 20 
360976116 1 
360976117 297706 
361273823 75928 
361349751 28908 
361378659 376 
361379035 124 
361379159 23 
361379182 75928 
361455110 21990 
361477100 2454 
361479554 1286 
361480840 52 
361480892 20 
361480912 1421502 
362902414 530994 
363433408 75928 
363509336 40364 
363549700 13396 
363563096 124 
363563220 26 
363563246 517052 
364080298 1602 
364081900 676 
364082576 118 
364082694 2 
364082696 1421502 
365504198 4432 
365508630 32 
365508662 3 
365508665 1 
365508666 530994 
366039660 40364 
366080024 7738 
366087762 852 
366088614 176 
366088790 52 
366088842 1316928 
367405770 28908 
367434678 6194 
367440872 124 
367440996 32 
367441028 5 
367441033 2 
367441035 35548 
367476583 1602 
367478185 676 
367478861 10 
367478871 5 
367478876 880946 
368359822 159594 
368519416 6512 
368525928 676 
368526604 124 
368526728 530994 
369057722 61996 
369119718 2454 
369122172 852 
369123024 176 
369123200 52 
369123252 10 
369123262 8 
369123270 266232 
369389502 2454 
369391956 176 
369392132 32 
369392164 10 
369392174 3 
369392177 1 
369392178 530994 
369923172 75928 
369999100 4908 
370004008 176 
370004184 32 
370004216 2710934 
372715150 195014 
372910164 13942 
372924106 1602 
372925708 3 
372925711 2175776 
375101487 297706 
375399193 40364 
375439557 13896 
375453453 10 
375453463 8 
375453471 1 
375453472 69734 
375523206 712066 
376235272 54306 
376289578 4056 
376293634 32 
376293666 8 
376293674 712066 
377005740 13942 
377019682 1602 
377021284 376 
377021660 20 
377021680 858956 
377880636 195014 
378075650 13942 
378089592 1602 
378091194 52 
378091246 5 
378091251 1 
378091252 2175776 
380267028 297706 
380564734 75928 
380640662 35548 
380676210 124 
380676334 10 
380676344 3 
380676347 1 
380676348 6512 
380682860 1316928 
381999788 4908 
382004696 376 
382005072 32 
382005104 10 
382005114 880946 
382886060 61996 
382948056 10 
382948066 8 
382948074 2175776 
385123850 225868 
385349718 13396 
385363114 310 
385363424 3 
385363427 1 
385363428 221436 
385584864 297706 
385882570 75928 
385958498 28908 
385987406 2454 
385989860 76 
385989936 10 
385989946 8 
385989954 2175776 
388165730 159594 
388325324 13942 
388339266 4908 
388344174 676 
388344850 52 
388344902 8 
388344910 75928 
388420838 880946 
389301784 221778 
389523562 2454 
389526016 676 
389526692 76 
389526768 8 
389526776 297706 
389824482 13942 
389838424 1602 
389840026 176 
389840202 108 
389840310 5 
389840315 2 
389840317 2133568 
391973885 13942 
391987827 6194 
391994021 124 
391994145 5 
391994150 297706 
392291856 54306 
392346162 4056 
392350218 10 
392350228 1258880 
393609108 13942 
393623050 2454 
393625504 1286 
393626790 176 
393626966 32 
393626998 8 
393627006 1421502 
395048508 530994 
395579502 54306 
395633808 4908 
395638716 376 
395639092 52 
395639144 10 
395639154 2 
395639156 5 
395639161 26 
395639187 1421502 
397060689 54306 
397114995 6194 
397121189 124 
397121313 1 
397121314 1421502 
398542816 297706 
398840522 54306 
398894828 1602 
398896430 124 
398896554 32 
398896586 8 
398896594 297706 
399194300 69734 
399264034 4432 
399268466 176 
399268642 32 
399268674 10 
399268684 3 
399268687 476688 
399745375 35548 
399780923 32 
399780955 3 
399780958 1421502 
401202460 476688 
401679148 2454 
401681602 1286 
401682888 124 
401683012 32 
401683044 1258880 
402941924 4808 
402946732 32 
402946764 10 
402946774 5 
402946779 4056 
402950835 712066 
403662901 75928 
403738829 61996 
403800825 4908 
403805733 2 
403805735 457300 
404263035 376 
404263411 176 
404263587 10 
404263597 2 
404263599 4027754 
408291353 40364 
408331717 2454 
408334171 852 
408335023 176 
408335199 32 
408335231 3 
408335234 712066 
409047300 7364 
409054664 76 
409054740 10 
409054750 2 
409054752 880946 
409935698 40364 
409976062 4908 
409980970 76 
409981046 26 
409981072 1 
409981073 52 
409981125 159594 
410140719 2175776 
412316495 75928 
412392423 13942 
412406365 4908 
412411273 676 
412411949 124 
412412073 10 
412412083 8 
412412091 108 
412412199 7738 
412419937 176 
412420113 26 
412420139 2175776 
414595915 270942 
414866857 21990 
414888847 852 
414889699 124 
414889823 32 
414889855 5 
414889860 1 
414889861 712066 
415601927 75928 
415677855 28908 
415706763 4908 
415711671 1228 
415712899 2 
415712901 52 
415712953 6194 
415719147 176 
415719323 76 
415719399 10 
415719409 3 
415719412 1 
415719413 4027754 
419747167 40364 
419787531 11794 
419799325 852 
419800177 176 
419800353 76 
419800429 3 
419800432 1 
419800433 712066 
420512499 75928 
420588427 40364 
420628791 7364 
420636155 23 
420636178 880946 
421517124 40364 
421557488 7738 
421565226 2454 
421567680 376 
421568056 52 
421568108 8 
421568116 225868 
421793984 21990 
421815974 2454 
421818428 676 
421819104 26 
421819130 880946 
422700076 75928 
422776004 40364 
422816368 4908 
422821276 852 
422822128 76 
422822204 3 
422822207 1 
422822208 297706 
423119914 75928 
423195842 7738 
423203580 124 
423203704 26 
423203730 2 
423203732 1421502 
424625234 297706 
424922940 1602 
424924542 376 
424924918 52 
424924970 23 
424924993 2175776 
427100769 75928 
427176697 54306 
427231003 2454 
427233457 1286 
427234743 26 
427234769 3 
427234772 75928 
427310700 54306 
427365006 4908 
427369914 676 
427370590 124 
427370714 32 
427370746 8 
427370754 75928 
427446682 40364 
427487046 7738 
427494784 2454 
427497238 176 
427497414 52 
427497466 8 
427497474 1421502 
428918976 297706 
429216682 26454 
429243136 1286 
429244422 176 
429244598 76 
429244674 10 
429244684 3 
429244687 297706 
429542393 75928 
429618321 54306 
429672627 376 
429673003 176 
429673179 52 
429673231 10 
429673241 8 
429673249 1 
429673250 1421502 
431094752 75928 
431170680 11794 
431182474 852 
431183326 176 
431183502 32 
431183534 10 
431183544 5 
431183549 2 
431183551 880946 
432064497 195014 
432259511 1228 
432260739 5 
432260744 2 
432260746 676 
432261422 270942 
432532364 21990 
432554354 2454 
432556808 376 
432557184 76 
432557260 5 
432557265 2 
432557267 530994 
433088261 880946 
433969207 225868 
434195075 7738 
434202813 676 
434203489 124 
434203613 32 
434203645 3 
434203648 1 
434203649 1421502 
435625151 297706 
435922857 40364 
435963221 1602 
435964823 376 
435965199 32 
435965231 5 
435965236 712066 
436677302 75928 
436753230 54306 
436807536 2454 
436809990 676 
436810666 124 
436810790 20 
436810810 1421502 
438232312 530994 
438763306 69734 
438833040 852 
438833892 118 
438834010 880946 
439714956 75928 
439790884 1286 
439792170 176 
439792346 32 
439792378 8 
439792386 1421502 
441213888 457300 
441671188 7738 
441678926 2454 
441681380 852 
441682232 342 
441682574 8 
441682582 880946 
442563528 75928 
442639456 21990 
442661446 2454 
442663900 1286 
442665186 76 
442665262 24 
442665286 1 
442665287 712066 
443377353 61670 
443439023 176 
443439199 32 
443439231 3 
443439234 530994 
443970228 75928 
444046156 40364 
444086520 7738 
444094258 1602 
444095860 124 
444095984 1 
444095985 880946 
444976931 75928 
445052859 21990 
445074849 2454 
445077303 852 
445078155 10 
445078165 5 
445078170 2 
445078172 1421502 
446499674 297706 
446797380 75928 
446873308 7738 
446881046 2454 
446883500 852 
446884352 300 
446884652 3 
446884655 1 
446884656 146890 
447031546 40364 
447071910 4056 
447075966 297706 
447373672 40364 
447414036 11794 
447425830 1286 
447427116 176 
447427292 52 
447427344 10 
447427354 4027754 
451455108 159594 
451614702 13942 
451628644 4908 
451633552 852 
451634404 316 
451634720 2 
451634722 1316928 
452951650 7738 
452959388 2454 
452961842 852 
452962694 124 
452962818 26 
452962844 2 
452962846 880946 
453843792 75928 
453919720 7738 
453927458 852 
453928310 52 
453928362 20 
453928382 1 
453928383 712066 
454640449 69734 
454710183 4908 
454715091 176 
454715267 76 
454715343 10 
454715353 3 
454715356 75928 
454791284 4056 
454795340 176 
454795516 10 
454795526 3 
454795529 1 
454795530 297706 
455093236 6194 
455099430 108 
455099538 3 
455099541 2710934 
457810475 75928 
457886403 7738 
457894141 2454 
457896595 852 
457897447 52 
457897499 5 
457897504 712066 
458609570 28908 
458638478 4432 
458642910 124 
458643034 32 
458643066 10 
458643076 3 
458643079 1 
458643080 690588 
459333668 2454 
459336122 300 
459336422 5 
459336427 530994 
459867421 28908 
459896329 108 
459896437 5 
459896442 2 
459896444 1421502 
461317946 75928 
461393874 13942 
461407816 2454 
461410270 176 
461410446 76 
461410522 5 
461410527 2 
461410529 297706 
461708235 146890 
461855125 7738 
461862863 176 
461863039 10 
461863049 8 
461863057 1 
461863058 1421502 
463284560 75928 
463360488 26454 
463386942 1602 
463388544 676 
463389220 124 
463389344 32 
463389376 10 
463389386 3 
463389389 1 
463389390 1316928 
464706318 35548 
464741866 1602 
464743468 676 
464744144 124 
464744268 32 
464744300 10 
464744310 310 
464744620 517052 
465261672 2175776 
467437448 297706 
467735154 75928 
467811082 13942 
467825024 6194 
467831218 52 
467831270 10 
467831280 3 
467831283 1 
467831284 297706 
468128990 75928 
468204918 61996 
468266914 852 
468267766 32 
468267798 297706 
468565504 159594 
468725098 376 
468725474 176 
468725650 26 
468725676 2 
468725678 1421502 
470147180 75928 
470223108 21990 
470245098 2454 
470247552 376 
470247928 176 
470248104 32 
470248136 10 
470248146 3 
470248149 1 
470248150 712066 
470960216 75928 
471036144 40364 
471076508 7738 
471084246 1286 
471085532 108 
471085640 2710934 
473796574 530994 
474327568 75928 
474403496 61996 
474465492 176 
474465668 52 
474465720 20 
474465740 698124 
475163864 4908 
475168772 676 
475169448 10 
475169458 8 
475169466 530994 
475700460 146890 
475847350 7738 
475855088 2454 
475857542 10 
475857552 8 
475857560 75928 
475933488 40364 
475973852 7738 
475981590 10 
475981600 1 
475981601 297706 
476279307 13942 
476293249 676 
476293925 52 
476293977 2 
476293979 1421502 
477715481 225868 
477941349 28908 
477970257 4908 
477975165 852 
477976017 176 
477976193 20 
477976213 1 
477976214 221778 
478197992 297706 
478495698 75928 
478571626 1286 
478572912 176 
478573088 52 
478573140 10 
478573150 3 
478573153 1 
478573154 1421502 
479994656 530994 
480525650 21680 
480547330 124 
480547454 32 
480547486 8 
480547494 32 
480547526 159594 
480707120 7738 
480714858 1228 
480716086 32 
480716118 5 
480716123 1 
480716124 2710934 
483427058 195014 
483622072 11794 
483633866 342 
483634208 5 
483634213 10 
483634223 146890 
483781113 6194 
483787307 32 
483787339 8 
483787347 2175776 
485963123 297706 
486260829 75928 
486336757 4908 
486341665 852 
486342517 76 
486342593 26 
486342619 2 
486342621 712066 
487054687 75928 
487130615 13396 
487144011 76 
487144087 10 
487144097 1 
487144098 2175776 
489319874 75928 
489395802 61996 
489457798 6194 
489463992 76 
489464068 10 
489464078 5 
489464083 476688 
489940771 28908 
489969679 2454 
489972133 852 
489972985 76 
489973061 10 
489973071 8 
489973079 1 
489973080 195014 
490168094 21990 
490190084 2454 
490192538 676 
490193214 108 
490193322 5 
490193327 1 
490193328 1421502 
491614830 225868 
491840698 21990 
491862688 176 
491862864 3 
491862867 530994 
492393861 75928 
492469789 6512 
492476301 676 
492476977 124 
492477101 20 
492477121 880946 
493358067 159594 
493517661 21990 
493539651 4056 
493543707 32 
493543739 10 
493543749 5 
493543754 2175776 
495719530 297706 
496017236 40364 
496057600 11794 
496069394 852 
496070246 124 
496070370 10 
496070380 5 
496070385 1171158 
497241543 76 
497241619 5 
497241624 297706 
497539330 75928 
497615258 40364 
497655622 4908 
497660530 124 
497660654 32 
497660686 10 
497660696 8 
497660704 530994 
498191698 54306 
498246004 124 
498246128 32 
498246160 1 
498246161 221778 
498467939 852 
498468791 52 
498468843 1 
498468844 880946 
499349790 75928 
499425718 54306 
499480024 2454 
499482478 118 
499482596 3 
499482599 1 
499482600 880946 
500363546 146890 
500510436 4908 
500515344 852 
500516196 118 
500516314 2 
500516316 1421502 
501937818 297706 
502235524 75928 
502311452 4432 
502315884 32 
502315916 10 
502315926 5 
502315931 2 
502315933 1421502 
503737435 61996 
503799431 6512 
503805943 676 
503806619 5 
503806624 1 
503806625 1258880 
505065505 7738 
505073243 376 
505073619 176 
505073795 32 
505073827 5 
505073832 880946 
505954778 75928 
506030706 35548 
506066254 1602 
506067856 76 
506067932 10 
506067942 1 
506067943 225868 
506293811 13942 
506307753 6512 
506314265 176 
506314441 24 
506314465 1 
506314466 195014 
506509480 13942 
506523422 4056 
506527478 76 
506527554 23 
506527577 1421502 
507949079 61996 
508011075 4056 
508015131 176 
508015307 76 
508015383 20 
508015403 2 
508015405 530994 
508546399 1286 
508547685 176 
508547861 76 
508547937 23 
508547960 880946 
509428906 225868 
509654774 35548 
509690322 1602 
509691924 676 
509692600 124 
509692724 5 
509692729 2 
509692731 2175776 
511868507 61996 
511930503 2454 
511932957 124 
511933081 10 
511933091 5 
511933096 1 
511933097 40364 
511973461 2454 
511975915 852 
511976767 52 
511976819 10 
511976829 3 
511976832 1 
511976833 1316928 
513293761 21990 
513315751 2454 
513318205 176 
513318381 76 
513318457 26 
513318483 11794 
513330277 676 
513330953 124 
513331077 10 
513331087 3 
513331090 1421502 
514752592 530994 
515283586 75928 
515359514 40364 
515399878 7738 
515407616 176 
515407792 108 
515407900 8 
515407908 4056 
515411964 1392856 
516804820 13942 
516818762 6512 
516825274 376 
516825650 52 
516825702 10 
516825712 2 
516825714 712066 
517537780 75928 
517613708 21990 
517635698 2454 
517638152 852 
517639004 176 
517639180 76 
517639256 10 
517639266 2 
517639268 270942 
517910210 1258880 
519169090 26454 
519195544 676 
519196220 32 
519196252 10 
519196262 1421502 
520617764 530994 
521148758 35421 
521184179 26 
521184205 3 
521184208 1 
521184209 1421502 
522605711 13942 
522619653 2454 
522622107 376 
522622483 176 
522622659 32 
522622691 10 
522622701 3 
522622704 712066 
523334770 75928 
523410698 54306 
523465004 1602 
523466606 676 
523467282 124 
523467406 10 
523467416 2 
523467418 75928 
523543346 6512 
523549858 52 
523549910 5 
523549915 1 
523549916 297706 
523847622 61996 
523909618 2454 
523912072 852 
523912924 124 
523913048 26 
523913074 3 
523913077 1 
523913078 880946 
524794024 75928 
524869952 13942 
524883894 4056 
524887950 176 
524888126 76 
524888202 2 
524888204 1316928 
526205132 7738 
526212870 2454 
526215324 852 
526216176 10 
526216186 2 
526216188 1392856 
527609044 176 
527609220 32 
527609252 10 
527609262 3 
527609265 1 
527609266 880946 
528490212 225868 
528716080 35548 
528751628 2454 
528754082 376 
528754458 176 
528754634 108 
528754742 5 
528754747 1 
528754748 1165830 
529920578 852 
529921430 176 
529921606 76 
529921682 10 
529921692 2 
529921694 297706 
530219400 35548 
530254948 4056 
530259004 176 
530259180 76 
530259256 880946 
531140202 159594 
531299796 13942 
531313738 6512 
531320250 376 
531320626 176 
531320802 52 
531320854 10 
531320864 8 
531320872 880946 
532201818 159594 
532361412 28908 
532390320 4908 
532395228 852 
532396080 124 
532396204 32 
532396236 10 
532396246 1 
532396247 880946 
533277193 75928 
533353121 28908 
533382029 4908 
533386937 376 
533387313 176 
533387489 20 
533387509 1 
533387510 10 
533387520 2 
533387522 7738 
533395260 176 
533395436 118 
533395554 3 
533395557 1 
533395558 2710934 
536106492 530994 
536637486 75928 
536713414 35548 
536748962 2454 
536751416 374 
536751790 1 
536751791 297706 
537049497 61996 
537111493 6510 
537118003 1 
537118004 530994 
537648998 13942 
537662940 6512 
537669452 676 
537670128 76 
537670204 26 
537670230 3 
537670233 1 
537670234 159594 
537829828 1602 
537831430 676 
537832106 10 
537832116 2710934 
540543050 146890 
540689940 7738 
540697678 124 
540697802 26 
540697828 2 
540697830 530994 
541228824 75928 
541304752 35548 
541340300 176 
541340476 32 
541340508 8 
541340516 1 
541340517 40364 
541380881 7364 
541388245 32 
541388277 5 
541388282 2 
541388284 297706 
541685990 75928 
541761918 54306 
541816224 2454 
541818678 676 
541819354 124 
541819478 32 
541819510 8 
541819518 530994 
542350512 1228 
542351740 10 
542351750 3 
542351753 1 
542351754 1421502 
543773256 517052 
544290308 11794 
544302102 376 
544302478 176 
544302654 20 
544302674 2 
544302676 530994 
544833670 61996 
544895666 6512 
544902178 676 
544902854 124 
544902978 32 
544903010 10 
544903020 3 
544903023 476688 
545379711 28908 
545408619 176 
545408795 20 
545408815 2 
545408817 2710934 
548119751 530994 
548650745 75928 
548726673 40364 
548767037 7738 
548774775 2454 
548777229 676 
548777905 32 
548777937 10 
548777947 5 
548777952 712066 
549490018 75928 
549565946 13942 
549579888 1228 
549581116 32 
549581148 2 
549581150 1421502 
551002652 457300 
551459952 7738 
551467690 1602 
551469292 32 
551469324 1 
551469325 1316928 
552786253 13942 
552800195 2454 
552802649 118 
552802767 3 
552802770 225868 
553028638 28908 
553057546 852 
553058398 76 
553058474 5 
553058479 2 
553058481 880946 
553939427 75928 
554015355 40364 
554055719 376 
554056095 124 
554056219 10 
554056229 5 
554056234 1 
554056235 530994 
554587229 75928 
554663157 13942 
554677099 2454 
554679553 376 
554679929 124 
554680053 32 
554680085 5 
554680090 1421502 
556101592 530994 
556632586 75928 
556708514 13942 
556722456 6512 
556728968 124 
556729092 5 
556729097 1 
556729098 225868 
556954966 21990 
556976956 176 
556977132 52 
556977184 5 
556977189 1 
556977190 1392856 
558370046 13942 
558383988 4908 
558388896 376 
558389272 176 
558389448 52 
558389500 3 
558389503 1 
558389504 13942 
558403446 24 
558403470 1316928 
559720398 13942 
559734340 676 
559735016 76 
559735092 1286 
559736378 530994 
560267372 75928 
560343300 13942 
560357242 2454 
560359696 376 
560360072 176 
560360248 76 
560360324 1421502 
561781826 530994 
562312820 26454 
562339274 676 
562339950 10 
562339960 1182952 
563522912 28908 
563551820 32 
563551852 2 
563551854 880946 
564432800 75928 
564508728 13942 
564522670 676 
564523346 76 
564523422 5 
564523427 1421502 
565944929 530994 
566475923 1286 
566477209 124 
566477333 3 
566477336 8 
566477344 2133568 
568610912 852 
568611764 3 
568611767 712066 
569323833 75928 
569399761 6194 
569405955 124 
569406079 32 
569406111 3 
569406114 1 
569406115 1151888 
570558003 6512 
570564515 676 
570565191 32 
570565223 5 
570565228 2 
570565230 225868 
570791098 13942 
570805040 852 
570805892 316 
570806208 10 
570806218 3 
570806221 1 
570806222 1421502 
572227724 530994 
572758718 54306 
572813024 4908 
572817932 676 
572818608 10 
572818618 2 
572818620 1421502 
574240122 35548 
574275670 2454 
574278124 1286 
574279410 10 
574279420 5 
574279425 2 
574279427 10 
574279437 1392856 
575672293 13942 
575686235 4908 
575691143 376 
575691519 176 
575691695 52 
575691747 20 
575691767 2 
575691769 1316820 
577008589 75928 
577084517 2454 
577086971 676 
577087647 10 
577087657 3 
577087660 1 
577087661 698124 
577785785 2454 
577788239 1286 
577789525 3 
577789528 880946 
578670474 75928 
578746402 852 
578747254 300 
578747554 858956 
579606510 7738 
579614248 124 
579614372 20 
579614392 2 
579614394 1421502 
581035896 530994 
581566890 75928 
581642818 7738 
581650556 1602 
581652158 376 
581652534 176 
581652710 76 
581652786 10 
581652796 3 
581652799 13942 
581666741 2454 
581669195 1286 
581670481 124 
581670605 32 
581670637 10 
581670647 1 
581670648 2133568 
583804216 35548 
583839764 1602 
583841366 76 
583841442 5 
583841447 1 
583841448 880946 
584722394 54306 
584776700 2454 
584779154 852 
584780006 32 
584780038 10 
584780048 5 
584780053 1 
584780054 297706 
585077760 75928 
585153688 4432 
585158120 124 
585158244 24 
585158268 35421 
585193689 1421502 
586615191 159594 
586774785 28908 
586803693 2454 
586806147 1286 
586807433 124 
586807557 32 
586807589 8 
586807597 1421502 
588229099 195014 
588424113 21680 
588445793 176 
588445969 76 
588446045 10 
588446055 712066 
589158121 35548 
589193669 852 
589194521 52 
589194573 8 
589194581 880946 
590075527 159594 
590235121 13942 
590249063 2454 
590251517 1286 
590252803 118 
590252921 297706 
590550627 40364 
590590991 4432 
590595423 124 
590595547 31 
590595578 1421502 
592017080 54306 
592071386 852 
592072238 52 
592072290 10 
592072300 2 
592072302 1171158 
593243460 1602 
593245062 108 
593245170 3 
593245173 1 
593245174 712066 
593957240 75928 
594033168 40364 
594073532 2454 
594075986 676 
594076662 124 
594076786 10 
594076796 5 
594076801 1 
594076802 530994 
594607796 75928 
594683724 40364 
594724088 7738 
594731826 1602 
594733428 676 
594734104 124 
594734228 23 
594734251 1258880 
595993131 4908 
595998039 124 
595998163 10 
595998173 5 
595998178 2 
595998180 457300 
596455480 376 
596455856 3 
596455859 221778 
596677637 1602 
596679239 124 
596679363 32 
596679395 5 
596679400 1182952 
597862352 13942 
597876294 852 
597877146 176 
597877322 32 
597877354 5 
597877359 2 
597877361 2175776 
600053137 225868 
600279005 7738 
600286743 1286 
600288029 31 
600288060 1421502 
601709562 40364 
601749926 11794 
601761720 676 
601762396 108 
601762504 1 
601762505 530994 
602293499 75928 
602369427 61996 
602431423 1602 
602433025 124 
602433149 31 
602433180 1421502 
603854682 457300 
604311982 11794 
604323776 118 
604323894 10 
604323904 5 
604323909 1 
604323910 35548 
604359458 75928 
604435386 1316928 
605752314 61996 
605814310 6512 
605820822 376 
605821198 176 
605821374 76 
605821450 26 
605821476 2710934 
608532410 270942 
608803352 13942 
608817294 2454 
608819748 1286 
608821034 176 
608821210 32 
608821242 10 
608821252 2 
608821254 530994 
609352248 26454 
609378702 52 
609378754 10 
609378764 3 
609378767 880946 
610259713 225868 
610485581 28908 
610514489 4432 
610518921 124 
610519045 32 
610519077 10 
610519087 5 
610519092 225868 
610744960 13942 
610758902 852 
610759754 76 
610759830 20 
610759850 712066 
611471916 75928 
611547844 61996 
611609840 2454 
611612294 1286 
611613580 176 
611613756 75928 
611689684 40364 
611730048 7738 
611737786 852 
611738638 8 
611738646 1 
611738647 69734 
611808381 2454 
611810835 310 
611811145 1 
611811146 1421502 
613232648 75928 
613308576 35548 
613344124 1602 
613345726 676 
613346402 32 
613346434 3 
613346437 52 
613346489 880946 
614227435 195014 
614422449 21680 
614444129 52 
614444181 10 
614444191 8 
614444199 4027754 
618471953 300 
618472253 3 
618472256 1 
618472257 712066 
619184323 75928 
619260251 35548 
619295799 2454 
619298253 176 
619298429 26 
619298455 3 
619298458 880946 
620179404 75928 
620255332 61670 
620317002 52 
620317054 3 
620317057 1 
620317058 4432 
620321490 1421502 
621742992 457300 
622200292 176 
622200468 10 
622200478 8 
622200486 1 
622200487 297706 
622498193 1602 
622499795 176 
622499971 32 
622500003 8 
622500011 676 
622500687 2175776 
624676463 75928 
624752391 13942 
624766333 2454 
624768787 852 
624769639 342 
624769981 5 
624769986 712066 
625482052 40364 
625522416 7738 
625530154 1602 
625531756 376 
625532132 176 
625532308 76 
625532384 3 
625532387 376 
625532763 1421502 
626954265 530994 
627485259 28908 
627514167 4432 
627518599 176 
627518775 76 
627518851 8 
627518859 1421502 
628940361 75928 
629016289 13942 
629030231 1286 
629031517 176 
629031693 76 
629031769 10 
629031779 5 
629031784 1315640 
630347424 376 
630347800 5 
630347805 1 
630347806 1165830 
631513636 2454 
631516090 676 
631516766 52 
631516818 1 
631516819 712066 
632228885 28908 
632257793 4908 
632262701 376 
632263077 176 
632263253 8 
632263261 61996 
632325257 2710934 
635036191 75928 
635112119 54306 
635166425 2454 
635168879 376 
635169255 176 
635169431 52 
635169483 10 
635169493 2 
635169495 35548 
635205043 35420 
635240463 2175776 
637416239 297706 
637713945 7738 
637721683 376 
637722059 76 
637722135 10 
637722145 5 
637722150 2 
637722152 530994 
638253146 75928 
638329074 40364 
638369438 342 
638369780 10 
638369790 8 
638369798 517052 
638886850 1316928 
640203778 21990 
640225768 676 
640226444 32 
640226476 5 
640226481 530994 
640757475 40364 
640797839 2454 
640800293 176 
640800469 108 
640800577 5 
640800582 2 
640800584 297706 
641098290 146890 
641245180 2454 
641247634 1286 
641248920 176 
641249096 76 
641249172 10 
641249182 8 
641249190 1 
641249191 24 
641249215 2710934 
643960149 880946 
644841095 221778 
645062873 2454 
645065327 342 
645065669 5 
645065674 1 
645065675 530994 
645596669 75928 
645672597 54306 
645726903 2454 
645729357 852 
645730209 118 
645730327 3 
645730330 1 
645730331 1182952 
646913283 54306 
646967589 1602 
646969191 376 
646969567 52 
646969619 20 
646969639 1 
646969640 3 
646969643 476688 
647446331 2454 
647448785 852 
647449637 176 
647449813 32 
647449845 10 
647449855 3 
647449858 1421502 
648871360 297706 
649169066 158684 
649327750 176 
649327926 3 
649327929 1 
649327930 61996 
649389926 2454 
649392380 315 
649392695 195014 
649587709 21990 
649609699 23 
649609722 2175776 
651785498 75928 
651861426 35548 
651896974 2454 
651899428 376 
651899804 52 
651899856 23 
651899879 1316928 
653216807 75928 
653292735 28908 
653321643 2454 
653324097 1286 
653325383 176 
653325559 10 
653325569 3 
653325572 1 
653325573 1421502 
654747075 297706 
655044781 26454 
655071235 852 
655072087 124 
655072211 32 
655072243 10 
655072253 3 
655072256 297706 
655369962 75928 
655445890 54306 
655500196 6512 
655506708 376 
655507084 176 
655507260 10 
655507270 297706 
655804976 54306 
655859282 6194 
655865476 176 
655865652 20 
655865672 1421502 
657287174 146890 
657434064 1602 
657435666 124 
657435790 24 
657435814 712066 
658147880 75928 
658223808 54306 
658278114 376 
658278490 176 
658278666 26 
658278692 159594 
658438286 376 
658438662 1 
658438663 2710934 
661149597 297706 
661447303 40364 
661487667 7738 
661495405 2454 
661497859 852 
661498711 124 
661498835 5 
661498840 4432 
661503272 1421502 
662924774 75928 
663000702 54306 
663055008 1286 
663056294 124 
663056418 3 
663056421 1 
663056422 195014 
663251436 1602 
663253038 376 
663253414 176 
663253590 118 
663253708 3 
663253711 1 
663253712 1421502 
664675214 530994 
665206208 6512 
665212720 124 
665212844 10 
665212854 8 
665212862 1 
665212863 297706 
665510569 69734 
665580303 2454 
665582757 376 
665583133 124 
665583257 32 
665583289 5 
665583294 2 
665583296 517052 
666100348 376 
666100724 176 
666100900 76 
666100976 3 
666100979 1421502 
667522481 225868 
667748349 13942 
667762291 4432 
667766723 176 
667766899 76 
667766975 10 
667766985 8 
667766993 1 
667766994 61996 
667828990 2454 
667831444 1286 
667832730 124 
667832854 32 
667832886 5 
667832891 1 
667832892 75928 
667908820 35548 
667944368 376 
667944744 176 
667944920 76 
667944996 26 
667945022 2710934 
670655956 1258880 
671914836 28908 
671943744 4908 
671948652 10 
671948662 5 
671948667 1 
671948668 530994 
672479662 28908 
672508570 852 
672509422 176 
672509598 52 
672509650 2 
672509652 1421502 
673931154 75928 
674007082 7738 
674014820 852 
674015672 76 
674015748 10 
674015758 8 
674015766 1 
674015767 297706 
674313473 124 
674313597 10 
674313607 5 
674313612 2 
674313614 1421502 
675735116 75928 
675811044 40364 
675851408 7738 
675859146 1602 
675860748 3 
675860751 712066 
676572817 11794 
676584611 52 
676584663 20 
676584683 1182952 
677767635 69734 
677837369 176 
677837545 20 
677837565 75928 
677913493 880946 
678794439 75928 
678870367 61996 
678932363 4908 
678937271 676 
678937947 52 
678937999 20 
678938019 1421502 
680359521 75928 
680435449 28908 
680464357 376 
680464733 52 
680464785 10 
680464795 3 
680464798 880946 
681345744 75928 
681421672 26454 
681448126 376 
681448502 124 
681448626 32 
681448658 10 
681448668 2 
681448670 221778 
681670448 52 
681670500 8 
681670508 1 
681670509 75928 
681746437 40364 
681786801 7738 
681794539 176 
681794715 76 
681794791 3 
681794794 1 
681794795 1316928 
683111723 28908 
683140631 852 
683141483 52 
683141535 3 
683141538 1 
683141539 297706 
683439245 54306 
683493551 1602 
683495153 376 
683495529 76 
683495605 2 
683495607 35548 
683531155 26 
683531181 4027754 
687558935 159594 
687718529 26454 
687744983 1602 
687746585 676 
687747261 32 
687747293 10 
687747303 5 
687747308 2 
687747310 698124 
688445434 852 
688446286 76 
688446362 31 
688446393 476688 
688923081 26454 
688949535 1286 
688950821 124 
688950945 32 
688950977 10 
688950987 2 
688950989 1421502 
690372491 530994 
690903485 145662 
691049147 376 
691049523 52 
691049575 10 
691049585 8 
691049593 1 
691049594 1171158 
692220752 7738 
692228490 2454 
692230944 852 
692231796 176 
692231972 52 
692232024 10 
692232034 5 
692232039 1 
692232040 35545 
692267585 858956 
693126541 225868 
693352409 26454 
693378863 852 
693379715 176 
693379891 108 
693379999 75928 
693455927 21990 
693477917 1602 
693479519 310 
693479829 3 
693479832 1 
693479833 530994 
694010827 146890 
694157717 6512 
694164229 376 
694164605 76 
694164681 24 
694164705 880946 
695045651 159594 
695205245 21990 
695227235 176 
695227411 76 
695227487 1 
695227488 2175776 
697403264 297706 
697700970 13942 
697714912 1602 
697716514 176 
697716690 26 
697716716 880946 
698597662 195014 
698792676 4908 
698797584 376 
698797960 76 
698798036 2 
698798038 712066 
699510104 21990 
699532094 852 
699532946 176 
699533122 76 
699533198 10 
699533208 1421502 
700954710 75928 
701030638 2454 
701033092 852 
701033944 108 
701034052 8 
701034060 1 
701034061 880946 
701915007 221436 
702136443 176 
702136619 52 
702136671 10 
702136681 8 
702136689 1421502 
703558191 530994 
704089185 13942 
704103127 6512 
704109639 76 
704109715 5 
704109720 1 
704109721 54306 
704164027 2454 
704166481 176 
704166657 118 
704166775 3 
704166778 1 
704166779 1421502 
705588281 75928 
705664209 21990 
705686199 376 
705686575 176 
705686751 76 
705686827 20 
705686847 858956 
706545803 4432 
706550235 76 
706550311 1 
706550312 297706 
706848018 146890 
706994908 1602 
706996510 676 
706997186 76 
706997262 10 
706997272 8 
706997280 712066 
707709346 28908 
707738254 2454 
707740708 1286 
707741994 32 
707742026 10 
707742036 712066 
708454102 61996 
708516098 7364 
708523462 76 
708523538 3 
708523541 1 
708523542 376 
708523918 2175776 
710699694 75928 
710775622 61996 
710837618 2454 
710840072 176 
710840248 118 
710840366 159594 
710999960 1421502 
712421462 297706 
712719168 75928 
712795096 61996 
712857092 376 
712857468 32 
712857500 10 
712857510 3 
712857513 1 
712857514 297706 
713155220 75928 
713231148 40364 
713271512 6512 
713278024 20 
713278044 2 
713278046 159594 
713437640 376 
713438016 32 
713438048 69734 
713507782 2710934 
716218716 225868 
716444584 35548 
716480132 2454 
716482586 176 
716482762 10 
716482772 5 
716482777 1 
716482778 712066 
717194844 75928 
717270772 13942 
717284714 1602 
717286316 176 
717286492 76 
717286568 10 
717286578 2 
717286580 13932 
717300512 1421502 
718722014 225868 
718947882 28908 
718976790 1602 
718978392 376 
718978768 32 
718978800 10 
718978810 5 
718978815 2 
718978817 2175776 
721154593 146890 
721301483 7738 
721309221 1286 
721310507 108 
721310615 8 
721310623 75928 
721386551 13942 
721400493 6512 
721407005 342 
721407347 26 
721407373 2175776 
723583149 297706 
723880855 40364 
723921219 13396 
723934615 342 
723934957 195014 
724129971 880946 
725010917 75928 
725086845 6512 
725093357 376 
725093733 176 
725093909 108 
725094017 2 
725094019 1316928 
726410947 7738 
726418685 1602 
726420287 376 
726420663 124 
726420787 23 
726420810 880946 
727301756 13942 
727315698 1602 
727317300 376 
727317676 176 
727317852 52 
727317904 2 
727317906 880946 
728198852 61996 
728260848 852 
728261700 76 
728261776 10 
728261786 8 
728261794 1258880 
729520674 21990 
729542664 124 
729542788 10 
729542798 8 
729542806 530994 
730073800 75928 
730149728 40364 
730190092 2454 
730192546 852 
730193398 52 
730193450 20 
730193470 1 
730193471 75928 
730269399 6512 
730275911 316 
730276227 10 
730276237 5 
730276242 2175776 
732452018 75928 
732527946 40364 
732568310 2454 
732570764 1286 
732572050 76 
732572126 3 
732572129 712066 
733284195 40364 
733324559 11794 
733336353 852 
733337205 176 
733337381 52 
733337433 3 
733337436 75928 
733413364 7738 
733421102 124 
733421226 10 
733421236 5 
733421241 1 
733421242 1421502 
734842744 75928 
734918672 21990 
734940662 2454 
734943116 1286 
734944402 32 
734944434 5 
734944439 2 
734944441 225868 
735170309 26454 
735196763 1602 
735198365 176 
735198541 52 
735198593 3 
735198596 1171158 
736369754 1316928 
737686682 28908 
737715590 4432 
737720022 316 
737720338 2 
737720340 1421502 
739141842 195014 
739336856 13942 
739350798 6512 
739357310 676 
739357986 76 
739358062 2 
739358064 530994 
739889058 69734 
739958792 2454 
739961246 676 
739961922 3 
739961925 471780 
740433705 1602 
740435307 300 
740435607 517052 
740952659 11794 
740964453 376 
740964829 176 
740965005 52 
740965057 1 
740965058 297706 
741262764 75928 
741338692 4056 
741342748 176 
741342924 76 
741343000 20 
741343020 2 
741343022 1602 
741344624 270942 
741615566 4432 
741619998 342 
741620340 10 
741620350 8 
741620358 1 
741620359 1182952 
742803311 7738 
742811049 124 
742811173 32 
742811205 10 
742811215 3 
742811218 712066 
743523284 13942 
743537226 1602 
743538828 176 
743539004 76 
743539080 2175776 
745714856 270942 
745985798 7738 
745993536 1602 
745995138 676 
745995814 124 
745995938 32 
745995970 2710934 
748706904 159594 
748866498 13942 
748880440 2454 
748882894 1286 
748884180 176 
748884356 52 
748884408 20 
748884428 1 
748884429 530994 
749415423 75928 
749491351 21990 
749513341 2454 
749515795 1286 
749517081 124 
749517205 24 
749517229 2710934 
752228163 13942 
752242105 1602 
752243707 176 
752243883 76 
752243959 23 
752243982 297706 
752541688 7738 
752549426 2454 
752551880 852 
752552732 176 
752552908 76 
752552984 10 
752552994 3 
752552997 195014 
752748011 21990 
752770001 2454 
752772455 1228 
752773683 10 
752773693 1 
752773694 2175776 
754949470 26454 
754975924 852 
754976776 176 
754976952 76 
754977028 10 
754977038 3 
754977041 1 
754977042 880946 
755857988 35548 
755893536 4432 
755897968 342 
755898310 10 
755898320 28908 
755927228 2454 
755929682 1286 
755930968 176 
755931144 108 
755931252 5 
755931257 2 
755931259 195014 
756126273 21990 
756148263 376 
756148639 24 
756148663 1 
756148664 1182952 
757331616 13942 
757345558 6512 
757352070 676 
757352746 10 
757352756 5 
757352761 1421502 
758774263 75928 
758850191 4432 
758854623 176 
758854799 26 
758854825 3 
758854828 476688 
759331516 35548 
759367064 4056 
759371120 76 
759371196 530994 
759902190 75928 
759978118 11794 
759989912 376 
759990288 124 
759990412 3 
759990415 1 
759990416 297706 
760288122 26454 
760314576 124 
760314700 20 
760314720 2710934 
763025654 530994 
763556648 75928 
763632576 7738 
763640314 1602 
763641916 376 
763642292 124 
763642416 10 
763642426 2 
763642428 297706 
763940134 26454 
763966588 1286 
763967874 176 
763968050 76 
763968126 3 
763968129 1 
763968130 28908 
763997038 2454 
763999492 1286 
764000778 123 
764000901 13942 
764014843 2175776 
766190619 35548 
766226167 2454 
766228621 342 
766228963 31 
766228994 1421502 
767650496 297706 
767948202 21990 
767970192 676 
767970868 124 
767970992 20 
767971012 880946 
768851958 195014 
769046972 13942 
769060914 4908 
769065822 376 
769066198 124 
769066322 10 
769066332 8 
769066340 476688 
769543028 13932 
769556960 1421502 
770978462 75928 
771054390 54306 
771108696 1602 
771110298 376 
771110674 52 
771110726 20 
771110746 2 
771110748 530994 
771641742 75928 
771717670 54306 
771771976 1228 
771773204 10 
771773214 3 
771773217 1 
771773218 530994 
772304212 35548 
772339760 852 
772340612 76 
772340688 10 
772340698 28908 
772369606 852 
772370458 124 
772370582 10 
772370592 8 
772370600 880946 
773251546 40364 
773291910 7738 
773299648 2454 
773302102 176 
773302278 32 
773302310 1 
773302311 1421502 
774723813 270942 
774994755 13942 
775008697 7364 
775016061 176 
775016237 20 
775016257 1 
775016258 297706 
775313964 7738 
775321702 124 
775321826 880946 
776202772 75928 
776278700 40364 
776319064 6194 
776325258 76 
776325334 10 
776325344 5 
776325349 1 
776325350 712066 
777037416 40364 
777077780 376 
777078156 176 
777078332 52 
777078384 10 
777078394 3 
777078397 1 
777078398 2710934 
779789332 476688 
780266020 26454 
780292474 1286 
780293760 32 
780293792 8 
780293800 225868 
780519668 28908 
780548576 1602 
780550178 118 
780550296 1 
780550297 297706 
780848003 21990 
780869993 852 
780870845 5 
780870850 1 
780870851 880946 
781751797 54306 
781806103 2454 
781808557 1286 
781809843 176 
781810019 5 
781810024 2 
781810026 297706 
782107732 75928 
782183660 4056 
782187716 52 
782187768 10 
782187778 1 
782187779 712066 
782899845 75928 
782975773 61996 
783037769 1602 
783039371 316 
783039687 10 
783039697 5 
783039702 2 
783039704 1421502 
784461206 297706 
784758912 75928 
784834840 1286 
784836126 76 
784836202 20 
784836222 1 
784836223 1182952 
786019175 40364 
786059539 7364 
786066903 32 
786066935 8 
786066943 1 
786066944 195014 
786261958 712066 
786974024 75928 
787049952 13942 
787063894 1602 
787065496 376 
787065872 176 
787066048 52 
787066100 10 
787066110 5 
787066115 1421502 
788487617 530994 
789018611 75928 
789094539 61996 
789156535 6194 
789162729 176 
789162905 1 
789162906 1316928 
790479834 21680 
790501514 124 
790501638 26 
790501664 1 
790501665 75928 
790577593 61996 
790639589 2454 
790642043 376 
790642419 52 
790642471 5 
790642476 2 
790642478 530994 
791173472 35548 
791209020 4432 
791213452 176 
791213628 76 
791213704 26 
791213730 1 
791213731 2175776 
793389507 297706 
793687213 75928 
793763141 2454 
793765595 676 
793766271 76 
793766347 31 
793766378 880946 
794647324 159594 
794806918 76 
794806994 26 
794807020 517052 
795324072 1286 
795325358 176 
795325534 10 
795325544 5 
795325549 2 
795325551 158684 
795484235 52 
795484287 10 
795484297 1 
795484298 1421502 
796905800 698124 
797603924 11794 
797615718 376 
797616094 108 
797616202 1421502 
799037704 146890 
799184594 7738 
799192332 1602 
799193934 176 
799194110 52 
799194162 20 
799194182 2 
799194184 1151888 
800346072 7738 
800353810 2454 
800356264 376 
800356640 124 
800356764 26 
800356790 2 
800356792 530994 
800887786 61996 
800949782 6512 
800956294 676 
800956970 26 
800956996 3 
800956999 530994 
801487993 13942 
801501935 316 
801502251 23 
801502274 530994 
802033268 75928 
802109196 40364 
802149560 6512 
802156072 376 
802156448 176 
802156624 52 
802156676 5 
802156681 1 
802156682 54306 
802210988 2454 
802213442 852 
802214294 124 
802214418 1 
802214419 2710934 
804925353 712066 
805637419 35548 
805672967 1602 
805674569 376 
805674945 176 
805675121 26 
805675147 270942 
805946089 11794 
805957883 1286 
805959169 176 
805959345 108 
805959453 2 
805959455 880946 
806840401 159594 
806999995 26454 
807026449 376 
807026825 76 
807026901 2 
807026903 75928 
807102831 4908 
807107739 1 
807107740 75928 
807183668 13942 
807197610 2454 
807200064 124 
807200188 10 
807200198 1421502 
808621700 530994 
809152694 21990 
809174684 2454 
809177138 852 
809177990 76 
809178066 10 
809178076 3 
809178079 159594 
809337673 1421502 
810759175 297706 
811056881 75928 
811132809 61996 
811194805 4908 
811199713 676 
811200389 32 
811200421 10 
811200431 5 
811200436 1 
811200437 297706 
811498143 75928 
811574071 61996 
811636067 1602 
811637669 376 
811638045 176 
811638221 76 
811638297 10 
811638307 297706 
811936013 54306 
811990319 4908 
811995227 852 
811996079 124 
811996203 10 
811996213 5 
811996218 530994 
812527212 35548 
812562760 2454 
812565214 376 
812565590 76 
812565666 23 
812565689 530994 
813096683 26454 
813123137 1602 
813124739 376 
813125115 124 
813125239 32 
813125271 10 
813125281 2175776 
815301057 28908 
815329965 2454 
815332419 1286 
815333705 176 
815333881 76 
815333957 3 
815333960 1421502 
816755462 530994 
817286456 40364 
817326820 7738 
817334558 2454 
817337012 1280 
817338292 2 
817338294 13932 
817352226 880946 
818233172 75928 
818309100 21990 
818331090 4056 
818335146 176 
818335322 76 
818335398 10 
818335408 1 
818335409 712066 
819047475 75928 
819123403 40364 
819163767 2454 
819166221 32 
819166253 8 
819166261 1421502 
820587763 297706 
820885469 75928 
820961397 61996 
821023393 376 
821023769 76 
821023845 5 
821023850 1 
821023851 530994 
821554845 75928 
821630773 61996 
821692769 7364 
821700133 124 
821700257 32 
821700289 5 
821700294 2 
821700296 530994 
822231290 28908 
822260198 376 
822260574 124 
822260698 5 
822260703 2 
822260705 2175776 
824436481 297706 
824734187 61996 
824796183 2454 
824798637 376 
824799013 176 
824799189 1 
824799190 297706 
825096896 75928 
825172824 35548 
825208372 852 
825209224 342 
825209566 3 
825209569 1 
825209570 530994 
825740564 6512 
825747076 676 
825747752 10 
825747762 8 
825747770 1 
825747771 75928 
825823699 13942 
825837641 2454 
825840095 176 
825840271 52 
825840323 10 
825840333 5 
825840338 1 
825840339 1182952 
827023291 54306 
827077597 4908 
827082505 852 
827083357 124 
827083481 20 
827083501 2 
827083503 2710934 
829794437 297706 
830092143 54306 
830146449 2454 
830148903 32 
830148935 10 
830148945 5 
830148950 476688 
830625638 176 
830625814 10 
830625824 3 
830625827 1 
830625828 54306 
830680134 2454 
830682588 376 
830682964 176 
830683140 52 
830683192 5 
830683197 1421502 
832104699 270942 
832375641 13942 
832389583 4908 
832394491 376 
832394867 76 
832394943 31 
832394974 75928 
832470902 61996 
832532898 1602 
832534500 676 
832535176 5 
832535181 2 
832535183 712066 
833247249 75928 
833323177 40364 
833363541 316 
833363857 10 
833363867 5 
833363872 2 
833363874 1421502 
834785376 221778 
835007154 2454 
835009608 376 
835009984 124 
835010108 32 
835010140 1 
835010141 1421502 
836431643 159594 
836591237 7738 
836598975 376 
836599351 124 
836599475 5 
836599480 2 
836599482 471780 
837071262 1286 
837072548 76 
837072624 10 
837072634 1421502 
838494136 530994 
839025130 75928 
839101058 21990 
839123048 2454 
839125502 124 
839125626 26 
839125652 2 
839125654 880946 
840006600 225868 
840232468 28908 
840261376 4908 
840266284 376 
840266660 124 
840266784 24 
840266808 26454 
840293262 1421502 
841714764 297706 
842012470 75928 
842088398 2454 
842090852 1286 
842092138 76 
842092214 5 
842092219 2 
842092221 530994 
842623215 11794 
842635009 376 
842635385 124 
842635509 26 
842635535 3 
842635538 1 
842635539 712066 
843347605 40364 
843387969 7738 
843395707 1286 
843396993 176 
843397169 3 
843397172 225868 
843623040 26454 
843649494 1602 
843651096 676 
843651772 124 
843651896 10 
843651906 5 
843651911 1421502 
845073413 530994 
845604407 146890 
845751297 176 
845751473 10 
845751483 1 
845751484 297706 
846049190 7738 
846056928 76 
846057004 10 
846057014 3 
846057017 159594 
846216611 7738 
846224349 376 
846224725 52 
846224777 10 
846224787 3 
846224790 297706 
846522496 54306 
846576802 4908 
846581710 376 
846582086 32 
846582118 5 
846582123 1 
846582124 1421502 
848003626 530994 
848534620 146890 
848681510 7738 
848689248 1602 
848690850 376 
848691226 32 
848691258 5 
848691263 2 
848691265 1421502 
850112767 297706 
850410473 75928 
850486401 13942 
850500343 4908 
850505251 376 
850505627 176 
850505803 76 
850505879 8 
850505887 1 
850505888 1421502 
851927390 75928 
852003318 40364 
852043682 176 
852043858 1182952 
853226810 13942 
853240752 6512 
853247264 376 
853247640 176 
853247816 10 
853247826 3 
853247829 530994 
853778823 61996 
853840819 4908 
853845727 376 
853846103 124 
853846227 32 
853846259 5 
853846264 1 
853846265 880946 
854727211 69734 
854796945 4056 
854801001 176 
854801177 118 
854801295 3 
854801298 457300 
855258598 376 
855258974 124 
855259098 10 
855259108 3 
855259111 1421502 
856680613 530994 
857211607 54306 
857265913 4432 
857270345 316 
857270661 10 
857270671 1 
857270672 712066 
857982738 69734 
858052472 2454 
858054926 376 
858055302 176 
858055478 5 
858055483 880946 
858936429 54306 
858990735 2454 
858993189 342 
858993531 10 
858993541 8 
858993549 1 
858993550 1165830 
860159380 2454 
860161834 852 
860162686 176 
860162862 10 
860162872 8 
860162880 880946 
861043826 75928 
861119754 40364 
861160118 376 
861160494 124 
861160618 32 
861160650 10 
861160660 5 
861160665 712066 
861872731 13942 
861886673 2454 
861889127 852 
861889979 76 
861890055 10 
861890065 8 
861890073 1 
861890074 1421502 
863311576 530994 
863842570 7364 
863849934 342 
863850276 5 
863850281 1 
863850282 297706 
864147988 13942 
864161930 376 
864162306 176 
864162482 52 
864162534 10 
864162544 712066 
864874610 75928 
864950538 28908 
864979446 2454 
864981900 5 
864981905 1 
864981906 880946 
865862852 225868 
866088720 21990 
866110710 2454 
866113164 1286 
866114450 10 
866114460 1258880 
867373340 35548 
867408888 2454 
867411342 852 
867412194 123 
867412317 712066 
868124383 28908 
868153291 2454 
868155745 676 
868156421 118 
868156539 2 
868156541 159594 
868316135 28908 
868345043 1286 
868346329 124 
868346453 8 
868346461 1 
868346462 1421502 
869767964 75928 
869843892 35548 
869879440 852 
869880292 76 
869880368 10 
869880378 8 
869880386 712066 
870592452 28908 
870621360 2454 
870623814 852 
870624666 176 
870624842 32 
870624874 10 
870624884 3 
870624887 712066 
871336953 75928 
871412881 13942 
871426823 2454 
871429277 676 
871429953 124 
871430077 23 
871430100 195014 
871625114 13396 
871638510 176 
871638686 52 
871638738 3 
871638741 1 
871638742 61996 
871700738 4908 
871705646 376 
871706022 26 
871706048 1 
871706049 1421502 
873127551 297706 
873425257 26454 
873451711 376 
873452087 32 
873452119 10 
873452129 5 
873452134 2133568 
875585702 35548 
875621250 4056 
875625306 52 
875625358 5 
875625363 2 
875625365 1421502 
877046867 146890 
877193757 7738 
877201495 2454 
877203949 852 
877204801 124 
877204925 1 
877204926 176 
877205102 1421502 
878626604 297706 
878924310 69734 
878994044 1602 
878995646 176 
878995822 20 
878995842 1 
878995843 159594 
879155437 1602 
879157039 176 
879157215 32 
879157247 3 
879157250 75928 
879233178 35548 
879268726 4432 
879273158 176 
879273334 32 
879273366 3 
879273369 712066 
879985435 2454 
879987889 676 
879988565 124 
879988689 26 
879988715 3 
879988718 1258880 
881247598 7738 
881255336 1602 
881256938 676 
881257614 32 
881257646 10 
881257656 8 
881257664 26454 
881284118 52 
881284170 5 
881284175 225868 
881510043 13942 
881523985 2454 
881526439 376 
881526815 176 
881526991 76 
881527067 10 
881527077 3 
881527080 1 
881527081 4027754 
885554835 297706 
885852541 75928 
885928469 28908 
885957377 2454 
885959831 852 
885960683 342 
885961025 26 
885961051 1258880 
887219931 40364 
887260295 4908 
887265203 376 
887265579 176 
887265755 10 
887265765 8 
887265773 146890 
887412663 2454 
887415117 852 
887415969 176 
887416145 52 
887416197 10 
887416207 5 
887416212 880946 
888297158 35548 
888332706 852 
888333558 52 
888333610 8 
888333618 1 
888333619 712066 
889045685 61996 
889107681 4056 
889111737 176 
889111913 118 
889112031 1421502 
890533533 297706 
890831239 75928 
890907167 13942 
890921109 2454 
890923563 1286 
890924849 176 
890925025 52 
890925077 20 
890925097 1 
890925098 1602 
890926700 530994 
891457694 61996 
891519690 4908 
891524598 852 
891525450 76 
891525526 5 
891525531 2 
891525533 880946 
892406479 13942 
892420421 2454 
892422875 852 
892423727 32 
892423759 8 
892423767 1421502 
893845269 75928 
893921197 61996 
893983193 4908 
893988101 852 
893988953 342 
893989295 10 
893989305 2 
893989307 1316928 
895306235 69734 
895375969 1602 
895377571 176 
895377747 108 
895377855 8 
895377863 1 
895377864 880946 
896258810 21990 
896280800 376 
896281176 52 
896281228 10 
896281238 5 
896281243 1 
896281244 530994 
896812238 75928 
896888166 4432 
896892598 176 
896892774 76 
896892850 20 
896892870 10 
896892880 5 
896892885 1 
896892886 2175776 
899068662 146890 
899215552 7738 
899223290 1602 
899224892 676 
899225568 108 
899225676 5 
899225681 1421502 
900647183 61996 
900709179 4432 
900713611 342 
900713953 3 
900713956 270942 
900984898 4056 
900988954 310 
900989264 2 
900989266 530994 
901520260 28908 
901549168 376 
901549544 52 
901549596 20 
901549616 1182952 
902732568 61996 
902794564 4056 
902798620 176 
902798796 76 
902798872 8 
902798880 13932 
902812812 146890 
902959702 2454 
902962156 852 
902963008 316 
902963324 5 
902963329 2 
902963331 1151888 
904115219 11794 
904127013 124 
904127137 24 
904127161 698124 
904825285 690588 
905515873 2454 
905518327 31 
905518358 2175776 
907694134 54306 
907748440 1602 
907750042 376 
907750418 124 
907750542 10 
907750552 1 
907750553 2710934 
910461487 297706 
910759193 11794 
910770987 852 
910771839 124 
910771963 24 
910771987 880946 
911652933 40364 
911693297 7738 
911701035 376 
911701411 176 
911701587 52 
911701639 10 
911701649 3 
911701652 297706 
911999358 4056 
912003414 316 
912003730 2 
912003732 26 
912003758 2175776 
914179534 270942 
914450476 7738 
914458214 1286 
914459500 124 
914459624 32 
914459656 10 
914459666 3 
914459669 1 
914459670 880946 
915340616 146890 
915487506 2454 
915489960 52 
915490012 35421 
915525433 76 
915525509 10 
915525519 5 
915525524 2 
915525526 2710934 
918236460 35548 
918272008 2454 
918274462 376 
918274838 76 
918274914 3 
918274917 297706 
918572623 4908 
918577531 852 
918578383 76 
918578459 5 
918578464 2 
918578466 1258880 
919837346 40364 
919877710 2454 
919880164 376 
919880540 32 
919880572 2 
919880574 880946 
920761520 21990 
920783510 2454 
920785964 676 
920786640 76 
920786716 10 
920786726 5 
920786731 2 
920786733 35548 
920822281 376 
920822657 176 
920822833 52 
920822885 10 
920822895 3 
920822898 1421502 
922244400 40364 
922284764 1602 
922286366 376 
922286742 176 
922286918 108 
922287026 270942 
922557968 13942 
922571910 4432 
922576342 310 
922576652 1 
922576653 712066 
923288719 75928 
923364647 54306 
923418953 4056 
923423009 316 
923423325 3 
923423328 1421502 
924844830 40364 
924885194 11794 
924896988 376 
924897364 176 
924897540 10 
924897550 5 
924897555 1 
924897556 880946 
925778502 159594 
925938096 26454 
925964550 1602 
925966152 52 
925966204 23 
925966227 75928 
926042155 28908 
926071063 4908 
926075971 852 
926076823 176 
926076999 118 
926077117 3 
926077120 1 
926077121 530994 
926608115 61996 
926670111 1602 
926671713 376 
926672089 108 
926672197 3 
926672200 1 
926672201 2710934 
929383135 270942 
929654077 11794 
929665871 376 
929666247 52 
929666299 23 
929666322 712066 
930378388 75928 
930454316 21990 
930476306 2454 
930478760 852 
930479612 124 
930479736 32 
930479768 10 
930479778 8 
930479786 1 
930479787 880946 
931360733 146890 
931507623 4056 
931511679 176 
931511855 5 
931511860 1 
931511861 1421502 
932933363 530994 
933464357 6512 
933470869 376 
933471245 32 
933471277 300 
933471577 880946 
934352523 75928 
934428451 40364 
934468815 7738 
934476553 676 
934477229 76 
934477305 24 
934477329 1 
934477330 225868 
934703198 4432 
934707630 10 
934707640 5 
934707645 1 
934707646 1421502 
936129148 75928 
936205076 2454 
936207530 852 
936208382 342 
936208724 10 
936208734 2 
936208736 880946 
937089682 225868 
937315550 13942 
937329492 4908 
937334400 376 
937334776 124 
937334900 26 
937334926 3 
937334929 1 
937334930 1182952 
938517882 40364 
938558246 11794 
938570040 176 
938570216 32 
938570248 1182952 
939753200 376 
939753576 10 
939753586 3 
939753589 476688 
940230277 28908 
940259185 376 
940259561 76 
940259637 10 
940259647 8 
940259655 1182952 
941442607 7738 
941450345 376 
941450721 176 
941450897 76 
941450973 26 
941450999 858956 
942309955 6512 
942316467 376 
942316843 123 
942316966 1182952 
943499918 40364 
943540282 6512 
943546794 176 
943546970 32 
943547002 10 
943547012 3 
943547015 1 
943547016 145662 
943692678 1421502 
945114180 75928 
945190108 40364 
945230472 76 
945230548 10 
945230558 5 
945230563 159594 
945390157 13942 
945404099 4432 
945408531 176 
945408707 2 
945408709 75928 
945484637 61996 
945546633 2454 
945549087 10 
945549097 8 
945549105 1 
945549106 1421502 
946970608 145662 
947116270 376 
947116646 32 
947116678 10 
947116688 8 
947116696 1421502 
948538198 530994 
949069192 54306 
949123498 1286 
949124784 52 
949124836 8 
949124844 6510 
949131354 712066 
949843420 75928 
949919348 40364 
949959712 4432 
949964144 52 
949964196 2 
949964198 530994 
950495192 146890 
950642082 76 
950642158 26 
950642184 1 
950642185 124 
950642309 2175776 
952818085 159594 
952977679 28908 
953006587 4908 
953011495 376 
953011871 32 
953011903 10 
953011913 5 
953011918 2 
953011920 1421502 
954433422 225868 
954659290 13942 
954673232 7364 
954680596 52 
954680648 10 
954680658 3 
954680661 1 
954680662 297706 
954978368 75928 
955054296 11794 
955066090 1286 
955067376 176 
955067552 32 
955067584 10 
955067594 8 
955067602 1 
955067603 6510 
955074113 1392856 
956466969 13942 
956480911 4908 
956485819 376 
956486195 52 
956486247 2 
956486249 75928 
956562177 7738 
956569915 2454 
956572369 1286 
956573655 26 
956573681 3 
956573684 2710934 
959284618 880946 
960165564 21990 
960187554 2454 
960190008 376 
960190384 32 
960190416 10 
960190426 2 
960190428 1182952 
961373380 69734 
961443114 2454 
961445568 1286 
961446854 10 
961446864 3 
961446867 880946 
962327813 225868 
962553681 7738 
962561419 852 
962562271 176 
962562447 20 
962562467 1 
962562468 225868 
962788336 7738 
962796074 52 
962796126 10 
962796136 5 
962796141 2 
962796143 2175776 
964971919 297706 
965269625 35548 
965305173 4056 
965309229 176 
965309405 52 
965309457 3 
965309460 75928 
965385388 40364 
965425752 2454 
965428206 852 
965429058 176 
965429234 52 
965429286 10 
965429296 5 
965429301 1 
965429302 297706 
965727008 146890 
965873898 2454 
965876352 176 
965876528 20 
965876548 1 
965876549 1421502 
967298051 159594 
967457645 13942 
967471587 2454 
967474041 118 
967474159 3 
967474162 1 
967474163 297706 
967771869 75928 
967847797 35548 
967883345 2454 
967885799 376 
967886175 118 
967886293 2 
967886295 712066 
968598361 75928 
968674289 35548 
968709837 2454 
968712291 852 
968713143 76 
968713219 1 
968713220 2175776 
970888996 297706 
971186702 61996 
971248698 7364 
971256062 32 
971256094 10 
971256104 5 
971256109 880946 
972137055 75928 
972212983 40364 
972253347 7738 
972261085 852 
972261937 316 
972262253 20 
972262273 2 
972262275 880946 
973143221 75928 
973219149 21990 
973241139 2454 
973243593 1286 
973244879 52 
973244931 10 
973244941 3 
973244944 297706 
973542650 4908 
973547558 376 
973547934 176 
973548110 10 
973548120 3 
973548123 1 
973548124 880946 
974429070 225868 
974654938 28908 
974683846 1286 
974685132 76 
974685208 24 
974685232 880946 
975566178 159594 
975725772 2454 
975728226 342 
975728568 10 
975728578 1 
975728579 530994 
976259573 75928 
976335501 35548 
976371049 2454 
976373503 176 
976373679 32 
976373711 1 
976373712 530994 
976904706 75928 
976980634 40364 
977020998 676 
977021674 20 
977021694 457300 
977478994 6512 
977485506 376 
977485882 10 
977485892 2 
977485894 1228 
977487122 225868 
977712990 28908 
977741898 4908 
977746806 124 
977746930 20 
977746950 1 
977746951 1258880 
979005831 2454 
979008285 376 
979008661 32 
979008693 1 
979008694 2175776 
981184470 75928 
981260398 28908 
981289306 4908 
981294214 376 
981294590 124 
981294714 10 
981294724 2 
981294726 1421502 
982716228 457300 
983173528 7738 
983181266 1228 
983182494 32 
983182526 5 
983182531 1 
983182532 457300 
983639832 4908 
983644740 676 
983645416 32 
983645448 5 
983645453 2 
983645455 2175776 
985821231 297706 
986118937 75928 
986194865 40364 
986235229 2454 
986237683 52 
986237735 10 
986237745 698124 
986935869 4908 
986940777 676 
986941453 52 
986941505 5 
986941510 2 
986941512 221778 
987163290 2454 
987165744 76 
987165820 10 
987165830 270942 
987436772 21680 
987458452 108 
987458560 3 
987458563 1 
987458564 1421502 
988880066 225868 
989105934 21990 
989127924 2454 
989130378 852 
989131230 124 
989131354 10 
989131364 530994 
989662358 75928 
989738286 54306 
989792592 2454 
989795046 176 
989795222 10 
989795232 476688 
990271920 21990 
990293910 176 
990294086 32 
990294118 10 
990294128 5 
990294133 1 
990294134 530994 
990825128 75928 
990901056 7738 
990908794 852 
990909646 52 
990909698 5 
990909703 1 
990909704 2175776 
993085480 476688 
993562168 7738 
993569906 2454 
993572360 124 
993572484 8 
993572492 712066 
994284558 75928 
994360486 40364 
994400850 376 
994401226 76 
994401302 10 
994401312 1 
994401313 517052 
994918365 7738 
994926103 1602 
994927705 376 
994928081 124 
994928205 10 
994928215 3 
994928218 880946 
995809164 28908 
995838072 1602 
995839674 376 
995840050 176 
995840226 32 
995840258 5 
995840263 1 
995840264 40364 
995880628 7738 
995888366 1602 
995889968 676 
995890644 76 
995890720 24 
995890744 2133568 
998024312 13942 
998038254 2454 
998040708 176 
998040884 108 
998040992 2