97 
1 1 
2 2 
4 4 
8 1 
9 9 
18 8 
26 18 
44 2 
46 1 
47 9 
56 2 
58 18 
76 2 
78 1 
79 9 
88 4 
92 18 
110 2 
112 1 
113 113 
226 79 
305 4 
309 113 
422 26 
448 9 
457 2 
459 26 
485 4 
489 1 
490 2 
492 1 
493 226 
719 26 
745 9 
754 4 
758 1 
759 113 
872 47 
919 4 
923 1 
924 18 
942 4 
946 9 
955 2 
957 79 
1036 4 
1040 1 
1041 1041 
2082 493 
2575 113 
2688 9 
2697 2 
2699 1041 
3740 759 
4499 2 
4501 4 
4505 1 
4506 58 
4564 2 
4566 1 
4567 1 
4568 4568 
9136 113 
9249 79 
9328 4 
9332 2 
9334 309 
9643 58 
9701 9 
9710 4 
9714 113 
9827 1 
9828 2082 
11910 58 
11968 9 
11977 4 
11981 2 
11983 1 
11984 11984 
23968 1041 
25009 493 
25502 58 
25560 8 
25568 25568 
51136 25568 
76704 493 
77197 113 
77310 9 
77319 1 
77320 11984 
89304 9828 
99132 759 
99891 92 
99983 9 
99992 4 
99996 2 
99998 1