5064 
1 1 
2 2 
4 1 
5 1 
6 4 
10 5 
15 1 
16 5 
21 10 
31 10 
41 1 
42 16 
58 4 
62 1 
63 41 
104 16 
120 104 
224 62 
286 62 
348 21 
369 120 
489 21 
510 104 
614 31 
645 120 
765 62 
827 42 
869 10 
879 224 
1103 21 
1124 5 
1129 63 
1192 4 
1196 879 
2075 120 
2195 58 
2253 63 
2316 4 
2320 1 
2321 369 
2690 1196 
3886 614 
4500 6 
4506 120 
4626 63 
4689 21 
4710 2 
4712 1 
4713 614 
5327 6 
5333 869 
6202 4 
6206 1196 
7402 1 
7403 510 
7913 63 
7976 31 
8007 6 
8013 2 
8015 1 
8016 6206 
14222 510 
14732 63 
14795 10 
14805 1 
14806 63 
14869 21 
14890 2 
14892 16 
14908 2 
14910 6206 
21116 1129 
22245 21 
22266 6 
22272 2 
22274 14869 
37143 14892 
52035 879 
52914 348 
53262 104 
53366 52914 
106280 16 
106296 37143 
143439 14892 
158331 14892 
173223 37143 
210366 1196 
211562 31 
211593 348 
211941 7403 
219344 120 
219464 41 
219505 14869 
234374 4713 
239087 2321 
241408 348 
241756 16 
241772 4 
241776 4713 
246489 106280 
352769 6206 
358975 37143 
396118 3886 
400004 63 
400067 31 
400098 6 
400104 2 
400106 1 
400107 53366 
453473 37143 
490616 8016 
498632 2690 
501322 879 
502201 120 
502321 63 
502384 21 
502405 6 
502411 2 
502413 1 
502414 369 
502783 211941 
714724 6206 
720930 369 
721299 104 
721403 6 
721409 2 
721411 173223 
894634 7403 
902037 369 
902406 104 
902510 10 
902520 1 
902521 10 
902531 352769 
1255300 106296 
1361596 246489 
1608085 14910 
1622995 879 
1623874 58 
1623932 1124 
1625056 63 
1625119 6 
1625125 2 
1625127 1 
1625128 234374 
1859502 2690 
1862192 827 
1863019 31 
1863050 224 
1863274 31 
1863305 246489 
2109794 14910 
2124704 1196 
2125900 369 
2126269 63 
2126332 10 
2126342 4 
2126346 902521 
3028867 453473 
3482340 5333 
3487673 645 
3488318 42 
3488360 1 
3488361 246489 
3734850 14910 
3749760 510 
3750270 6 
3750276 2 
3750278 6 
3750284 53366 
3803650 52035 
3855685 869 
3856554 4 
3856558 2 
3856560 3028867 
6885427 352769 
7238196 369 
7238565 63 
7238628 10 
7238638 1 
7238639 453473 
7692112 14910 
7707022 5333 
7712355 645 
7713000 104 
7713104 10 
7713114 4 
7713118 3488361 
11201479 52035 
11253514 286 
11253800 1863019 
13116819 53262 
13170081 2126346 
15296427 158331 
15454758 348 
15455106 502783 
15957889 53366 
16011255 6206 
16017461 645 
16018106 63 
16018169 16 
16018185 1 
16018186 3856560 
19874746 2126346 
22001092 453473 
22454565 369 
22454934 58 
22454992 1 
22454993 3856560 
26311553 2126346 
28437899 22274 
28460173 6206 
28466379 369 
28466748 104 
28466852 4 
28466856 2126346 
30593202 721411 
31314613 158331 
31472944 348 
31473292 510 
31473802 721411 
32195213 400107 
32595320 3750284 
36345604 2126346 
38471950 1196 
38473146 31 
38473177 2 
38473179 7713118 
46186297 1863305 
48049602 765 
48050367 58 
48050425 1 
48050426 11253800 
59304226 1623932 
60928158 10 
60928168 4 
60928172 721409 
61649581 31 
61649612 21116 
61670728 1124 
61671852 2 
61671854 1 
61671855 2126346 
63798201 7713118 
71511319 1361596 
72872915 52035 
72924950 645 
72925595 58 
72925653 2 
72925655 32195213 
105120868 106296 
105227164 6206 
105233370 369 
105233739 63 
105233802 21 
105233823 1 
105233824 765 
105234589 53366 
105287955 52035 
105339990 104 
105340094 10 
105340104 4 
105340108 22274 
105362382 14806 
105377188 58 
105377246 1 
105377247 453473 
105830720 8016 
105838736 3886 
105842622 224 
105842846 41 
105842887 645 
105843532 902531 
106746063 211941 
106958004 5333 
106963337 645 
106963982 58 
106964040 1129 
106965169 502414 
107467583 348 
107467931 10 
107467941 2 
107467943 2321 
107470264 1361596 
108831860 143439 
108975299 8016 
108983315 765 
108984080 21 
108984101 6 
108984107 1 
108984108 11253800 
120237908 246489 
120484397 53366 
120537763 37143 
120574906 8016 
120582922 1196 
120584118 614 
120584732 21 
120584753 6 
120584759 2 
120584761 1 
120584762 143439 
120728201 502783 
121230984 53366 
121284350 14222 
121298572 63 
121298635 2 
121298637 1 
121298638 358975 
121657613 246489 
121904102 37143 
121941245 4713 
121945958 369 
121946327 31 
121946358 614 
121946972 2126346 
124073318 358975 
124432293 8016 
124440309 879 
124441188 120 
124441308 10 
124441318 4 
124441322 37143 
124478465 4713 
124483178 211941 
124695119 6206 
124701325 827 
124702152 21 
124702173 173223 
124875396 7403 
124882799 369 
124883168 104 
124883272 10 
124883282 2 
124883284 1 
124883285 502783 
125386068 37143 
125423211 369 
125423580 4 
125423584 3856560 
129280144 2126346 
131406490 400107 
131806597 22274 
131828871 8016 
131836887 1196 
131838083 120 
131838203 63 
131838266 10 
131838276 2126346 
133964622 234374 
134198996 106280 
134305276 234374 
134539650 502783 
135042433 53366 
135095799 14910 
135110709 5333 
135116042 369 
135116411 21 
135116432 6 
135116438 1 
135116439 246489 
135362928 53366 
135416294 14222 
135430516 369 
135430885 10 
135430895 1 
135430896 502783 
135933679 143439 
136077118 8016 
136085134 5333 
136090467 489 
136090956 10 
136090966 2 
136090968 14869 
136105837 2 
136105839 286 
136106125 827 
136106952 10 
136106962 1 
136106963 2126346 
138233309 358975 
138592284 1196 
138593480 120 
138593600 63 
138593663 2 
138593665 6 
138593671 502783 
139096454 37143 
139133597 1196 
139134793 120 
139134913 63 
139134976 16 
139134992 1361596 
140496588 219505 
140716093 3886 
140719979 31 
140720010 1 
140720011 22274 
140742285 2126346 
142868631 721411 
143590042 106296 
143696338 8016 
143704354 2321 
143706675 286 
143706961 42 
143707003 1124 
143708127 721411 
144429538 902521 
145332059 1863305 
147195364 53366 
147248730 37143 
147285873 6206 
147292079 348 
147292427 16 
147292443 4 
147292447 7238639 
154531086 8016 
154539102 1129 
154540231 7402 
154547633 453473 
155001106 22274 
155023380 8016 
155031396 2690 
155034086 510 
155034596 31 
155034627 2 
155034629 4506 
155039135 902531 
155941666 246489 
156188155 8016 
156196171 1196 
156197367 21 
156197388 2 
156197390 1 
156197391 2126346 
158323737 234374 
158558111 2690 
158560801 1129 
158561930 21 
158561951 5 
158561956 3886 
158565842 234374 
158800216 2690 
158802906 765 
158803671 58 
158803729 2 
158803731 1 
158803732 3856560 
162660292 502783 
163163075 143439 
163306514 3886 
163310400 224 
163310624 6 
163310630 2 
163310632 1 
163310633 502783 
163813416 53366 
163866782 37143 
163903925 6206 
163910131 369 
163910500 6 
163910506 2 
163910508 1 
163910509 765 
163911274 106296 
164017570 14222 
164031792 224 
164032016 21 
164032037 6 
164032043 1 
164032044 3028867 
167060911 400107 
167461018 22274 
167483292 8016 
167491308 1196 
167492504 510 
167493014 63 
167493077 31 
167493108 5 
167493113 4506 
167497619 1196 
167498815 489 
167499304 15 
167499319 14869 
167514188 2 
167514190 3803650 
171317840 37143 
171354983 879 
171355862 15 
171355877 2320 
171358197 219505 
171577702 502783 
172080485 173223 
172253708 6206 
172259914 765 
172260679 42 
172260721 6 
172260727 1 
172260728 52914 
172313642 2126346 
174439988 721411 
175161399 106296 
175267695 21116 
175288811 765 
175289576 16 
175289592 2 
175289594 1 
175289595 453473 
175743068 14910 
175757978 1196 
175759174 120 
175759294 6 
175759300 2 
175759302 1 
175759303 1255300 
177014603 8016 
177022619 5333 
177027952 120 
177028072 21 
177028093 879 
177028972 8016 
177036988 5333 
177042321 645 
177042966 31 
177042997 6 
177043003 241776 
177284779 106296 
177391075 4689 
177395764 6 
177395770 2 
177395772 3488361 
180884133 358975 
181243108 2126346 
183369454 173223 
183542677 22274 
183564951 2195 
183567146 10 
183567156 1129 
183568285 3028867 
186597152 106296 
186703448 22274 
186725722 8016 
186733738 1196 
186734934 510 
186735444 502783 
187238227 106296 
187344523 22274 
187366797 6206 
187373003 879 
187373882 120 
187374002 58 
187374060 2 
187374062 1 
187374063 173223 
187547286 8016 
187555302 1196 
187556498 645 
187557143 10 
187557153 2 
187557155 879 
187558034 53366 
187611400 173223 
187784623 6206 
187790829 645 
187791474 42 
187791516 10 
187791526 2 
187791528 1 
187791529 22274 
187813803 8016 
187821819 1129 
187822948 42 
187822990 2 
187822992 1 
187822993 3856560 
191679553 502783 
192182336 173223 
192355559 21116 
192376675 645 
192377320 42 
192377362 2 
192377364 1 
192377365 3488361 
195865726 53366 
195919092 22274 
195941366 8016 
195949382 5333 
195954715 120 
195954835 21 
195954856 1 
195954857 53366 
196008223 22274 
196030497 8016 
196038513 5333 
196043846 765 
196044611 502783 
196547394 6206 
196553600 879 
196554479 120 
196554599 63 
196554662 21 
196554683 6 
196554689 902531 
197457220 246489 
197703709 37143 
197740852 14222 
197755074 369 
197755443 6 
197755449 2 
197755451 1625128 
199380579 106296 
199486875 22274 
199509149 8016 
199517165 4626 
199521791 42 
199521833 4 
199521837 2 
199521839 721411 
200243250 31 
200243281 2 
200243283 1129 
200244412 2126346 
202370758 502783 
202873541 210366 
203083907 1129 
203085036 16 
203085052 2 
203085054 1 
203085055 502783 
203587838 106296 
203694134 14910 
203709044 2690 
203711734 1129 
203712863 42 
203712905 2 
203712907 502414 
204215321 1129 
204216450 22274 
204238724 8016 
204246740 879 
204247619 120 
204247739 63 
204247802 15 
204247817 902531 
205150348 173223 
205323571 14222 
205337793 120 
205337913 42 
205337955 6 
205337961 2 
205337963 1863305 
207201268 37143 
207238411 5333 
207243744 369 
207244113 63 
207244176 10 
207244186 2 
207244188 14806 
207258994 1863305 
209122299 106296 
209228595 8016 
209236611 1196 
209237807 369 
209238176 31 
209238207 6 
209238213 2 
209238215 1 
209238216 2126346 
211364562 143439 
211508001 8016 
211516017 2690 
211518707 614 
211519321 5 
211519326 721411 
212240737 53366 
212294103 8016 
212302119 1196 
212303315 827 
212304142 2 
212304144 902531 
213206675 2690 
213209365 1192 
213210557 1255300 
214465857 5 
214465862 2690 
214468552 1129 
214469681 62 
214469743 1361596 
215831339 106296 
215937635 22274 
215959909 6206 
215966115 1192 
215967307 502414 
216469721 1863305 
218333026 53366 
218386392 22274 
218408666 1129 
218409795 42 
218409837 10 
218409847 2 
218409849 1 
218409850 502783 
218912633 53366 
218965999 37143 
219003142 6206 
219009348 286 
219009634 42 
219009676 6 
219009682 1361596 
220371278 37143 
220408421 8016 
220416437 1196 
220417633 645 
220418278 31 
220418309 4 
220418313 2321 
220420634 614 
220421248 3855685 
224276933 224 
224277157 31 
224277188 6 
224277194 8016 
224285210 1863305 
226148515 1361596 
227510111 211941 
227722052 1196 
227723248 224 
227723472 42 
227723514 6 
227723520 1 
227723521 246489 
227970010 53366 
228023376 4713 
228028089 369 
228028458 31 
228028489 2 
228028491 2126346 
230154837 158331 
230313168 8016 
230321184 4713 
230325897 120 
230326017 42 
230326059 6 
230326065 14806 
230340871 1255300 
231596171 21116 
231617287 286 
231617573 6 
231617579 2 
231617581 1 
231617582 721411 
232338993 53366 
232392359 37143 
232429502 8016 
232437518 879 
232438397 63 
232438460 31 
232438491 5 
232438496 721411 
233159907 173223 
233333130 158331 
233491461 2126346 
235617807 53366 
235671173 14910 
235686083 2690 
235688773 879 
235689652 63 
235689715 21 
235689736 6 
235689742 120 
235689862 3028867 
238718729 246489 
238965218 8016 
238973234 2690 
238975924 1103 
238977027 6 
238977033 2 
238977035 502783 
239479818 53366 
239533184 37143 
239570327 8016 
239578343 2690 
239581033 879 
239581912 63 
239581975 10 
239581985 721411 
240303396 37143 
240340539 8016 
240348555 1196 
240349751 510 
240350261 2 
240350263 453473 
240803736 22274 
240826010 14222 
240840232 104 
240840336 4 
240840340 902531 
241742871 246489 
241989360 53366 
242042726 37143 
242079869 510 
242080379 63 
242080442 31 
242080473 6 
242080479 721411 
242801890 106296 
242908186 6206 
242914392 510 
242914902 58 
242914960 2 
242914962 1 
242914963 902531 
243817494 246489 
244063983 22274 
244086257 14222 
244100479 63 
244100542 5 
244100547 879 
244101426 1863305 
245964731 1608085 
247572816 4713 
247577529 224 
247577753 21 
247577774 5 
247577779 62 
247577841 246489 
247824330 37143 
247861473 3886 
247865359 369 
247865728 42 
247865770 15 
247865785 1361596 
249227381 211941 
249439322 1196 
249440518 614 
249441132 6 
249441138 2 
249441140 1 
249441141 53366 
249494507 106296 
249600803 8016 
249608819 5333 
249614152 120 
249614272 63 
249614335 21 
249614356 6 
249614362 2 
249614364 246489 
249860853 37143 
249897996 3886 
249901882 120 
249902002 42 
249902044 5 
249902049 3028867 
252930916 358975 
253289891 7403 
253297294 369 
253297663 31 
253297694 6 
253297700 1 
253297701 453473 
253751174 7403 
253758577 21 
253758598 6 
253758604 2 
253758606 1 
253758607 902531 
254661138 22274 
254683412 8016 
254691428 1196 
254692624 120 
254692744 63 
254692807 16 
254692823 1863305 
256556128 106296 
256662424 22274 
256684698 5333 
256690031 510 
256690541 58 
256690599 2 
256690601 902531 
257593132 158331 
257751463 8016 
257759479 3886 
257763365 63 
257763428 21 
257763449 2 
257763451 1 
257763452 1863305 
259626757 53366 
259680123 37143 
259717266 2321 
259719587 120 
259719707 42 
259719749 5 
259719754 502783 
260222537 158331 
260380868 2690 
260383558 120 
260383678 63 
260383741 21 
260383762 1 
260383763 369 
260384132 902531 
261286663 246489 
261533152 37143 
261570295 8016 
261578311 3886 
261582197 510 
261582707 63 
261582770 31 
261582801 2 
261582803 1 
261582804 2126346 
263709150 246489 
263955639 53366 
264009005 8016 
264017021 224 
264017245 10 
264017255 502783 
264520038 902531 
265422569 219505 
265642074 224 
265642298 10 
265642308 2 
265642310 1 
265642311 1255300 
266897611 53366 
266950977 22274 
266973251 14222 
266987473 63 
266987536 31 
266987567 6 
266987573 2 
266987575 246489 
267234064 37143 
267271207 7403 
267278610 369 
267278979 42 
267279021 10 
267279031 4506 
267283537 15 
267283552 2126346 
269409898 246489 
269656387 53366 
269709753 37143 
269746896 6206 
269753102 879 
269753981 120 
269754101 58 
269754159 2 
269754161 53262 
269807423 1863305 
271670728 143439 
271814167 8016 
271822183 1196 
271823379 120 
271823499 42 
271823541 10 
271823551 4 
271823555 902531 
272726086 106296 
272832382 3886 
272836268 286 
272836554 42 
272836596 6 
272836602 2 
272836604 1625128 
274461732 2690 
274464422 63 
274464485 2 
274464487 1 
274464488 1361596 
275826084 173223 
275999307 22274 
276021581 1129 
276022710 21 
276022731 6 
276022737 2 
276022739 902531 
276925270 53366 
276978636 7403 
276986039 63 
276986102 5 
276986107 173223 
277159330 8016 
277167346 5333 
277172679 765 
277173444 21 
277173465 6 
277173471 1 
277173472 1863305 
279036777 219505 
279256282 4626 
279260908 4 
279260912 211941 
279472853 2690 
279475543 369 
279475912 31 
279475943 6 
279475949 2 
279475951 1625128 
281101079 22274 
281123353 510 
281123863 63 
281123926 31 
281123957 5 
281123962 902531 
282026493 53366 
282079859 37143 
282117002 8016 
282125018 5333 
282130351 510 
282130861 63 
282130924 16 
282130940 1 
282130941 52035 
282182976 7403 
282190379 14806 
282205185 158331 
282363516 1196 
282364712 510 
282365222 63 
282365285 21 
282365306 6 
282365312 2 
282365314 1 
282365315 902531 
283267846 106296 
283374142 22274 
283396416 2075 
283398491 63 
283398554 16 
283398570 2 
283398572 502783 
283901355 53366 
283954721 37143 
283991864 2075 
283993939 21 
283993960 510 
283994470 2126346 
286120816 502783 
286623599 8016 
286631615 2690 
286634305 827 
286635132 21 
286635153 6 
286635159 2 
286635161 2126346 
288761507 246489 
289007996 22274 
289030270 8016 
289038286 1196 
289039482 645 
289040127 58 
289040185 1 
289040186 37143 
289077329 8016 
289085345 1196 
289086541 645 
289087186 63 
289087249 31 
289087280 2 
289087282 1 
289087283 106296 
289193579 22274 
289215853 8016 
289223869 2690 
289226559 510 
289227069 63 
289227132 15 
289227147 120 
289227267 2126346 
291353613 714724 
292068337 645 
292068982 63 
292069045 6 
292069051 2 
292069053 3028867 
295097920 143439 
295241359 6206 
295247565 120 
295247685 63 
295247748 10 
295247758 2 
295247760 1863305 
297111065 4506 
297115571 31 
297115602 1 
297115603 358975 
297474578 4713 
297479291 369 
297479660 63 
297479723 21 
297479744 6 
297479750 1 
297479751 1196 
297480947 721411 
298202358 143439 
298345797 8016 
298353813 765 
298354578 21 
298354599 2 
298354601 400107 
298754708 2075 
298756783 42 
298756825 4 
298756829 3750284 
302507113 22274 
302529387 8016 
302537403 3886 
302541289 369 
302541658 63 
302541721 21 
302541742 4 
302541746 502783 
303044529 173223 
303217752 14910 
303232662 510 
303233172 63 
303233235 31 
303233266 4 
303233270 14806 
303248076 1361596 
304609672 158331 
304768003 6206 
304774209 120 
304774329 158331 
304932660 2126346 
307059006 22274 
307081280 8016 
307089296 510 
307089806 21 
307089827 2 
307089829 1 
307089830 1625128 
308714958 143439 
308858397 7913 
308866310 58 
308866368 1 
308866369 502783 
309369152 53366 
309422518 22274 
309444792 6206 
309450998 41 
309451039 490616 
309941655 7403 
309949058 489 
309949547 1 
309949548 902531 
310852079 234374 
311086453 3886 
311090339 369 
311090708 42 
311090750 2 
311090752 1 
311090753 902531 
311993284 246489 
312239773 14910 
312254683 5333 
312260016 120 
312260136 63 
312260199 6 
312260205 2 
312260207 721411 
312981618 52035 
313033653 53366 
313087019 37143 
313124162 8016 
313132178 2690 
313134868 879 
313135747 120 
313135867 63 
313135930 5 
313135935 502783 
313638718 53366 
313692084 7403 
313699487 286 
313699773 58 
313699831 1 
313699832 2126346 
315826178 173223 
315999401 22274 
316021675 5333 
316027008 827 
316027835 6 
316027841 2 
316027843 1625056 
317652899 106296 
317759195 2690 
317761885 1129 
317763014 1361596 
319124610 106296 
319230906 22274 
319253180 8016 
319261196 4713 
319265909 348 
319266257 5 
319266262 4 
319266266 1361596 
320627862 106296 
320734158 1196 
320735354 827 
320736181 31 
320736212 6 
320736218 2 
320736220 721411 
321457631 53366 
321510997 22274 
321533271 8016 
321541287 1196 
321542483 510 
321542993 42 
321543035 15 
321543050 490616 
322033666 3886 
322037552 286 
322037838 10 
322037848 2 
322037850 902531 
322940381 53366 
322993747 22274 
323016021 510 
323016531 10 
323016541 2 
323016543 1 
323016544 1863305 
324879849 219505 
325099354 8016 
325107370 879 
325108249 63 
325108312 21 
325108333 6 
325108339 1 
325108340 14892 
325123232 246489 
325369721 3886 
325373607 224 
325373831 58 
325373889 1 
325373890 721411 
326095301 158331 
326253632 8016 
326261648 2690 
326264338 369 
326264707 63 
326264770 10 
326264780 22274 
326287054 8016 
326295070 1196 
326296266 510 
326296776 63 
326296839 6 
326296845 3488361 
329785206 219505 
330004711 8016 
330012727 2321 
330015048 10 
330015058 1361596 
331376654 106296 
331482950 14910 
331497860 645 
331498505 21 
331498526 6 
331498532 246489 
331745021 1361596 
333106617 106296 
333212913 8016 
333220929 5333 
333226262 63 
333226325 31 
333226356 6 
333226362 1 
333226363 52035 
333278398 1361596 
334639994 53366 
334693360 22274 
334715634 5333 
334720967 369 
334721336 31 
334721367 5 
334721372 721411 
335442783 143439 
335586222 4689 
335590911 16 
335590927 1 
335590928 22274 
335613202 2126346 
337739548 358975 
338098523 22274 
338120797 6206 
338127003 286 
338127289 42 
338127331 2 
338127333 1 
338127334 1863019 
339990353 286 
339990639 219505 
340210144 7403 
340217547 369 
340217916 63 
340217979 21 
340218000 6 
340218006 1 
340218007 721411 
340939418 106296 
341045714 21116 
341066830 224 
341067054 42 
341067096 10 
341067106 2 
341067108 1 
341067109 2126346 
343193455 241776 
343435231 1196 
343436427 765 
343437192 16 
343437208 4 
343437212 224 
343437436 52914 
343490350 120 
343490470 4 
343490474 902531 
344393005 106296 
344499301 22274 
344521575 5333 
344526908 489 
344527397 15 
344527412 1863305 
346390717 106296 
346497013 5333 
346502346 765 
346503111 21 
346503132 6 
346503138 2 
346503140 5 
346503145 3028867 
349532012 37143 
349569155 8016 
349577171 4713 
349581884 369 
349582253 42 
349582295 1 
349582296 4 
349582300 1255300 
350837600 53366 
350890966 6206 
350897172 614 
350897786 21 
350897807 6 
350897813 2 
350897815 721411 
351619226 22274 
351641500 1196 
351642696 645 
351643341 63 
351643404 31 
351643435 6 
351643441 2 
351643443 1 
351643444 902531 
352545975 106296 
352652271 22274 
352674545 8016 
352682561 2690 
352685251 104 
352685355 10 
352685365 2 
352685367 358975 
353044342 14910 
353059252 3886 
353063138 224 
353063362 42 
353063404 10 
353063414 1863305 
354926719 173223 
355099942 645 
355100587 63 
355100650 52035 
355152685 1361596 
356514281 53366 
356567647 8016 
356575663 2690 
356578353 1129 
356579482 42 
356579524 6 
356579530 2 
356579532 1 
356579533 502783 
357082316 2690 
357085006 286 
357085292 2 
357085294 1 
357085295 645 
357085940 396118 
357482058 2690 
357484748 645 
357485393 6 
357485399 2 
357485401 1 
357485402 158331 
357643733 489 
357644222 6 
357644228 2 
357644230 1 
357644231 3856560 
361500791 158331 
361659122 6206 
361665328 614 
361665942 16 
361665958 2 
361665960 1255300 
362921260 53366 
362974626 22274 
362996900 369 
362997269 6 
362997275 1 
362997276 902531 
363899807 158331 
364058138 8016 
364066154 1196 
364067350 510 
364067860 31 
364067891 5 
364067896 502783 
364570679 37143 
364607822 14222 
364622044 286 
364622330 2 
364622332 902531 
365524863 246489 
365771352 22274 
365793626 8016 
365801642 4500 
365806142 2 
365806144 239087 
366045231 2253 
366047484 31 
366047515 4 
366047519 246489 
366294008 8016 
366302024 104 
366302128 1 
366302129 1863305 
368165434 106296 
368271730 14910 
368286640 120 
368286760 10 
368286770 4 
368286774 239087 
368525861 453473 
368979334 22274 
369001608 8016 
369009624 2690 
369012314 1129 
369013443 42 
369013485 10 
369013495 902531 
369916026 241776 
370157802 879 
370158681 6 
370158687 2 
370158689 902531 
371061220 37143 
371098363 1129 
371099492 42 
371099534 6 
371099540 1 
371099541 902531 
372002072 8016 
372010088 3886 
372013974 224 
372014198 21 
372014219 2 
372014221 1 
372014222 1623932 
373638154 502783 
374140937 106296 
374247233 2690 
374249923 827 
374250750 31 
374250781 6 
374250787 2 
374250789 1 
374250790 902531 
375153321 246489 
375399810 53366 
375453176 37143 
375490319 8016 
375498335 3886 
375502221 348 
375502569 10 
375502579 4 
375502583 502783 
376005366 158331 
376163697 8016 
376171713 1196 
376172909 765 
376173674 42 
376173716 15 
376173731 2126346 
378300077 490616 
378790693 827 
378791520 10 
378791530 1 
378791531 721411 
379512942 22274 
379535216 8016 
379543232 2321 
379545553 120 
379545673 42 
379545715 15 
379545730 1625128 
381170858 53366 
381224224 22274 
381246498 8016 
381254514 2690 
381257204 120 
381257324 4 
381257328 502783 
381760111 14910 
381775021 2321 
381777342 120 
381777462 42 
381777504 5 
381777509 211593 
381989102 721411 
382710513 158331 
382868844 6206 
382875050 120 
382875170 31 
382875201 2 
382875203 400107 
383275310 120 
383275430 63 
383275493 15 
383275508 502783 
383778291 53366 
383831657 1196 
383832853 104 
383832957 10 
383832967 2 
383832969 490616 
384323585 4506 
384328091 63 
384328154 6 
384328160 2 
384328162 1 
384328163 2126346 
386454509 53366 
386507875 14910 
386522785 120 
386522905 63 
386522968 21 
386522989 6 
386522995 246489 
386769484 14869 
386784353 16 
386784369 3886 
386788255 3856560 
390644815 721411 
391366226 158331 
391524557 8016 
391532573 2690 
391535263 614 
391535877 21 
391535898 2 
391535900 502783 
392038683 173223 
392211906 8016 
392219922 2321 
392222243 120 
392222363 42 
392222405 2 
392222407 1 
392222408 1361596 
393584004 241776 
393825780 1196 
393826976 827 
393827803 10 
393827813 2 
393827815 400107 
394227922 22274 
394250196 1196 
394251392 369 
394251761 42 
394251803 15 
394251818 7402 
394259220 358975 
394618195 42 
394618237 10 
394618247 4 
394618251 4713 
394622964 2126346 
396749310 490616 
397239926 3886 
397243812 510 
397244322 63 
397244385 16 
397244401 2 
397244403 1 
397244404 1625128 
398869532 219505 
399089037 1196 
399090233 369 
399090602 63 
399090665 1 
399090666 219505 
399310171 645 
399310816 31 
399310847 6 
399310853 2 
399310855 239087 
399549942 158331 
399708273 8016 
399716289 5333 
399721622 224 
399721846 58 
399721904 2 
399721906 1863305 
401585211 53366 
401638577 37143 
401675720 489 
401676209 16 
401676225 2 
401676227 1361596 
403037823 158331 
403196154 7403 
403203557 489 
403204046 6 
403204052 902531 
404106583 246489 
404353072 53366 
404406438 8016 
404414454 3886 
404418340 286 
404418626 16 
404418642 4 
404418646 400107 
404818753 8016 
404826769 2321 
404829090 63 
404829153 21 
404829174 6 
404829180 1863305 
406692485 53366 
406745851 14910 
406760761 4713 
406765474 510 
406765984 41 
406766025 902531 
407668556 53262 
407721818 16 
407721834 2 
407721836 1 
407721837 721411 
408443248 22274 
408465522 8016 
408473538 3886 
408477424 224 
408477648 902531 
409380179 8016 
409388195 1129 
409389324 21 
409389345 1361596 
410750941 219505 
410970446 3886 
410974332 31 
410974363 6 
410974369 1 
410974370 246489 
411220859 22274 
411243133 8016 
411251149 1196 
411252345 286 
411252631 16 
411252647 2 
411252649 1 
411252650 5333 
411257983 2690 
411260673 1625128 
412885801 219505 
413105306 8016 
413113322 2321 
413115643 21 
413115664 5 
413115669 106296 
413221965 3028867 
416250832 211941 
416462773 2321 
416465094 120 
416465214 31 
416465245 2126346 
418591591 53366 
418644957 37143 
418682100 2690 
418684790 224 
418685014 42 
418685056 6 
418685062 2 
418685064 721411 
419406475 143439 
419549914 4713 
419554627 31 
419554658 6 
419554664 2 
419554666 1 
419554667 902531 
420457198 143439 
420600637 1196 
420601833 42 
420601875 902531 
421504406 173223 
421677629 8016 
421685645 2690 
421688335 224 
421688559 21 
421688580 721411 
422409991 53366 
422463357 37143 
422500500 5333 
422505833 614 
422506447 2 
422506449 1 
422506450 241776 
422748226 902531 
423650757 158331 
423809088 14222 
423823310 120 
423823430 31 
423823461 6 
423823467 2 
423823469 1 
423823470 37143 
423860613 490616 
424351229 2690 
424353919 1129 
424355048 6 
424355054 2 
424355056 721411 
425076467 22274 
425098741 8016 
425106757 2321 
425109078 63 
425109141 6 
425109147 2 
425109149 3028867 
428138016 21116 
428159132 879 
428160011 10 
428160021 721411 
428881432 143439 
429024871 8016 
429032887 3886 
429036773 21 
429036794 6 
429036800 2 
429036802 1255300 
430292102 37143 
430329245 8016 
430337261 5333 
430342594 645 
430343239 42 
430343281 6 
430343287 1 
430343288 502783 
430846071 8016 
430854087 2690 
430856777 645 
430857422 42 
430857464 6 
430857470 2 
430857472 246489 
431103961 8016 
431111977 1196 
431113173 369 
431113542 4 
431113546 453473 
431567019 5333 
431572352 645 
431572997 10 
431573007 1 
431573008 1625128 
433198136 173223 
433371359 22274 
433393633 8016 
433401649 5333 
433406982 510 
433407492 16 
433407508 1 
433407509 358975 
433766484 14910 
433781394 4713 
433786107 63 
433786170 31 
433786201 4 
433786205 2126346 
435912551 173223 
436085774 8016 
436093790 3886 
436097676 63 
436097739 1 
436097740 2690 
436100430 173223 
436273653 22274 
436295927 8016 
436303943 1129 
436305072 42 
436305114 6 
436305120 1 
436305121 2126346 
438431467 502783 
438934250 53366 
438987616 22274 
439009890 8016 
439017906 2690 
439020596 765 
439021361 5 
439021366 902531 
439923897 234374 
440158271 2690 
440160961 645 
440161606 63 
440161669 10 
440161679 2 
440161681 1361596 
441523277 143439 
441666716 2690 
441669406 369 
441669775 15 
441669790 902531 
442572321 721411 
443293732 106296 
443400028 5333 
443405361 645 
443406006 10 
443406016 2 
443406018 1 
443406019 246489 
443652508 53366 
443705874 37143 
443743017 1196 
443744213 510 
443744723 4 
443744727 1625128 
445369855 37143 
445406998 8016 
445415014 4713 
445419727 286 
445420013 42 
445420055 10 
445420065 2 
445420067 1 
445420068 1863050 
447283118 502783 
447785901 158331 
447944232 8016 
447952248 4713 
447956961 348 
447957309 6 
447957315 2 
447957317 1 
447957318 714724 
448672042 1196 
448673238 369 
448673607 4 
448673611 902531 
449576142 22274 
449598416 7976 
449606392 16 
449606408 2 
449606410 1361596 
450968006 37143 
451005149 6206 
451011355 645 
451012000 63 
451012063 10 
451012073 2 
451012075 52914 
451064989 902531 
451967520 53366 
452020886 37143 
452058029 2690 
452060719 1129 
452061848 42 
452061890 1 
452061891 1863305 
453925196 173223 
454098419 22274 
454120693 7403 
454128096 120 
454128216 58 
454128274 721411 
454849685 37143 
454886828 8016 
454894844 2690 
454897534 765 
454898299 42 
454898341 2 
454898343 902531 
455800874 173223 
455974097 22274 
455996371 5333 
456001704 765 
456002469 2 
456002471 1 
456002472 902531 
456905003 173223 
457078226 2690 
457080916 879 
457081795 120 
457081915 62 
457081977 358975 
457440952 22274 
457463226 8016 
457471242 3886 
457475128 63 
457475191 10 
457475201 4 
457475205 902531 
458377736 211941 
458589677 827 
458590504 2 
458590506 1 
458590507 1361596 
459952103 37143 
459989246 8016 
459997262 2690 
459999952 286 
460000238 58 
460000296 2 
460000298 6206 
460006504 721411 
460727915 53366 
460781281 8016 
460789297 879 
460790176 120 
460790296 63 
460790359 21 
460790380 4 
460790384 2126346 
462916730 53366 
462970096 37143 
463007239 2690 
463009929 645 
463010574 42 
463010616 2 
463010618 1 
463010619 765 
463011384 902531 
463913915 53366 
463967281 902531 
464869812 106296 
464976108 2690 
464978798 224 
464979022 42 
464979064 6 
464979070 721411 
465700481 53366 
465753847 37143 
465790990 7403 
465798393 369 
465798762 10 
465798772 2126346 
467925118 502783 
468427901 21116 
468449017 879 
468449896 120 
468450016 63 
468450079 31 
468450110 6 
468450116 1 
468450117 1863305 
470313422 8016 
470321438 1196 
470322634 645 
470323279 16 
470323295 2 
470323297 902531 
471225828 246489 
471472317 21116 
471493433 879 
471494312 31 
471494343 6 
471494349 2 
471494351 1 
471494352 5333 
471499685 721411 
472221096 143439 
472364535 8016 
472372551 5333 
472377884 827 
472378711 41 
472378752 894634 
473273386 645 
473274031 42 
473274073 10 
473274083 4 
473274087 8016 
473282103 173223 
473455326 8016 
473463342 2690 
473466032 879 
473466911 120 
473467031 31 
473467062 6 
473467068 246489 
473713557 8016 
473721573 4713 
473726286 6 
473726292 2 
473726294 2126346 
475852640 358975 
476211615 22274 
476233889 1196 
476235085 224 
476235309 1 
476235310 2126346 
478361656 400107 
478761763 37143 
478798906 3886 
478802792 63 
478802855 6 
478802861 2 
478802863 1361596 
480164459 106296 
480270755 14910 
480285665 5333 
480290998 63 
480291061 16 
480291077 2 
480291079 239087 
480530166 1863305 
482393471 173223 
482566694 22274 
482588968 4713 
482593681 369 
482594050 58 
482594108 614 
482594722 1863305 
484458027 173223 
484631250 22274 
484653524 8016 
484661540 2690 
484664230 120 
484664350 63 
484664413 16 
484664429 4 
484664433 453473 
485117906 8016 
485125922 5333 
485131255 614 
485131869 21 
485131890 4 
485131894 1863305 
486995199 8016 
487003215 645 
487003860 63 
487003923 16 
487003939 1 
487003940 453473 
487457413 14910 
487472323 3886 
487476209 63 
487476272 2 
487476274 1255300 
488731574 5333 
488736907 286 
488737193 16 
488737209 53262 
488790471 902531 
489693002 22274 
489715276 4713 
489719989 224 
489720213 2 
489720215 1 
489720216 1625128 
491345344 219505 
491564849 8016 
491572865 2075 
491574940 42 
491574982 4 
491574986 63 
491575049 902531 
492477580 106296 
492583876 14910 
492598786 2321 
492601107 286 
492601393 58 
492601451 2 
492601453 106296 
492707749 14910 
492722659 5333 
492727992 104 
492728096 902531 
493630627 106296 
493736923 22274 
493759197 4713 
493763910 120 
493764030 63 
493764093 6 
493764099 239087 
494003186 8016 
494011202 614 
494011816 21 
494011837 1 
494011838 3856560 
497868398 53366 
497921764 37143 
497958907 8016 
497966923 1196 
497968119 369 
497968488 31 
497968519 2 
497968521 1 
497968522 721411 
498689933 1361596 
500051529 53366 
500104895 14910 
500119805 4713 
500124518 510 
500125028 21 
500125049 1 
500125050 1863050 
501988100 902531 
502890631 219505 
503110136 2321 
503112457 63 
503112520 1 
503112521 400107 
503512628 721411 
504234039 8016 
504242055 2075 
504244130 42 
504244172 4 
504244176 502783 
504746959 53366 
504800325 14910 
504815235 5333 
504820568 645 
504821213 10 
504821223 2 
504821225 1 
504821226 721411 
505542637 106296 
505648933 22274 
505671207 8016 
505679223 4713 
505683936 510 
505684446 31 
505684477 6 
505684483 2 
505684485 902531 
506587016 106296 
506693312 22274 
506715586 2321 
506717907 58 
506717965 2 
506717967 902531 
507620498 8016 
507628514 4713 
507633227 510 
507633737 63 
507633800 15 
507633815 1863305 
509497120 173223 
509670343 22274 
509692617 8016 
509700633 3886 
509704519 510 
509705029 6 
509705035 1 
509705036 14869 
509719905 2 
509719907 1863305 
511583212 8016 
511591228 2690 
511593918 1103 
511595021 10 
511595031 2 
511595033 1 
511595034 358975 
511954009 8016 
511962025 5333 
511967358 21 
511967379 6 
511967385 1 
511967386 1625128 
513592514 21116 
513613630 645 
513614275 63 
513614338 2 
513614340 502783 
514117123 53366 
514170489 22274 
514192763 8016 
514200779 2690 
514203469 827 
514204296 31 
514204327 5 
514204332 902531 
515106863 173223 
515280086 22274 
515302360 8016 
515310376 1196 
515311572 510 
515312082 63 
515312145 31 
515312176 1 
515312177 400107 
515712284 22274 
515734558 7403 
515741961 120 
515742081 42 
515742123 6 
515742129 2 
515742131 1361596 
517103727 53366 
517157093 37143 
517194236 8016 
517202252 1196 
517203448 614 
517204062 2 
517204064 1 
517204065 1361596 
518565661 21 
518565682 211941 
518777623 6206 
518783829 827 
518784656 21 
518784677 246489 
519031166 22274 
519053440 2195 
519055635 42 
519055677 10 
519055687 2126346 
521182033 502783 
521684816 53366 
521738182 14910 
521753092 2075 
521755167 16 
521755183 37143 
521792326 8016 
521800342 4713 
521805055 286 
521805341 6 
521805347 2 
521805349 2126346 
523931695 53366 
523985061 37143 
524022204 8016 
524030220 2690 
524032910 120 
524033030 63 
524033093 21 
524033114 6 
524033120 902531 
524935651 37143 
524972794 8016 
524980810 3886 
524984696 21 
524984717 4 
524984721 37143 
525021864 1625128 
526646992 106296 
526753288 22274 
526775562 8016 
526783578 3886 
526787464 369 
526787833 2 
526787835 1 
526787836 246489 
527034325 14910 
527049235 3886 
527053121 510 
527053631 63 
527053694 31 
527053725 5 
527053730 902531 
527956261 14910 
527971171 3886 
527975057 489 
527975546 10 
527975556 2 
527975558 2126346 
530101904 53366 
530155270 37143 
530192413 5333 
530197746 120 
530197866 63 
530197929 10 
530197939 4 
530197943 106296 
530304239 4713 
530308952 510 
530309462 21 
530309483 4 
530309487 396118 
530705605 2690 
530708295 879 
530709174 42 
530709216 2 
530709218 1 
530709219 211941 
530921160 1623932 
532545092 2126346 
534671438 53366 
534724804 14732 
534739536 31 
534739567 6 
534739573 1255300 
535994873 6206 
536001079 879 
536001958 10 
536001968 2 
536001970 1 
536001971 721411 
536723382 1196 
536724578 120 
536724698 31 
536724729 2 
536724731 400107 
537124838 22274 
537147112 2690 
537149802 120 
537149922 16 
537149938 1 
537149939 502783 
537652722 4713 
537657435 510 
537657945 63 
537658008 4 
537658012 502783 
538160795 158331 
538319126 2075 
538321201 63 
538321264 21 
538321285 2 
538321287 246489 
538567776 53366 
538621142 14910 
538636052 5333 
538641385 645 
538642030 63 
538642093 5 
538642098 2126346 
540768444 14910 
540783354 2690 
540786044 510 
540786554 31 
540786585 4 
540786589 352769 
541139358 2126346 
543265704 158331 
543424035 6206 
543430241 369 
543430610 42 
543430652 10 
543430662 2 
543430664 1625128 
545055792 502783 
545558575 37143 
545595718 8016 
545603734 2690 
545606424 224 
545606648 16 
545606664 2 
545606666 1 
545606667 358975 
545965642 502783 
546468425 106296 
546574721 286 
546575007 21 
546575028 6 
546575034 1 
546575035 2126346 
548701381 721411 
549422792 37143 
549459935 1196 
549461131 869 
549462000 6 
549462006 1 
549462007 358975 
549820982 8016 
549828998 2253 
549831251 21 
549831272 246489 
550077761 53366 
550131127 22274 
550153401 1196 
550154597 224 
550154821 42 
550154863 6 
550154869 2 
550154871 173223 
550328094 8016 
550336110 2690 
550338800 827 
550339627 5 
550339632 721411 
551061043 53366 
551114409 37143 
551151552 8016 
551159568 1196 
551160764 120 
551160884 63 
551160947 31 
551160978 2 
551160980 1 
551160981 2109794 
553270775 1196 
553271971 120 
553272091 42 
553272133 2 
553272135 1 
553272136 1361596 
554633732 53366 
554687098 14910 
554702008 879 
554702887 63 
554702950 6 
554702956 1 
554702957 246489 
554949446 53366 
555002812 22274 
555025086 8016 
555033102 1196 
555034298 120 
555034418 63 
555034481 21 
555034502 6 
555034508 2 
555034510 1 
555034511 1361596 
556396107 53366 
556449473 8016 
556457489 2321 
556459810 224 
556460034 31 
556460065 6 
556460071 2 
556460073 1 
556460074 106296 
556566370 22274 
556588644 8016 
556596660 3886 
556600546 120 
556600666 63 
556600729 16 
556600745 3886 
556604631 902531 
557507162 246489 
557753651 53366 
557807017 21116 
557828133 369 
557828502 42 
557828544 5 
557828549 3750284 
561578833 14222 
561593055 369 
561593424 6 
561593430 2 
561593432 902531 
562495963 246489 
562742452 4713 
562747165 369 
562747534 63 
562747597 31 
562747628 1 
562747629 902531 
563650160 173223 
563823383 22274 
563845657 8016 
563853673 2075 
563855748 1 
563855749 62 
563855811 902531 
564758342 106296 
564864638 22274 
564886912 1196 
564888108 286 
564888394 21 
564888415 4 
564888419 1625128 
566513547 106296 
566619843 22274 
566642117 4713 
566646830 224 
566647054 42 
566647096 10 
566647106 2 
566647108 502783 
567149891 173223 
567323114 8016 
567331130 5333 
567336463 765 
567337228 31 
567337259 1255300 
568592559 22274 
568614833 8016 
568622849 4713 
568627562 369 
568627931 63 
568627994 16 
568628010 2 
568628012 510 
568628522 2690 
568631212 120 
568631332 58 
568631390 1 
568631391 902531 
569533922 22274 
569556196 1196 
569557392 645 
569558037 6 
569558043 2 
569558045 1 
569558046 2126346 
571684392 211941 
571896333 6206 
571902539 489 
571903028 2 
571903030 902531 
572805561 8016 
572813577 2195 
572815772 21 
572815793 1 
572815794 502783 
573318577 53366 
573371943 37143 
573409086 5333 
573414419 120 
573414539 63 
573414602 2 
573414604 721411 
574136015 37143 
574173158 8016 
574181174 2690 
574183864 645 
574184509 63 
574184572 21 
574184593 2 
574184595 1 
574184596 1863305 
576047901 173223 
576221124 14732 
576235856 16 
576235872 1 
576235873 502783 
576738656 53366 
576792022 37143 
576829165 14806 
576843971 16 
576843987 4 
576843991 53262 
576897253 53366 
576950619 37143 
576987762 8016 
576995778 4713 
577000491 286 
577000777 4 
577000781 902531 
577903312 241776 
578145088 1196 
578146284 489 
578146773 4 
578146777 453473 
578600250 2690 
578602940 765 
578603705 6 
578603711 2 
578603713 2126346 
580730059 502783 
581232842 14892 
581247734 6 
581247740 219505 
581467245 1196 
581468441 645 
581469086 42 
581469128 6 
581469134 902531 
582371665 246489 
582618154 53366 
582671520 52035 
582723555 369 
582723924 63 
582723987 31 
582724018 6 
582724024 2 
582724026 1 
582724027 902531 
583626558 106296 
583732854 22274 
583755128 8016 
583763144 3886 
583767030 120 
583767150 63 
583767213 21 
583767234 6 
583767240 2 
583767242 1 
583767243 369 
583767612 2126346 
585893958 453473 
586347431 22274 
586369705 8016 
586377721 765 
586378486 42 
586378528 2 
586378530 1 
586378531 246489 
586625020 53366 
586678386 37143 
586715529 6206 
586721735 224 
586721959 16 
586721975 2 
586721977 902531 
587624508 106296 
587730804 2690 
587733494 369 
587733863 104 
587733967 10 
587733977 2 
587733979 400107 
588134086 22274 
588156360 8016 
588164376 2690 
588167066 879 
588167945 63 
588168008 6 
588168014 2 
588168016 2126346 
590294362 246489 
590540851 53366 
590594217 37143 
590631360 120 
590631480 31 
590631511 5 
590631516 1863305 
592494821 7403 
592502224 286 
592502510 1 
592502511 721411 
593223922 53366 
593277288 37143 
593314431 8016 
593322447 5333 
593327780 42 
593327822 2 
593327824 1 
593327825 902531 
594230356 173223 
594403579 14910 
594418489 5333 
594423822 348 
594424170 6 
594424176 2 
594424178 1 
594424179 502783 
594926962 158331 
595085293 8016 
595093309 2321 
595095630 224 
595095854 42 
595095896 4 
595095900 902531 
595998431 8016 
596006447 2690 
596009137 1129 
596010266 21 
596010287 6 
596010293 2 
596010295 358975 
596369270 14910 
596384180 4713 
596388893 224 
596389117 31 
596389148 6 
596389154 1196 
596390350 502783 
596893133 37143 
596930276 7403 
596937679 10 
596937689 4 
596937693 219505 
597157198 2126346 
599283544 502783 
599786327 173223 
599959550 6206 
599965756 510 
599966266 63 
599966329 31 
599966360 4 
599966364 1863305 
601829669 173223 
602002892 1196 
602004088 765 
602004853 42 
602004895 10 
602004905 501322 
602506227 63 
602506290 10 
602506300 721411 
603227711 106296 
603334007 14910 
603348917 2690 
603351607 120 
603351727 6 
603351733 2 
603351735 106296 
603458031 14222 
603472253 58 
603472311 2 
603472313 1 
603472314 2126346 
605598660 106296 
605704956 645 
605705601 104 
605705705 15 
605705720 352769 
606058489 765 
606059254 16 
606059270 2 
606059272 1 
606059273 5333 
606064606 63 
606064669 21 
606064690 5 
606064695 1863305 
607928000 37143 
607965143 1103 
607966246 2 
607966248 1 
607966249 721411 
608687660 143439 
608831099 8016 
608839115 2690 
608841805 765 
608842570 31 
608842601 6 
608842607 2 
608842609 1 
608842610 2126346 
610968956 400107 
611369063 37143 
611406206 8016 
611414222 2690 
611416912 827 
611417739 21 
611417760 6 
611417766 2 
611417768 902037 
612319805 120 
612319925 31 
612319956 6 
612319962 2 
612319964 1 
612319965 358975 
612678940 22274 
612701214 3886 
612705100 510 
612705610 42 
612705652 2 
612705654 1 
612705655 502783 
613208438 173223 
613381661 2690 
613384351 827 
613385178 31 
613385209 614 
613385823 2126346 
615512169 721411 
616233580 37143 
616270723 6206 
616276929 286 
616277215 6 
616277221 1 
616277222 902531 
617179753 173223 
617352976 8016 
617360992 2690 
617363682 286 
617363968 42 
617364010 6 
617364016 721411 
618085427 106296 
618191723 22274 
618213997 2690 
618216687 369 
618217056 104 
618217160 6 
618217166 1 
618217167 246489 
618463656 53262 
618516918 58 
618516976 1 
618516977 1863305 
620380282 158331 
620538613 8016 
620546629 4713 
620551342 510 
620551852 31 
620551883 2 
620551885 241776 
620793661 879 
620794540 120 
620794660 16 
620794676 2 
620794678 1 
620794679 453473 
621248152 22274 
621270426 2690 
621273116 120 
621273236 58 
621273294 902531 
622175825 219505 
622395330 14222 
622409552 286 
622409838 6 
622409844 1625128 
624034972 22274 
624057246 8016 
624065262 3886 
624069148 369 
624069517 63 
624069580 1 
624069581 502783 
624572364 173223 
624745587 14910 
624760497 3886 
624764383 42 
624764425 6 
624764431 2 
624764433 721411 
625485844 53366 
625539210 22274 
625561484 8016 
625569500 3886 
625573386 510 
625573896 106296 
625680192 14910 
625695102 510 
625695612 42 
625695654 5 
625695659 902531 
626598190 246489 
626844679 53366 
626898045 22274 
626920319 6206 
626926525 510 
626927035 42 
626927077 15 
626927092 400107 
627327199 22274 
627349473 2321 
627351794 58 
627351852 2 
627351854 1 
627351855 219505 
627571360 2075 
627573435 63 
627573498 21 
627573519 1 
627573520 3028867 
630602387 246489 
630848876 22274 
630871150 510 
630871660 31 
630871691 1 
630871692 502783 
631374475 106296 
631480771 8016 
631488787 63 
631488850 31 
631488881 6 
631488887 2 
631488889 158331 
631647220 4713 
631651933 63 
631651996 10 
631652006 2 
631652008 502783 
632154791 158331 
632313122 3886 
632317008 224 
632317232 31 
632317263 6 
632317269 2 
632317271 2126346 
634443617 53366 
634496983 8016 
634504999 1196 
634506195 120 
634506315 63 
634506378 6 
634506384 1361596 
635867980 6206 
635874186 879 
635875065 120 
635875185 63 
635875248 31 
635875279 6 
635875285 1 
635875286 721411 
636596697 106296 
636702993 8016 
636711009 5333 
636716342 21 
636716363 6 
636716369 1 
636716370 902531 
637618901 106296 
637725197 22274 
637747471 3886 
637751357 369 
637751726 42 
637751768 6 
637751774 2 
637751776 143439 
637895215 502783 
638397998 53366 
638451364 8016 
638459380 5333 
638464713 765 
638465478 21 
638465499 1625128 
640090627 22274 
640112901 8016 
640120917 3886 
640124803 120 
640124923 31 
640124954 6 
640124960 2 
640124962 106296 
640231258 21116 
640252374 879 
640253253 63 
640253316 6 
640253322 2 
640253324 1 
640253325 502783 
640756108 7403 
640763511 224 
640763735 21 
640763756 2 
640763758 1 
640763759 2126346 
642890105 106296 
642996401 1196 
642997597 510 
642998107 6 
642998113 2 
642998115 1 
642998116 1255300 
644253416 53366 
644306782 52035 
644358817 510 
644359327 2 
644359329 902531 
645261860 14910 
645276770 879 
645277649 104 
645277753 1 
645277754 246489 
645524243 53366 
645577609 8016 
645585625 2075 
645587700 21 
645587721 6 
645587727 2 
645587729 1361596 
646949325 173223 
647122548 8016 
647130564 1196 
647131760 765 
647132525 10 
647132535 4 
647132539 400107 
647532646 22274 
647554920 8016 
647562936 1196 
647564132 369 
647564501 31 
647564532 6 
647564538 2126346 
649690884 173223 
649864107 2690 
649866797 348 
649867145 6 
649867151 2 
649867153 1 
649867154 902531 
650769685 246489 
651016174 37143 
651053317 8016 
651061333 3886 
651065219 63 
651065282 10 
651065292 4 
651065296 2690 
651067986 1863305 
652931291 234374 
653165665 2075 
653167740 6 
653167746 2 
653167748 1 
653167749 14892 
653182641 106296 
653288937 8016 
653296953 3886 
653300839 6 
653300845 2 
653300847 53366 
653354213 22274 
653376487 8016 
653384503 2195 
653386698 42 
653386740 4 
653386744 3028867 
656415611 246489 
656662100 22274 
656684374 8016 
656692390 5333 
656697723 765 
656698488 16 
656698504 4 
656698508 902531 
657601039 246489 
657847528 37143 
657884671 8016 
657892687 2690 
657895377 879 
657896256 58 
657896314 2 
657896316 1 
657896317 902531 
658798848 37143 
658835991 2321 
658838312 120 
658838432 63 
658838495 16 
658838511 2 
658838513 1 
658838514 246489 
659085003 53366 
659138369 6206 
659144575 1129 
659145704 6 
659145710 1 
659145711 502783 
659648494 173223 
659821717 7976 
659829693 16 
659829709 2 
659829711 1 
659829712 502783 
660332495 1196 
660333691 286 
660333977 31 
660334008 6 
660334014 2 
660334016 453473 
660787489 22274 
660809763 8016 
660817779 5333 
660823112 10 
660823122 1 
660823123 1863305 
662686428 106296 
662792724 7403 
662800127 369 
662800496 6 
662800502 2 
662800504 1 
662800505 246489 
663046994 53366 
663100360 22274 
663122634 2321 
663124955 286 
663125241 58 
663125299 1 
663125300 902531 
664027831 5333 
664033164 510 
664033674 63 
664033737 10 
664033747 2 
664033749 1 
664033750 2126346 
666160096 106296 
666266392 14910 
666281302 5333 
666286635 765 
666287400 21 
666287421 6 
666287427 2 
666287429 106296 
666393725 6206 
666399931 510 
666400441 10 
666400451 4 
666400455 1255300 
667655755 14910 
667670665 614 
667671279 6 
667671285 2 
667671287 902531 
668573818 143439 
668717257 2690 
668719947 879 
668720826 10 
668720836 721411 
669442247 53366 
669495613 37143 
669532756 6206 
669538962 6 
669538968 2 
669538970 902531 
670441501 53366 
670494867 14910 
670509777 5333 
670515110 224 
670515334 10 
670515344 1625128 
672140472 211941 
672352413 4713 
672357126 489 
672357615 10 
672357625 2 
672357627 246489 
672604116 14910 
672619026 3886 
672622912 224 
672623136 21 
672623157 6 
672623163 1 
672623164 1361596 
673984760 106296 
674091056 22274 
674113330 6206 
674119536 369 
674119905 42 
674119947 10 
674119957 2 
674119959 1255300 
675375259 37143 
675412402 2195 
675414597 42 
675414639 6 
675414645 1361596 
676776241 143439 
676919680 2690 
676922370 869 
676923239 6 
676923245 2 
676923247 352769 
677276016 1196 
677277212 369 
677277581 104 
677277685 10 
677277695 879 
677278574 2126346 
679404920 502783 
679907703 37143 
679944846 2321 
679947167 104 
679947271 10 
679947281 453473 
680400754 22274 
680423028 3886 
680426914 224 
680427138 721411 
681148549 53366 
681201915 14910 
681216825 2321 
681219146 104 
681219250 5 
681219255 1625128 
682844383 106296 
682950679 21116 
682971795 879 
682972674 120 
682972794 63 
682972857 2 
682972859 1 
682972860 502783 
683475643 53366 
683529009 22274 
683551283 6206 
683557489 1129 
683558618 10 
683558628 1 
683558629 502783 
684061412 106296 
684167708 14910 
684182618 2690 
684185308 879 
684186187 63 
684186250 16 
684186266 4 
684186270 902531 
685088801 246489 
685335290 8016 
685343306 765 
685344071 42 
685344113 2 
685344115 1 
685344116 1863305 
687207421 173223 
687380644 22274 
687402918 4713 
687407631 369 
687408000 42 
687408042 721411 
688129453 53366 
688182819 22274 
688205093 8016 
688213109 2690 
688215799 1129 
688216928 21 
688216949 721411 
688938360 14910 
688953270 2690 
688955960 369 
688956329 63 
688956392 10 
688956402 2 
688956404 246489 
689202893 37143 
689240036 7403 
689247439 120 
689247559 63 
689247622 6 
689247628 2 
689247630 1 
689247631 106296 
689353927 22274 
689376201 1196 
689377397 510 
689377907 63 
689377970 5 
689377975 1625128 
691003103 173223 
691176326 8016 
691184342 4713 
691189055 120 
691189175 6 
691189181 502783 
691691964 22274 
691714238 3886 
691718124 510 
691718634 1 
691718635 1361596 
693080231 502783 
693583014 173223 
693756237 22274 
693778511 8016 
693786527 4713 
693791240 31 
693791271 1 
693791272 2126346 
695917618 502783 
696420401 1196 
696421597 614 
696422211 2 
696422213 1 
696422214 400107 
696822321 8016 
696830337 120 
696830457 42 
696830499 10 
696830509 246489 
697076998 53366 
697130364 21116 
697151480 614 
697152094 21 
697152115 6 
697152121 2 
697152123 1 
697152124 1361596 
698513720 106296 
698620016 8016 
698628032 2690 
698630722 645 
698631367 63 
698631430 2 
698631432 1361596 
699993028 173223 
700166251 22274 
700188525 5333 
700193858 224 
700194082 42 
700194124 4 
700194128 106296 
700300424 8016 
700308440 3886 
700312326 369 
700312695 63 
700312758 721411 
701034169 14910 
701049079 1196 
701050275 104 
701050379 490616 
701540995 4713 
701545708 369 
701546077 63 
701546140 21 
701546161 2 
701546163 1 
701546164 1255300 
702801464 53366 
702854830 14910 
702869740 1103 
702870843 16 
702870859 4 
702870863 902531 
703773394 246489 
704019883 37143 
704057026 4713 
704061739 510 
704062249 31 
704062280 6 
704062286 1 
704062287 1361596 
705423883 239087 
705662970 1196 
705664166 827 
705664993 16 
705665009 53366 
705718375 2321 
705720696 63 
705720759 10 
705720769 1 
705720770 1863305 
707584075 219505 
707803580 8016 
707811596 879 
707812475 63 
707812538 31 
707812569 2 
707812571 246489 
708059060 53366 
708112426 37143 
708149569 120 
708149689 31 
708149720 2 
708149722 1 
708149723 502783 
708652506 37143 
708689649 8016 
708697665 5333 
708702998 224 
708703222 6 
708703228 2 
708703230 1 
708703231 400107 
709103338 37143 
709140481 2690 
709143171 120 
709143291 63 
709143354 10 
709143364 2126346 
711269710 502783 
711772493 53366 
711825859 8016 
711833875 3886 
711837761 120 
711837881 63 
711837944 31 
711837975 2 
711837977 1 
711837978 902531 
712740509 246489 
712986998 14910 
713001908 1196 
713003104 224 
713003328 42 
713003370 6 
713003376 2 
713003378 502783 
713506161 53366 
713559527 22274 
713581801 8016 
713589817 5333 
713595150 645 
713595795 104 
713595899 2 
713595901 902531 
714498432 246489 
714744921 53366 
714798287 22274 
714820561 8016 
714828577 2690 
714831267 879 
714832146 63 
714832209 10 
714832219 2 
714832221 1 
714832222 219505 
715051727 645 
715052372 63 
715052435 6 
715052441 502783 
715555224 173223 
715728447 6206 
715734653 63 
715734716 31 
715734747 6 
715734753 14910 
715749663 4713 
715754376 224 
715754600 21 
715754621 6 
715754627 2 
715754629 1625128 
717379757 173223 
717552980 22274 
717575254 4713 
717579967 63 
717580030 1625128 
719205158 143439 
719348597 8016 
719356613 2321 
719358934 120 
719359054 6 
719359060 2 
719359062 241776 
719600838 1863305 
721464143 6206 
721470349 286 
721470635 21 
721470656 2 
721470658 1 
721470659 1255300 
722725959 6206 
722732165 879 
722733044 62 
722733106 106296 
722839402 4713 
722844115 489 
722844604 10 
722844614 4 
722844618 721411 
723566029 37143 
723603172 4713 
723607885 510 
723608395 21 
723608416 2 
723608418 1 
723608419 2126346 
725734765 453473 
726188238 22274 
726210512 8016 
726218528 2690 
726221218 224 
726221442 21 
726221463 4 
726221467 106280 
726327747 37143 
726364890 765 
726365655 21 
726365676 1 
726365677 2126346 
728492023 173223 
728665246 22274 
728687520 8016 
728695536 879 
728696415 63 
728696478 31 
728696509 4 
728696513 902531 
729599044 22274 
729621318 14222 
729635540 10 
729635550 502783 
730138333 173223 
730311556 14910 
730326466 2690 
730329156 645 
730329801 31 
730329832 5 
730329837 53366 
730383203 8016 
730391219 1196 
730392415 224 
730392639 42 
730392681 10 
730392691 1625128 
732017819 173223 
732191042 2075 
732193117 21 
732193138 4 
732193142 246489 
732439631 53366 
732492997 37143 
732530140 8016 
732538156 1196 
732539352 369 
732539721 63 
732539784 10 
732539794 2 
732539796 1863305 
734403101 158331 
734561432 8016 
734569448 2690 
734572138 879 
734573017 16 
734573033 2 
734573035 173223 
734746258 22274 
734768532 4713 
734773245 120 
734773365 58 
734773423 1 
734773424 106296 
734879720 22274 
734901994 510 
734902504 63 
734902567 21 
734902588 2 
734902590 219505 
735122095 902531 
736024626 53366 
736077992 5333 
736083325 286 
736083611 42 
736083653 10 
736083663 2 
736083665 3028867 
739112532 246489 
739359021 53366 
739412387 22274 
739434661 1196 
739435857 286 
739436143 16 
739436159 502783 
739938942 1625128 
741564070 14910 
741578980 3886 
741582866 369 
741583235 104 
741583339 10 
741583349 2 
741583351 502783 
742086134 106296 
742192430 8016 
742200446 4713 
742205159 369 
742205528 1 
742205529 902531 
743108060 106296 
743214356 22274 
743236630 614 
743237244 502783 
743740027 143439 
743883466 7403 
743890869 224 
743891093 31 
743891124 1 
743891125 502783 
744393908 106296 
744500204 14910 
744515114 879 
744515993 63 
744516056 21 
744516077 1 
744516078 2109794 
746625872 8016 
746633888 1196 
746635084 369 
746635453 6 
746635459 53366 
746688825 37143 
746725968 3886 
746729854 104 
746729958 10 
746729968 4 
746729972 902531 
747632503 53366 
747685869 4713 
747690582 510 
747691092 6 
747691098 1 
747691099 1255300 
748946399 6206 
748952605 224 
748952829 31 
748952860 6 
748952866 902531 
749855397 53366 
749908763 22274 
749931037 8016 
749939053 4713 
749943766 120 
749943886 10 
749943896 2 
749943898 1 
749943899 14910 
749958809 2690 
749961499 645 
749962144 6 
749962150 2 
749962152 53366 
750015518 22274 
750037792 14222 
750052014 286 
750052300 58 
750052358 2 
750052360 1 
750052361 2126346 
752178707 453473 
752632180 22274 
752654454 3886 
752658340 286 
752658626 58 
752658684 2126346 
754785030 173223 
754958253 8016 
754966269 645 
754966914 63 
754966977 1 
754966978 502783 
755469761 173223 
755642984 14222 
755657206 224 
755657430 16 
755657446 1 
755657447 502783 
756160230 106296 
756266526 22274 
756288800 8016 
756296816 5333 
756302149 369 
756302518 42 
756302560 15 
756302575 1255300 
757557875 8016 
757565891 4713 
757570604 510 
757571114 63 
757571177 10 
757571187 143439 
757714626 5333 
757719959 765 
757720724 31 
757720755 6 
757720761 2 
757720763 1 
757720764 173223 
757893987 22274 
757916261 8016 
757924277 2690 
757926967 645 
757927612 16 
757927628 2 
757927630 1 
757927631 2126346 
760053977 3886 
760057863 63 
760057926 31 
760057957 5 
760057962 1255300 
761313262 8016 
761321278 510 
761321788 6 
761321794 502783 
761824577 53366 
761877943 37143 
761915086 5333 
761920419 510 
761920929 42 
761920971 10 
761920981 15 
761920996 902531 
762823527 246489 
763070016 53366 
763123382 6206 
763129588 510 
763130098 42 
763130140 1 
763130141 1625128 
764755269 53366 
764808635 14910 
764823545 224 
764823769 5 
764823774 1361596 
766185370 173223 
766358593 22274 
766380867 2690 
766383557 369 
766383926 21 
766383947 6 
766383953 2 
766383955 1625128 
768009083 158331 
768167414 4713 
768172127 510 
768172637 63 
768172700 21 
768172721 6 
768172727 2 
768172729 1 
768172730 902531 
769075261 53366 
769128627 5333 
769133960 224 
769134184 21 
769134205 4 
769134209 348 
769134557 1625128 
770759685 219505 
770979190 8016 
770987206 3886 
770991092 42 
770991134 4 
770991138 502783 
771493921 173223 
771667144 22274 
771689418 2253 
771691671 42 
771691713 1625128 
773316841 158331 
773475172 3886 
773479058 63 
773479121 16 
773479137 827 
773479964 502783 
773982747 53366 
774036113 4713 
774040826 510 
774041336 63 
774041399 31 
774041430 1 
774041431 3028867 
777070298 53366 
777123664 2690 
777126354 1129 
777127483 21 
777127504 6 
777127510 1 
777127511 502783 
777630294 22274 
777652568 1196 
777653764 765 
777654529 6 
777654535 1 
777654536 400107 
778054643 1196 
778055839 510 
778056349 63 
778056412 16 
778056428 4 
778056432 2321 
778058753 224 
778058977 2 
778058979 2126346 
780185325 246489 
780431814 53366 
780485180 14910 
780500090 4713 
780504803 42 
780504845 4 
780504849 400107 
780904956 37143 
780942099 2690 
780944789 510 
780945299 63 
780945362 21 
780945383 6 
780945389 2 
780945391 1361596 
782306987 8016 
782315003 2321 
782317324 63 
782317387 21 
782317408 6 
782317414 721411 
783038825 22274 
783061099 8016 
783069115 2690 
783071805 104 
783071909 2 
783071911 1 
783071912 1255300 
784327212 37143 
784364355 8016 
784372371 2321 
784374692 120 
784374812 63 
784374875 31 
784374906 4 
784374910 1255300 
785630210 52035 
785682245 369 
785682614 104 
785682718 10 
785682728 2 
785682730 502783 
786185513 52035 
786237548 827 
786238375 6 
786238381 1 
786238382 502783 
786741165 53366 
786794531 6206 
786800737 765 
786801502 42 
786801544 246489 
787048033 37143 
787085176 14222 
787099398 286 
787099684 42 
787099726 6 
787099732 1 
787099733 2126346 
789226079 358975 
789585054 4500 
789589554 5 
789589559 104 
789589663 396118 
789985781 1196 
789986977 63 
789987040 2 
789987042 902531 
790889573 106296 
790995869 8016 
791003885 2690 
791006575 645 
791007220 31 
791007251 6 
791007257 1 
791007258 1863305 
792870563 158331 
793028894 8016 
793036910 1196 
793038106 63 
793038169 10 
793038179 2 
793038181 1 
793038182 400107 
793438289 22274 
793460563 8016 
793468579 2690 
793471269 1129 
793472398 42 
793472440 10 
793472450 2 
793472452 246489 
793718941 22274 
793741215 645 
793741860 104 
793741964 6 
793741970 1 
793741971 2126346 
795868317 453473 
796321790 8016 
796329806 4713 
796334519 510 
796335029 41 
796335070 1361596 
797696666 219505 
797916171 765 
797916936 6 
797916942 2 
797916944 902531 
798819475 53366 
798872841 22274 
798895115 8016 
798903131 1196 
798904327 41 
798904368 721411 
799625779 143439 
799769218 8016 
799777234 2690 
799779924 286 
799780210 31 
799780241 6 
799780247 2 
799780249 502783 
800283032 53366 
800336398 22274 
800358672 6206 
800364878 120 
800364998 63 
800365061 16 
800365077 219505 
800584582 8016 
800592598 645 
800593243 42 
800593285 6 
800593291 2 
800593293 1 
800593294 827 
800594121 2126346 
802720467 721411 
803441878 53366 
803495244 22274 
803517518 8016 
803525534 4713 
803530247 224 
803530471 42 
803530513 10 
803530523 4 
803530527 37143 
803567670 502783 
804070453 37143 
804107596 7403 
804114999 348 
804115347 10 
804115357 4 
804115361 902531 
805017892 22274 
805040166 2690 
805042856 369 
805043225 31 
805043256 2 
805043258 2126346 
807169604 246489 
807416093 37143 
807453236 8016 
807461252 2321 
807463573 348 
807463921 10 
807463931 902531 
808366462 246489 
808612951 37143 
808650094 3886 
808653980 510 
808654490 63 
808654553 31 
808654584 2 
808654586 1 
808654587 400107 
809054694 22274 
809076968 5333 
809082301 645 
809082946 42 
809082988 1 
809082989 902531 
809985520 8016 
809993536 5333 
809998869 120 
809998989 4 
809998993 1255300 
811254293 53366 
811307659 8016 
811315675 3886 
811319561 369 
811319930 5 
811319935 1255300 
812575235 22274 
812597509 1196 
812598705 765 
812599470 31 
812599501 5 
812599506 246489 
812845995 53366 
812899361 224 
812899585 10 
812899595 2 
812899597 1 
812899598 53366 
812952964 120 
812953084 63 
812953147 21 
812953168 6 
812953174 2 
812953176 1 
812953177 106296 
813059473 22274 
813081747 8016 
813089763 1196 
813090959 286 
813091245 58 
813091303 2 
813091305 1 
813091306 8016 
813099322 2690 
813102012 224 
813102236 42 
813102278 10 
813102288 1 
813102289 21 
813102310 3856560 
816958870 1361596 
818320466 143439 
818463905 2690 
818466595 879 
818467474 63 
818467537 21 
818467558 1 
818467559 219505 
818687064 52914 
818739978 902531 
819642509 143439 
819785948 2690 
819788638 286 
819788924 21 
819788945 6 
819788951 2 
819788953 2126346 
821915299 106296 
822021595 4713 
822026308 224 
822026532 42 
822026574 6 
822026580 721411 
822747991 106296 
822854287 22274 
822876561 8016 
822884577 1196 
822885773 120 
822885893 63 
822885956 31 
822885987 6 
822885993 2 
822885995 1625128 
824511123 219505 
824730628 2690 
824733318 286 
824733604 21 
824733625 6 
824733631 1 
824733632 721411 
825455043 53366 
825508409 22274 
825530683 2690 
825533373 120 
825533493 63 
825533556 1 
825533557 246489 
825780046 53366 
825833412 14910 
825848322 5333 
825853655 348 
825854003 6 
825854009 2 
825854011 1361596 
827215607 106296 
827321903 2690 
827324593 1129 
827325722 16 
827325738 1 
827325739 453473 
827779212 22274 
827801486 8016 
827809502 879 
827810381 63 
827810444 31 
827810475 5 
827810480 1361596 
829172076 53366 
829225442 37143 
829262585 1196 
829263781 286 
829264067 42 
829264109 10 
829264119 4 
829264123 721411 
829985534 53366 
830038900 22274 
830061174 1196 
830062370 10 
830062380 1 
830062381 14910 
830077291 2126346 
832203637 37143 
832240780 63 
832240843 10 
832240853 1 
832240854 1255300 
833496154 8016 
833504170 5333 
833509503 510 
833510013 63 
833510076 31 
833510107 6 
833510113 1 
833510114 400107 
833910221 14910 
833925131 3886 
833929017 120 
833929137 31 
833929168 2 
833929170 1361596 
835290766 173223 
835463989 14222 
835478211 224 
835478435 2 
835478437 1361596 
836840033 173223 
837013256 14910 
837028166 4713 
837032879 510 
837033389 2 
837033391 453473 
837486864 14910 
837501774 1196 
837502970 286 
837503256 21 
837503277 6 
837503283 2 
837503285 1361596 
838864881 14910 
838879791 4713 
838884504 63 
838884567 31 
838884598 5 
838884603 52914 
838937517 63 
838937580 31 
838937611 1863305 
840800916 158331 
840959247 8016 
840967263 2690 
840969953 224 
840970177 21 
840970198 173223 
841143421 6206 
841149627 1129 
841150756 21 
841150777 6 
841150783 2 
841150785 1 
841150786 902531 
842053317 246489 
842299806 8016 
842307822 4500 
842312322 721411 
843033733 106296 
843140029 22274 
843162303 8016 
843170319 3886 
843174205 63 
843174268 15 
843174283 1863305 
845037588 53366 
845090954 22274 
845113228 4713 
845117941 510 
845118451 63 
845118514 31 
845118545 2 
845118547 902531 
846021078 53366 
846074444 22274 
846096718 1196 
846097914 369 
846098283 2 
846098285 502783 
846601068 158331 
846759399 8016 
846767415 5333 
846772748 63 
846772811 31 
846772842 246489 
847019331 22274 
847041605 14222 
847055827 120 
847055947 1 
847055948 37143 
847093091 8016 
847101107 2321 
847103428 120 
847103548 16 
847103564 902531 
848006095 246489 
848252584 22274 
848274858 8016 
848282874 3886 
848286760 120 
848286880 21 
848286901 4 
848286905 721411 
849008316 106296 
849114612 22274 
849136886 510 
849137396 63 
849137459 31 
849137490 6 
849137496 2 
849137498 246489 
849383987 53366 
849437353 8016 
849445369 2321 
849447690 224 
849447914 246489 
849694403 37143 
849731546 2690 
849734236 369 
849734605 42 
849734647 10 
849734657 1863305 
851597962 53366 
851651328 37143 
851688471 8016 
851696487 2690 
851699177 879 
851700056 120 
851700176 42 
851700218 10 
851700228 1625128 
853325356 173223 
853498579 22274 
853520853 879 
853521732 41 
853521773 1625128 
855146901 143439 
855290340 369 
855290709 5 
855290714 53366 
855344080 37143 
855381223 8016 
855389239 2321 
855391560 21 
855391581 2 
855391583 502783 
855894366 53366 
855947732 37143 
855984875 5333 
855990208 765 
855990973 21 
855990994 2 
855990996 1 
855990997 1361596 
857352593 37143 
857389736 8016 
857397752 5333 
857403085 489 
857403574 10 
857403584 502783 
857906367 158331 
858064698 7403 
858072101 369 
858072470 21 
858072491 6 
858072497 2 
858072499 721411 
858793910 143439 
858937349 8016 
858945365 5333 
858950698 42 
858950740 2 
858950742 1 
858950743 502783 
859453526 8016 
859461542 63 
859461605 21 
859461626 6 
859461632 3028867 
862490499 106296 
862596795 22274 
862619069 5333 
862624402 120 
862624522 42 
862624564 6 
862624570 2 
862624572 1 
862624573 502783 
863127356 22274 
863149630 8016 
863157646 2690 
863160336 1103 
863161439 16 
863161455 211941 
863373396 6206 
863379602 827 
863380429 21 
863380450 1361596 
864742046 53366 
864795412 22274 
864817686 3886 
864821572 369 
864821941 63 
864822004 15 
864822019 453473 
865275492 22274 
865297766 8016 
865305782 1196 
865306978 614 
865307592 5 
865307597 1361596 
866669193 8016 
866677209 5333 
866682542 120 
866682662 63 
866682725 502783 
867185508 53366 
867238874 4713 
867243587 348 
867243935 6 
867243941 2 
867243943 721411 
867965354 158331 
868123685 8016 
868131701 3886 
868135587 369 
868135956 63 
868136019 1 
868136020 246489 
868382509 22274 
868404783 6206 
868410989 869 
868411858 6 
868411864 2 
868411866 1255300 
869667166 37143 
869704309 8016 
869712325 286 
869712611 16 
869712627 2 
869712629 1863305 
871575934 37143 
871613077 4689 
871617766 10 
871617776 2 
871617778 1 
871617779 3886 
871621665 21 
871621686 5333 
871627019 2126346 
873753365 720930 
874474295 348 
874474643 16 
874474659 2 
874474661 2126346 
876601007 22274 
876623281 8016 
876631297 4713 
876636010 369 
876636379 63 
876636442 31 
876636473 4 
876636477 106296 
876742773 22274 
876765047 3886 
876768933 489 
876769422 10 
876769432 902531 
877671963 53366 
877725329 37143 
877762472 14222 
877776694 120 
877776814 63 
877776877 16 
877776893 1 
877776894 211941 
877988835 6206 
877995041 827 
877995868 21 
877995889 1625128 
879621017 37143 
879658160 8016 
879666176 879 
879667055 63 
879667118 4 
879667122 902531 
880569653 239087 
880808740 1196 
880809936 224 
880810160 16 
880810176 2 
880810178 721411 
881531589 22274 
881553863 14222 
881568085 286 
881568371 42 
881568413 1 
881568414 1863305 
883431719 53366 
883485085 22274 
883507359 4713 
883512072 31 
883512103 6 
883512109 2 
883512111 1 
883512112 721411 
884233523 8016 
884241539 510 
884242049 62 
884242111 721411 
884963522 53366 
885016888 8016 
885024904 286 
885025190 6 
885025196 2 
885025198 1 
885025199 1255300 
886280499 22274 
886302773 8016 
886310789 5333 
886316122 120 
886316242 21 
886316263 502783 
886819046 53366 
886872412 22274 
886894686 14732 
886909418 1 
886909419 721411 
887630830 143439 
887774269 827 
887775096 21 
887775117 6 
887775123 173223 
887948346 22274 
887970620 645 
887971265 63 
887971328 1863305 
889834633 211941 
890046574 6206 
890052780 879 
890053659 120 
890053779 21 
890053800 6 
890053806 53366 
890107172 37143 
890144315 1192 
890145507 2 
890145509 1 
890145510 2126346 
892271856 721411 
892993267 37143 
893030410 8016 
893038426 645 
893039071 1 
893039072 902531 
893941603 53366 
893994969 37143 
894032112 1196 
894033308 120 
894033428 42 
894033470 173223 
894206693 22274 
894228967 8016 
894236983 2690 
894239673 645 
894240318 21 
894240339 6 
894240345 1 
894240346 1625128 
895865474 53366 
895918840 14910 
895933750 510 
895934260 63 
895934323 10 
895934333 4 
895934337 721411 
896655748 158331 
896814079 8016 
896822095 369 
896822464 63 
896822527 21 
896822548 4 
896822552 246489 
897069041 53366 
897122407 37143 
897159550 4626 
897164176 10 
897164186 1625128 
898789314 37143 
898826457 8016 
898834473 1196 
898835669 120 
898835789 2 
898835791 721411 
899557202 14910 
899572112 879 
899572991 104 
899573095 6 
899573101 2 
899573103 1 
899573104 211941 
899785045 173223 
899958268 22274 
899980542 8016 
899988558 5333 
899993891 224 
899994115 58 
899994173 1 
899994174 902531 
900896705 158331 
901055036 879 
901055915 63 
901055978 10 
901055988 721411 
901777399 8016 
901785415 4506 
901789921 63 
901789984 21 
901790005 2 
901790007 902531 
902692538 52035 
902744573 63 
902744636 31 
902744667 6 
902744673 2 
902744675 902531 
903647206 173223 
903820429 22274 
903842703 8016 
903850719 15 
903850734 502783 
904353517 173223 
904526740 8016 
904534756 5333 
904540089 645 
904540734 42 
904540776 6 
904540782 2 
904540784 1 
904540785 1361596 
905902381 37143 
905939524 8016 
905947540 2321 
905949861 120 
905949981 63 
905950044 16 
905950060 1 
905950061 1625128 
907575189 173223 
907748412 22274 
907770686 8016 
907778702 5333 
907784035 369 
907784404 6 
907784410 2 
907784412 1 
907784413 721411 
908505824 106296 
908612120 6206 
908618326 31 
908618357 6 
908618363 2 
908618365 6206 
908624571 2126346 
910750917 502783 
911253700 22274 
911275974 3886 
911279860 120 
911279980 21 
911280001 6 
911280007 2 
911280009 721411 
912001420 106296 
912107716 8016 
912115732 4713 
912120445 510 
912120955 63 
912121018 16 
912121034 2 
912121036 1 
912121037 1361596 
913482633 52035 
913534668 120 
913534788 63 
913534851 31 
913534882 5 
913534887 53366 
913588253 6206 
913594459 879 
913595338 120 
913595458 63 
913595521 6 
913595527 2 
913595529 1 
913595530 502783 
914098313 53366 
914151679 3886 
914155565 120 
914155685 5 
914155690 358975 
914514665 14910 
914529575 614 
914530189 16 
914530205 498632 
915028837 1196 
915030033 224 
915030257 21 
915030278 6 
915030284 2 
915030286 1 
915030287 2126346 
917156633 502783 
917659416 173223 
917832639 4506 
917837145 63 
917837208 31 
917837239 6 
917837245 902531 
918739776 246489 
918986265 37143 
919023408 2195 
919025603 21 
919025624 502783 
919528407 1196 
919529603 224 
919529827 16 
919529843 1196 
919531039 2126346 
921657385 106296 
921763681 14910 
921778591 1196 
921779787 510 
921780297 63 
921780360 31 
921780391 6 
921780397 1 
921780398 902531 
922682929 246489 
922929418 8016 
922937434 3886 
922941320 369 
922941689 63 
922941752 4 
922941756 502783 
923444539 53366 
923497905 37143 
923535048 2690 
923537738 879 
923538617 10 
923538627 1 
923538628 1625128 
925163756 53366 
925217122 8016 
925225138 2690 
925227828 879 
925228707 120 
925228827 63 
925228890 16 
925228906 902531 
926131437 53366 
926184803 37143 
926221946 8016 
926229962 5333 
926235295 369 
926235664 104 
926235768 1 
926235769 502783 
926738552 173223 
926911775 8016 
926919791 5333 
926925124 120 
926925244 42 
926925286 10 
926925296 2 
926925298 1 
926925299 902531 
927827830 246489 
928074319 53366 
928127685 37143 
928164828 645 
928165473 63 
928165536 21 
928165557 6 
928165563 1 
928165564 902531 
929068095 246489 
929314584 53366 
929367950 14910 
929382860 5333 
929388193 224 
929388417 5 
929388422 1625128 
931013550 143439 
931156989 8016 
931165005 5333 
931170338 827 
931171165 21 
931171186 5 
931171191 348 
931171539 1361596 
932533135 53366 
932586501 37143 
932623644 8016 
932631660 2075 
932633735 63 
932633798 6 
932633804 1 
932633805 1361596 
933995401 53366 
934048767 8016 
934056783 2195 
934058978 21 
934058999 6 
934059005 2 
934059007 1 
934059008 37143 
934096151 7403 
934103554 369 
934103923 104 
934104027 6 
934104033 2 
934104035 246489 
934350524 37143 
934387667 8016 
934395683 2195 
934397878 6 
934397884 2 
934397886 14910 
934412796 2690 
934415486 879 
934416365 120 
934416485 63 
934416548 31 
934416579 1 
934416580 3856560 
938273140 143439 
938416579 369 
938416948 63 
938417011 21 
938417032 902531 
939319563 106296 
939425859 5333 
939431192 827 
939432019 5 
939432024 902531 
940334555 37143 
940371698 1196 
940372894 765 
940373659 42 
940373701 10 
940373711 4 
940373715 502783 
940876498 106296 
940982794 14910 
940997704 2690 
941000394 224 
941000618 31 
941000649 6 
941000655 2 
941000657 902531 
941903188 246489 
942149677 22274 
942171951 1196 
942173147 645 
942173792 16 
942173808 2 
942173810 902531 
943076341 53366 
943129707 22274 
943151981 8016 
943159997 2690 
943162687 63 
943162750 31 
943162781 6 
943162787 2 
943162789 1196 
943163985 246489 
943410474 53366 
943463840 22274 
943486114 369 
943486483 104 
943486587 6 
943486593 2 
943486595 2126346 
945612941 453473 
946066414 14910 
946081324 2690 
946084014 879 
946084893 42 
946084935 10 
946084945 4 
946084949 902521 
946987470 502783 
947490253 8016 
947498269 1196 
947499465 286 
947499751 42 
947499793 2 
947499795 1 
947499796 502414 
948002210 224 
948002434 31 
948002465 2 
948002467 1 
948002468 902531 
948904999 246489 
949151488 37143 
949188631 3886 
949192517 286 
949192803 10 
949192813 246489 
949439302 53366 
949492668 37143 
949529811 1196 
949531007 63 
949531070 21 
949531091 6 
949531097 2 
949531099 37143 
949568242 4713 
949572955 120 
949573075 21 
949573096 4 
949573100 1863305 
951436405 106296 
951542701 510 
951543211 41 
951543252 721411 
952264663 53366 
952318029 8016 
952326045 5333 
952331378 286 
952331664 21 
952331685 6 
952331691 120 
952331811 1863019 
954194830 14806 
954209636 1863305 
956072941 143439 
956216380 8016 
956224396 120 
956224516 42 
956224558 6 
956224564 2 
956224566 1 
956224567 2126346 
958350913 173223 
958524136 22274 
958546410 2690 
958549100 879 
958549979 42 
958550021 6 
958550027 2 
958550029 1 
958550030 1255300 
959805330 7403 
959812733 21 
959812754 5 
959812759 902531 
960715290 53366 
960768656 14910 
960783566 5333 
960788899 369 
960789268 16 
960789284 1 
960789285 1255300 
962044585 53366 
962097951 37143 
962135094 224 
962135318 31 
962135349 2 
962135351 369 
962135720 1863305 
963999025 53366 
964052391 22274 
964074665 8016 
964082681 2690 
964085371 879 
964086250 63 
964086313 10 
964086323 53366 
964139689 21116 
964160805 15 
964160820 1625128 
965785948 106296 
965892244 22274 
965914518 8016 
965922534 1196 
965923730 510 
965924240 21 
965924261 246489 
966170750 14910 
966185660 2690 
966188350 645 
966188995 16 
966189011 1 
966189012 502783 
966691795 53366 
966745161 22274 
966767435 2690 
966770125 645 
966770770 42 
966770812 6 
966770818 2 
966770820 53366 
966824186 6206 
966830392 369 
966830761 42 
966830803 1 
966830804 902531 
967733335 53366 
967786701 37143 
967823844 8016 
967831860 4713 
967836573 21 
967836594 6 
967836600 1 
967836601 1361596 
969198197 37143 
969235340 6206 
969241546 1129 
969242675 31 
969242706 4 
969242710 502783 
969745493 53366 
969798859 37143 
969836002 8016 
969844018 3886 
969847904 510 
969848414 42 
969848456 10 
969848466 2 
969848468 1 
969848469 502783 
970351252 22274 
970373526 6206 
970379732 645 
970380377 63 
970380440 21 
970380461 4 
970380465 3028867 
973409332 53366 
973462698 22274 
973484972 8016 
973492988 4713 
973497701 489 
973498190 15 
973498205 902531 
974400736 219505 
974620241 3886 
974624127 369 
974624496 41 
974624537 902531 
975527068 53366 
975580434 37143 
975617577 4506 
975622083 63 
975622146 21 
975622167 4 
975622171 2126346 
977748517 22274 
977770791 4713 
977775504 120 
977775624 42 
977775666 10 
977775676 721411 
978497087 53366 
978550453 2690 
978553143 10 
978553153 2 
978553155 902531 
979455686 246489 
979702175 6206 
979708381 879 
979709260 120 
979709380 31 
979709411 1 
979709412 902531 
980611943 37143 
980649086 489 
980649575 6 
980649581 1 
980649582 37143 
980686725 8016 
980694741 10 
980694751 1 
980694752 1361596 
982056348 173223 
982229571 22274 
982251845 8016 
982259861 3886 
982263747 63 
982263810 31 
982263841 4 
982263845 894634 
983158479 2690 
983161169 879 
983162048 21 
983162069 4 
983162073 902531 
984064604 211941 
984276545 3886 
984280431 510 
984280941 63 
984281004 10 
984281014 16 
984281030 21 
984281051 3028867 
987309918 53366 
987363284 37143 
987400427 8016 
987408443 2075 
987410518 104 
987410622 10 
987410632 2 
987410634 1 
987410635 211941 
987622576 6206 
987628782 827 
987629609 21 
987629630 1361596 
988991226 173223 
989164449 14910 
989179359 3886 
989183245 120 
989183365 63 
989183428 21 
989183449 5 
989183454 721411 
989904865 106296 
990011161 22274 
990033435 2690 
990036125 645 
990036770 5 
990036775 453473 
990490248 8016 
990498264 2690 
990500954 348 
990501302 10 
990501312 1 
990501313 1361596 
991862909 211941 
992074850 1103 
992075953 2 
992075955 1 
992075956 902531 
992978487 158331 
993136818 2321 
993139139 120 
993139259 31 
993139290 2 
993139292 1 
993139293 143439 
993282732 1196 
993283928 645 
993284573 58 
993284631 1 
993284632 246489 
993531121 53366 
993584487 22274 
993606761 2690 
993609451 63 
993609514 6 
993609520 2 
993609522 2126346 
995735868 53366 
995789234 37143 
995826377 8016 
995834393 2690 
995837083 31 
995837114 6 
995837120 2 
995837122 1 
995837123 721411 
996558534 53366 
996611900 6206 
996618106 614 
996618720 21 
996618741 1 
996618742 246489 
996865231 53366 
996918597 8016 
996926613 2690 
996929303 510 
996929813 31 
996929844 5 
996929849 1625128 
998554977 53366 
998608343 5333 
998613676 224 
998613900 16 
998613916 4