6232 
1 1 
2 2 
4 4 
8 8 
16 16 
32 32 
64 64 
128 128 
256 256 
512 512 
1024 1024 
2048 2048 
4096 2048 
6144 256 
6400 128 
6528 64 
6592 2 
6594 6594 
13188 13188 
26376 1024 
27400 256 
27656 64 
27720 32 
27752 4 
27756 2 
27758 13188 
40946 1024 
41970 512 
42482 256 
42738 128 
42866 64 
42930 32 
42962 16 
42978 13188 
56166 6594 
62760 256 
63016 8 
63024 4 
63028 2 
63030 1 
63031 13188 
76219 6594 
82813 256 
83069 128 
83197 64 
83261 6594 
89855 2048 
91903 128 
92031 32 
92063 8 
92071 4 
92075 1 
92076 13188 
105264 128 
105392 64 
105456 32 
105488 16 
105504 8 
105512 4 
105516 2 
105518 1024 
106542 512 
107054 64 
107118 4 
107122 1 
107123 13188 
120311 1024 
121335 512 
121847 4 
121851 1 
121852 13188 
135040 4096 
139136 1024 
140160 512 
140672 128 
140800 64 
140864 16 
140880 8 
140888 1 
140889 6144 
147033 64 
147097 2 
147099 1 
147100 2048 
149148 256 
149404 64 
149468 32 
149500 2 
149502 4096 
153598 512 
154110 256 
154366 32 
154398 16 
154414 4 
154418 2 
154420 512 
154932 256 
155188 64 
155252 16 
155268 2 
155270 13188 
168458 1024 
169482 512 
169994 256 
170250 16 
170266 4 
170270 2 
170272 1 
170273 128 
170401 64 
170465 16 
170481 8 
170489 4 
170493 2 
170495 1 
170496 4096 
174592 128 
174720 32 
174752 8 
174760 4 
174764 1 
174765 13188 
187953 4096 
192049 1024 
193073 512 
193585 128 
193713 64 
193777 16 
193793 8 
193801 1 
193802 6594 
200396 1024 
201420 512 
201932 256 
202188 16 
202204 4 
202208 2 
202210 2048 
204258 512 
204770 128 
204898 64 
204962 32 
204994 16 
205010 8 
205018 4 
205022 2 
205024 1 
205025 6594 
211619 1024 
212643 128 
212771 64 
212835 32 
212867 16 
212883 8 
212891 2 
212893 4096 
216989 1024 
218013 512 
218525 256 
218781 32 
218813 16 
218829 8 
218837 13188 
232025 4096 
236121 1024 
237145 512 
237657 128 
237785 32 
237817 2 
237819 1 
237820 512 
238332 8 
238340 1 
238341 6594 
244935 128 
245063 8 
245071 4 
245075 2 
245077 1 
245078 512 
245590 128 
245718 64 
245782 4 
245786 2 
245788 1 
245789 1024 
246813 512 
247325 64 
247389 8 
247397 6594 
253991 1024 
255015 512 
255527 64 
255591 4 
255595 2 
255597 1 
255598 4096 
259694 1024 
260718 512 
261230 8 
261238 2 
261240 1 
261241 13188 
274429 6594 
281023 4096 
285119 256 
285375 128 
285503 64 
285567 4 
285571 1 
285572 1024 
286596 256 
286852 128 
286980 4 
286984 2 
286986 4096 
291082 1024 
292106 64 
292170 32 
292202 2 
292204 2048 
294252 512 
294764 32 
294796 8 
294804 27758 
322562 2048 
324610 16 
324626 8 
324634 4 
324638 6594 
331232 4096 
335328 128 
335456 16 
335472 8 
335480 4 
335484 1 
335485 13188 
348673 6144 
354817 128 
354945 64 
355009 4 
355013 6594 
361607 2048 
363655 1024 
364679 512 
365191 256 
365447 128 
365575 64 
365639 16 
365655 8 
365663 6594 
372257 2048 
374305 1024 
375329 512 
375841 32 
375873 8 
375881 1 
375882 13188 
389070 6594 
395664 4096 
399760 1024 
400784 512 
401296 256 
401552 128 
401680 64 
401744 2 
401746 1 
401747 512 
402259 32 
402291 16 
402307 1 
402308 13188 
415496 2048 
417544 1024 
418568 512 
419080 256 
419336 128 
419464 16 
419480 1 
419481 6594 
426075 2048 
428123 512 
428635 128 
428763 64 
428827 32 
428859 16 
428875 8 
428883 1 
428884 13188 
442072 512 
442584 32 
442616 16 
442632 2 
442634 6594 
449228 1024 
450252 512 
450764 64 
450828 32 
450860 4096 
454956 16 
454972 8 
454980 6594 
461574 1024 
462598 256 
462854 128 
462982 64 
463046 16 
463062 8 
463070 4 
463074 1 
463075 4096 
467171 1024 
468195 256 
468451 128 
468579 32 
468611 4 
468615 13188 
481803 4096 
485899 64 
485963 16 
485979 8 
485987 2 
485989 2048 
488037 512 
488549 128 
488677 8 
488685 4 
488689 1 
488690 6594 
495284 2048 
497332 512 
497844 64 
497908 16 
497924 8 
497932 1 
497933 6594 
504527 2048 
506575 64 
506639 16 
506655 8 
506663 2 
506665 13188 
519853 1024 
520877 64 
520941 16 
520957 8 
520965 4 
520969 1 
520970 6594 
527564 128 
527692 64 
527756 8 
527764 4 
527768 2 
527770 6594 
534364 2048 
536412 512 
536924 128 
537052 64 
537116 32 
537148 2 
537150 1 
537151 6594 
543745 1024 
544769 64 
544833 8 
544841 4 
544845 2 
544847 13188 
558035 4096 
562131 1024 
563155 512 
563667 128 
563795 64 
563859 32 
563891 16 
563907 8 
563915 4 
563919 6594 
570513 2048 
572561 256 
572817 64 
572881 4 
572885 1 
572886 26376 
599262 128 
599390 16 
599406 8 
599414 4 
599418 6594 
606012 4096 
610108 1024 
611132 256 
611388 1 
611389 27758 
639147 6594 
645741 2048 
647789 256 
648045 128 
648173 64 
648237 32 
648269 16 
648285 8 
648293 6594 
654887 2048 
656935 512 
657447 256 
657703 128 
657831 32 
657863 16 
657879 1024 
658903 32 
658935 16 
658951 1 
658952 6594 
665546 4096 
669642 1024 
670666 32 
670698 8 
670706 2 
670708 6594 
677302 4096 
681398 256 
681654 128 
681782 16 
681798 8 
681806 4 
681810 2 
681812 4096 
685908 1024 
686932 512 
687444 256 
687700 128 
687828 16 
687844 8 
687852 4 
687856 2048 
689904 256 
690160 4 
690164 1 
690165 256 
690421 64 
690485 32 
690517 16 
690533 2 
690535 27758 
718293 6594 
724887 4096 
728983 1024 
730007 256 
730263 64 
730327 32 
730359 2 
730361 512 
730873 64 
730937 32 
730969 8 
730977 1 
730978 13188 
744166 6594 
750760 4096 
754856 256 
755112 128 
755240 4 
755244 6594 
761838 4096 
765934 128 
766062 32 
766094 2 
766096 1 
766097 1024 
767121 512 
767633 128 
767761 16 
767777 8 
767785 2 
767787 1 
767788 6594 
774382 1024 
775406 256 
775662 16 
775678 1 
775679 13188 
788867 2048 
790915 512 
791427 32 
791459 8 
791467 4 
791471 2 
791473 4096 
795569 1024 
796593 512 
797105 128 
797233 64 
797297 16 
797313 4 
797317 2 
797319 1 
797320 2048 
799368 128 
799496 32 
799528 16 
799544 8 
799552 1 
799553 2048 
801601 256 
801857 128 
801985 32 
802017 16 
802033 4 
802037 2 
802039 2048 
804087 1024 
805111 512 
805623 64 
805687 16 
805703 13188 
818891 2048 
820939 1024 
821963 256 
822219 64 
822283 32 
822315 16 
822331 4 
822335 2 
822337 4096 
826433 256 
826689 16 
826705 8 
826713 2 
826715 2048 
828763 1024 
829787 512 
830299 256 
830555 32 
830587 16 
830603 8 
830611 4 
830615 1 
830616 4096 
834712 1024 
835736 512 
836248 64 
836312 16 
836328 8 
836336 4 
836340 13188 
849528 2048 
851576 256 
851832 4096 
855928 1024 
856952 256 
857208 128 
857336 32 
857368 16 
857384 4 
857388 2 
857390 1 
857391 2048 
859439 1024 
860463 16 
860479 4 
860483 2 
860485 1 
860486 13188 
873674 512 
874186 256 
874442 32 
874474 16 
874490 8 
874498 2 
874500 2048 
876548 1024 
877572 256 
877828 64 
877892 32 
877924 8 
877932 1 
877933 512 
878445 256 
878701 32 
878733 16 
878749 2 
878751 1 
878752 2048 
880800 1024 
881824 512 
882336 256 
882592 16 
882608 8 
882616 4 
882620 2 
882622 13188 
895810 6594 
902404 1024 
903428 128 
903556 32 
903588 16 
903604 8 
903612 4 
903616 2 
903618 1 
903619 6594 
910213 4096 
914309 1024 
915333 256 
915589 128 
915717 64 
915781 16 
915797 2 
915799 1 
915800 13188 
928988 2048 
931036 512 
931548 256 
931804 32 
931836 16 
931852 4 
931856 2 
931858 1 
931859 6594 
938453 32 
938485 8 
938493 13188 
951681 2048 
953729 512 
954241 128 
954369 64 
954433 1 
954434 6594 
961028 6144 
967172 128 
967300 32 
967332 16 
967348 8 
967356 4 
967360 2 
967362 2048 
969410 1024 
970434 128 
970562 64 
970626 16 
970642 8 
970650 4096 
974746 512 
975258 128 
975386 32 
975418 27758 
1003176 2048 
1005224 1024 
1006248 512 
1006760 256 
1007016 128 
1007144 64 
1007208 16 
1007224 8 
1007232 4 
1007236 13188 
1020424 4096 
1024520 256 
1024776 32 
1024808 4 
1024812 1 
1024813 6594 
1031407 6144 
1037551 128 
1037679 64 
1037743 32 
1037775 16 
1037791 8 
1037799 4 
1037803 2 
1037805 13188 
1050993 2048 
1053041 1024 
1054065 512 
1054577 256 
1054833 64 
1054897 8 
1054905 2 
1054907 1 
1054908 16 
1054924 1 
1054925 2048 
1056973 256 
1057229 128 
1057357 64 
1057421 32 
1057453 2 
1057455 27758 
1085213 2048 
1087261 1024 
1088285 64 
1088349 32 
1088381 16 
1088397 4 
1088401 2048 
1090449 1024 
1091473 512 
1091985 256 
1092241 128 
1092369 64 
1092433 32 
1092465 16 
1092481 4 
1092485 2 
1092487 6594 
1099081 4096 
1103177 256 
1103433 128 
1103561 64 
1103625 32 
1103657 4 
1103661 2 
1103663 1 
1103664 1024 
1104688 128 
1104816 32 
1104848 4 
1104852 2 
1104854 6594 
1111448 1024 
1112472 128 
1112600 16 
1112616 4 
1112620 2 
1112622 1 
1112623 512 
1113135 128 
1113263 32 
1113295 1 
1113296 2048 
1115344 1024 
1116368 256 
1116624 128 
1116752 16 
1116768 8 
1116776 4 
1116780 2 
1116782 1 
1116783 6594 
1123377 4096 
1127473 512 
1127985 128 
1128113 64 
1128177 16 
1128193 8 
1128201 2 
1128203 13188 
1141391 4096 
1145487 1024 
1146511 128 
1146639 32 
1146671 1 
1146672 2048 
1148720 64 
1148784 32 
1148816 8 
1148824 4 
1148828 6594 
1155422 2048 
1157470 128 
1157598 64 
1157662 32 
1157694 4 
1157698 2 
1157700 27758 
1185458 2048 
1187506 1024 
1188530 512 
1189042 128 
1189170 64 
1189234 32 
1189266 16 
1189282 8 
1189290 4 
1189294 26376 
1215670 256 
1215926 128 
1216054 8 
1216062 1 
1216063 4096 
1220159 64 
1220223 8 
1220231 1 
1220232 6144 
1226376 128 
1226504 16 
1226520 2 
1226522 1 
1226523 6594 
1233117 1024 
1234141 512 
1234653 32 
1234685 16 
1234701 8 
1234709 1 
1234710 6594 
1241304 2048 
1243352 1024 
1244376 16 
1244392 8 
1244400 2048 
1246448 512 
1246960 64 
1247024 8 
1247032 2 
1247034 1 
1247035 128 
1247163 64 
1247227 32 
1247259 16 
1247275 8 
1247283 4 
1247287 2 
1247289 128 
1247417 32 
1247449 8 
1247457 13188 
1260645 6594 
1267239 4096 
1271335 256 
1271591 128 
1271719 32 
1271751 16 
1271767 8 
1271775 4 
1271779 2 
1271781 6594 
1278375 6144 
1284519 2 
1284521 2048 
1286569 1024 
1287593 512 
1288105 64 
1288169 4 
1288173 13188 
1301361 4096 
1305457 1024 
1306481 128 
1306609 16 
1306625 1 
1306626 6594 
1313220 512 
1313732 64 
1313796 8 
1313804 2 
1313806 4096 
1317902 512 
1318414 64 
1318478 32 
1318510 1 
1318511 2048 
1320559 512 
1321071 256 
1321327 8 
1321335 4096 
1325431 256 
1325687 128 
1325815 32 
1325847 16 
1325863 8 
1325871 4 
1325875 2 
1325877 1 
1325878 6594 
1332472 1024 
1333496 64 
1333560 32 
1333592 16 
1333608 1 
1333609 6594 
1340203 1024 
1341227 1 
1341228 6594 
1347822 512 
1348334 256 
1348590 128 
1348718 64 
1348782 32 
1348814 16 
1348830 8 
1348838 4 
1348842 2 
1348844 6594 
1355438 2048 
1357486 256 
1357742 64 
1357806 32 
1357838 1 
1357839 42978 
1400817 6594 
1407411 2048 
1409459 1024 
1410483 512 
1410995 128 
1411123 32 
1411155 16 
1411171 4096 
1415267 512 
1415779 256 
1416035 128 
1416163 64 
1416227 8 
1416235 4 
1416239 1 
1416240 1024 
1417264 512 
1417776 128 
1417904 16 
1417920 4 
1417924 2 
1417926 1 
1417927 128 
1418055 32 
1418087 16 
1418103 8 
1418111 4 
1418115 1 
1418116 6594 
1424710 2048 
1426758 1024 
1427782 256 
1428038 128 
1428166 64 
1428230 32 
1428262 16 
1428278 8 
1428286 4 
1428290 512 
1428802 256 
1429058 128 
1429186 16 
1429202 4 
1429206 2 
1429208 6594 
1435802 4096 
1439898 256 
1440154 128 
1440282 64 
1440346 16 
1440362 2 
1440364 256 
1440620 64 
1440684 1 
1440685 4096 
1444781 16 
1444797 4 
1444801 6594 
1451395 4096 
1455491 1024 
1456515 512 
1457027 128 
1457155 32 
1457187 8 
1457195 13188 
1470383 2048 
1472431 1024 
1473455 512 
1473967 256 
1474223 13188 
1487411 2048 
1489459 256 
1489715 8 
1489723 4 
1489727 1 
1489728 13188 
1502916 2048 
1504964 256 
1505220 32 
1505252 8 
1505260 4 
1505264 1 
1505265 512 
1505777 64 
1505841 16 
1505857 4 
1505861 2 
1505863 1 
1505864 6594 
1512458 1024 
1513482 256 
1513738 32 
1513770 4 
1513774 1 
1513775 1024 
1514799 512 
1515311 128 
1515439 64 
1515503 2 
1515505 1 
1515506 6594 
1522100 6400 
1528500 64 
1528564 32 
1528596 16 
1528612 4 
1528616 2 
1528618 6594 
1535212 512 
1535724 64 
1535788 16 
1535804 4 
1535808 1 
1535809 4096 
1539905 128 
1540033 64 
1540097 32 
1540129 2 
1540131 1 
1540132 4096 
1544228 512 
1544740 128 
1544868 32 
1544900 2 
1544902 128 
1545030 32 
1545062 2 
1545064 13188 
1558252 6594 
1564846 2048 
1566894 256 
1567150 128 
1567278 32 
1567310 16 
1567326 4 
1567330 2 
1567332 1 
1567333 6144 
1573477 128 
1573605 64 
1573669 32 
1573701 8 
1573709 4 
1573713 2 
1573715 4096 
1577811 512 
1578323 16 
1578339 1 
1578340 6144 
1584484 128 
1584612 64 
1584676 16 
1584692 2 
1584694 6594 
1591288 2048 
1593336 1024 
1594360 256 
1594616 128 
1594744 32 
1594776 8 
1594784 4 
1594788 2 
1594790 6594 
1601384 4096 
1605480 1024 
1606504 512 
1607016 256 
1607272 128 
1607400 64 
1607464 32 
1607496 1024 
1608520 256 
1608776 8 
1608784 4 
1608788 27758 
1636546 2048 
1638594 1024 
1639618 512 
1640130 256 
1640386 32 
1640418 8 
1640426 27758 
1668184 256 
1668440 128 
1668568 64 
1668632 1 
1668633 4096 
1672729 512 
1673241 256 
1673497 8 
1673505 2 
1673507 1 
1673508 4096 
1677604 1024 
1678628 128 
1678756 16 
1678772 4 
1678776 2048 
1680824 1024 
1681848 512 
1682360 8 
1682368 4 
1682372 2 
1682374 2048 
1684422 1024 
1685446 256 
1685702 64 
1685766 32 
1685798 1 
1685799 6594 
1692393 1024 
1693417 256 
1693673 64 
1693737 32 
1693769 2 
1693771 6594 
1700365 1024 
1701389 512 
1701901 256 
1702157 128 
1702285 2 
1702287 13188 
1715475 4096 
1719571 256 
1719827 32 
1719859 16 
1719875 8 
1719883 4 
1719887 1 
1719888 128 
1720016 8 
1720024 4 
1720028 512 
1720540 64 
1720604 32 
1720636 4 
1720640 2 
1720642 1 
1720643 6594 
1727237 4096 
1731333 1024 
1732357 512 
1732869 256 
1733125 128 
1733253 64 
1733317 32 
1733349 16 
1733365 8 
1733373 2 
1733375 1 
1733376 13188 
1746564 4096 
1750660 32 
1750692 16 
1750708 8 
1750716 2 
1750718 6594 
1757312 4096 
1761408 512 
1761920 128 
1762048 64 
1762112 16 
1762128 2 
1762130 6400 
1768530 32 
1768562 4 
1768566 2 
1768568 512 
1769080 256 
1769336 32 
1769368 8 
1769376 2 
1769378 1 
1769379 2048 
1771427 4 
1771431 1 
1771432 512 
1771944 256 
1772200 128 
1772328 32 
1772360 16 
1772376 4 
1772380 6594 
1778974 256 
1779230 16 
1779246 8 
1779254 4 
1779258 13188 
1792446 6594 
1799040 2048 
1801088 512 
1801600 256 
1801856 64 
1801920 8 
1801928 4 
1801932 2 
1801934 6594 
1808528 128 
1808656 8 
1808664 2 
1808666 1 
1808667 13188 
1821855 2048 
1823903 1024 
1824927 64 
1824991 4 
1824995 2 
1824997 1 
1824998 42978 
1867976 6594 
1874570 2048 
1876618 32 
1876650 16 
1876666 8 
1876674 13188 
1889862 6594 
1896456 2048 
1898504 256 
1898760 128 
1898888 32 
1898920 16 
1898936 8 
1898944 2 
1898946 6594 
1905540 2048 
1907588 512 
1908100 128 
1908228 16 
1908244 4 
1908248 2 
1908250 6594 
1914844 256 
1915100 4 
1915104 1 
1915105 6594 
1921699 128 
1921827 64 
1921891 32 
1921923 8 
1921931 4 
1921935 2 
1921937 1 
1921938 13188 
1935126 6594 
1941720 512 
1942232 256 
1942488 128 
1942616 16 
1942632 2 
1942634 6594 
1949228 1024 
1950252 16 
1950268 8 
1950276 2 
1950278 13188 
1963466 4096 
1967562 512 
1968074 32 
1968106 16 
1968122 8 
1968130 4 
1968134 2 
1968136 6594 
1974730 512 
1975242 256 
1975498 128 
1975626 64 
1975690 32 
1975722 16 
1975738 8 
1975746 4 
1975750 2 
1975752 1 
1975753 6594 
1982347 256 
1982603 64 
1982667 32 
1982699 16 
1982715 8 
1982723 4 
1982727 13188 
1995915 4096 
2000011 1024 
2001035 256 
2001291 4 
2001295 6528 
2007823 32 
2007855 16 
2007871 8 
2007879 4 
2007883 2 
2007885 1 
2007886 56166 
2064052 1024 
2065076 512 
2065588 64 
2065652 32 
2065684 4 
2065688 2 
2065690 1 
2065691 2048 
2067739 256 
2067995 32 
2068027 8 
2068035 4096 
2072131 128 
2072259 8 
2072267 4 
2072271 13188 
2085459 256 
2085715 128 
2085843 32 
2085875 16 
2085891 1 
2085892 13188 
2099080 6594 
2105674 2048 
2107722 256 
2107978 32 
2108010 16 
2108026 8 
2108034 4 
2108038 6594 
2114632 2048 
2116680 1024 
2117704 512 
2118216 128 
2118344 64 
2118408 32 
2118440 16 
2118456 1 
2118457 13188 
2131645 1024 
2132669 512 
2133181 256 
2133437 32 
2133469 16 
2133485 4 
2133489 1 
2133490 6594 
2140084 512 
2140596 32 
2140628 1 
2140629 27758 
2168387 6594 
2174981 512 
2175493 128 
2175621 64 
2175685 16 
2175701 8 
2175709 512 
2176221 128 
2176349 64 
2176413 32 
2176445 16 
2176461 8 
2176469 4 
2176473 26376 
2202849 512 
2203361 256 
2203617 32 
2203649 4 
2203653 1 
2203654 1024 
2204678 64 
2204742 32 
2204774 8 
2204782 2048 
2206830 1024 
2207854 512 
2208366 256 
2208622 8 
2208630 4 
2208634 6594 
2215228 2048 
2217276 1024 
2218300 512 
2218812 64 
2218876 32 
2218908 8 
2218916 2 
2218918 13188 
2232106 6144 
2238250 128 
2238378 32 
2238410 16 
2238426 2 
2238428 1 
2238429 6594 
2245023 128 
2245151 16 
2245167 8 
2245175 4 
2245179 2 
2245181 1 
2245182 256 
2245438 128 
2245566 64 
2245630 16 
2245646 1 
2245647 2048 
2247695 64 
2247759 32 
2247791 2 
2247793 1 
2247794 27758 
2275552 6594 
2282146 4096 
2286242 1024 
2287266 256 
2287522 32 
2287554 8 
2287562 1 
2287563 13188 
2300751 6594 
2307345 4096 
2311441 1024 
2312465 512 
2312977 128 
2313105 64 
2313169 16 
2313185 13188 
2326373 1024 
2327397 256 
2327653 128 
2327781 32 
2327813 8 
2327821 2 
2327823 1 
2327824 2048 
2329872 1024 
2330896 512 
2331408 128 
2331536 64 
2331600 32 
2331632 16 
2331648 4 
2331652 2 
2331654 1 
2331655 256 
2331911 128 
2332039 8 
2332047 4 
2332051 1 
2332052 4096 
2336148 1024 
2337172 256 
2337428 16 
2337444 1 
2337445 512 
2337957 256 
2338213 64 
2338277 16 
2338293 8 
2338301 4 
2338305 1 
2338306 13188 
2351494 4096 
2355590 256 
2355846 64 
2355910 16 
2355926 2 
2355928 1024 
2356952 32 
2356984 16 
2357000 8 
2357008 4 
2357012 1 
2357013 13188 
2370201 6594 
2376795 1024 
2377819 256 
2378075 8 
2378083 4 
2378087 2 
2378089 27758 
2405847 4096 
2409943 1024 
2410967 256 
2411223 128 
2411351 4096 
2415447 512 
2415959 128 
2416087 16 
2416103 8 
2416111 1 
2416112 4096 
2420208 512 
2420720 128 
2420848 64 
2420912 16 
2420928 4 
2420932 2 
2420934 6594 
2427528 4096 
2431624 1024 
2432648 512 
2433160 8 
2433168 4 
2433172 256 
2433428 16 
2433444 8 
2433452 2 
2433454 1 
2433455 4096 
2437551 512 
2438063 128 
2438191 32 
2438223 16 
2438239 4 
2438243 2 
2438245 4096 
2442341 1024 
2443365 32 
2443397 8 
2443405 1 
2443406 13188 
2456594 2048 
2458642 512 
2459154 32 
2459186 16 
2459202 4 
2459206 2 
2459208 1 
2459209 42978 
2502187 6594 
2508781 2048 
2510829 64 
2510893 32 
2510925 4 
2510929 2048 
2512977 512 
2513489 128 
2513617 64 
2513681 32 
2513713 4 
2513717 6594 
2520311 1024 
2521335 256 
2521591 64 
2521655 32 
2521687 16 
2521703 8 
2521711 1 
2521712 6594 
2528306 256 
2528562 128 
2528690 64 
2528754 32 
2528786 2 
2528788 2048 
2530836 1024 
2531860 512 
2532372 256 
2532628 128 
2532756 4 
2532760 1 
2532761 1024 
2533785 64 
2533849 16 
2533865 8 
2533873 1 
2533874 27758 
2561632 1024 
2562656 512 
2563168 256 
2563424 128 
2563552 16 
2563568 4 
2563572 2048 
2565620 1024 
2566644 512 
2567156 256 
2567412 128 
2567540 32 
2567572 16 
2567588 8 
2567596 4 
2567600 2 
2567602 1 
2567603 512 
2568115 64 
2568179 32 
2568211 16 
2568227 2 
2568229 1 
2568230 13188 
2581418 6594 
2588012 2048 
2590060 1024 
2591084 512 
2591596 256 
2591852 128 
2591980 64 
2592044 32 
2592076 16 
2592092 8 
2592100 4 
2592104 1 
2592105 1024 
2593129 512 
2593641 128 
2593769 64 
2593833 8 
2593841 4 
2593845 2 
2593847 1 
2593848 6594 
2600442 128 
2600570 2 
2600572 2048 
2602620 512 
2603132 256 
2603388 128 
2603516 16 
2603532 2 
2603534 1 
2603535 256 
2603791 128 
2603919 64 
2603983 32 
2604015 16 
2604031 8 
2604039 4 
2604043 27758 
2631801 2048 
2633849 1024 
2634873 512 
2635385 256 
2635641 128 
2635769 16 
2635785 8 
2635793 1 
2635794 13188 
2648982 4096 
2653078 512 
2653590 128 
2653718 32 
2653750 8 
2653758 4 
2653762 2 
2653764 1 
2653765 13188 
2666953 6594 
2673547 1024 
2674571 64 
2674635 32 
2674667 8 
2674675 4 
2674679 4096 
2678775 1024 
2679799 512 
2680311 64 
2680375 32 
2680407 16 
2680423 4 
2680427 1 
2680428 2048 
2682476 64 
2682540 32 
2682572 8 
2682580 4 
2682584 6594 
2689178 256 
2689434 128 
2689562 8 
2689570 13188 
2702758 6594 
2709352 1024 
2710376 512 
2710888 256 
2711144 64 
2711208 16 
2711224 8 
2711232 2 
2711234 2048 
2713282 1024 
2714306 256 
2714562 128 
2714690 32 
2714722 8 
2714730 1024 
2715754 512 
2716266 256 
2716522 64 
2716586 16 
2716602 8 
2716610 4 
2716614 2 
2716616 1 
2716617 4096 
2720713 512 
2721225 32 
2721257 16 
2721273 4 
2721277 2 
2721279 4096 
2725375 512 
2725887 128 
2726015 8 
2726023 4 
2726027 2 
2726029 1 
2726030 1024 
2727054 512 
2727566 256 
2727822 32 
2727854 16 
2727870 2 
2727872 1024 
2728896 512 
2729408 128 
2729536 8 
2729544 2 
2729546 1 
2729547 6594 
2736141 1024 
2737165 64 
2737229 32 
2737261 16 
2737277 8 
2737285 6594 
2743879 512 
2744391 128 
2744519 16 
2744535 4 
2744539 6528 
2751067 32 
2751099 16 
2751115 8 
2751123 4 
2751127 2 
2751129 1 
2751130 6400 
2757530 32 
2757562 16 
2757578 4 
2757582 1 
2757583 4096 
2761679 1024 
2762703 512 
2763215 256 
2763471 128 
2763599 64 
2763663 16 
2763679 1 
2763680 2048 
2765728 1024 
2766752 128 
2766880 64 
2766944 32 
2766976 4 
2766980 13188 
2780168 6594 
2786762 512 
2787274 128 
2787402 64 
2787466 32 
2787498 16 
2787514 4 
2787518 2 
2787520 1 
2787521 1024 
2788545 128 
2788673 64 
2788737 8 
2788745 4 
2788749 2 
2788751 6594 
2795345 2048 
2797393 1024 
2798417 512 
2798929 128 
2799057 16 
2799073 1 
2799074 13188 
2812262 1024 
2813286 64 
2813350 32 
2813382 16 
2813398 4 
2813402 2 
2813404 512 
2813916 256 
2814172 16 
2814188 8 
2814196 2 
2814198 1024 
2815222 128 
2815350 64 
2815414 13188 
2828602 4096 
2832698 32 
2832730 1024 
2833754 512 
2834266 256 
2834522 16 
2834538 2 
2834540 1 
2834541 512 
2835053 64 
2835117 16 
2835133 1 
2835134 6594 
2841728 2048 
2843776 512 
2844288 256 
2844544 128 
2844672 64 
2844736 32 
2844768 16 
2844784 8 
2844792 2 
2844794 27758 
2872552 6594 
2879146 2048 
2881194 1024 
2882218 64 
2882282 32 
2882314 16 
2882330 13188 
2895518 6594 
2902112 4096 
2906208 512 
2906720 16 
2906736 4 
2906740 2 
2906742 32 
2906774 16 
2906790 8 
2906798 4 
2906802 2 
2906804 1 
2906805 13188 
2919993 2048 
2922041 512 
2922553 64 
2922617 32 
2922649 16 
2922665 2 
2922667 1024 
2923691 128 
2923819 64 
2923883 2 
2923885 13188 
2937073 1024 
2938097 256 
2938353 128 
2938481 64 
2938545 16 
2938561 2 
2938563 6594 
2945157 2048 
2947205 1024 
2948229 64 
2948293 16 
2948309 1 
2948310 6144 
2954454 32 
2954486 16 
2954502 8 
2954510 4 
2954514 2048 
2956562 1024 
2957586 256 
2957842 64 
2957906 16 
2957922 8 
2957930 4 
2957934 256 
2958190 64 
2958254 32 
2958286 1 
2958287 6144 
2964431 8 
2964439 4 
2964443 2 
2964445 6594 
2971039 2048 
2973087 1024 
2974111 512 
2974623 256 
2974879 128 
2975007 64 
2975071 32 
2975103 8 
2975111 2 
2975113 2048 
2977161 512 
2977673 256 
2977929 128 
2978057 64 
2978121 8 
2978129 2 
2978131 256 
2978387 64 
2978451 32 
2978483 4 
2978487 2 
2978489 6594 
2985083 4096 
2989179 1024 
2990203 64 
2990267 32 
2990299 16 
2990315 8 
2990323 4 
2990327 2 
2990329 1 
2990330 4096 
2994426 64 
2994490 32 
2994522 8 
2994530 4 
2994534 2 
2994536 1 
2994537 2048 
2996585 1024 
2997609 128 
2997737 64 
2997801 4 
2997805 4096 
3001901 512 
3002413 256 
3002669 128 
3002797 64 
3002861 1 
3002862 4096 
3006958 512 
3007470 256 
3007726 8 
3007734 4 
3007738 1 
3007739 1024 
3008763 8 
3008771 4 
3008775 2048 
3010823 1024 
3011847 512 
3012359 256 
3012615 128 
3012743 32 
3012775 8 
3012783 4 
3012787 2 
3012789 1 
3012790 6594 
3019384 1024 
3020408 256 
3020664 128 
3020792 32 
3020824 2 
3020826 1 
3020827 1024 
3021851 256 
3022107 64 
3022171 32 
3022203 8 
3022211 6594 
3028805 2048 
3030853 512 
3031365 128 
3031493 64 
3031557 16 
3031573 2 
3031575 2048 
3033623 64 
3033687 32 
3033719 8 
3033727 2 
3033729 1 
3033730 2048 
3035778 1024 
3036802 128 
3036930 16 
3036946 8 
3036954 2 
3036956 1 
3036957 2048 
3039005 512 
3039517 64 
3039581 32 
3039613 16 
3039629 1 
3039630 6594 
3046224 4096 
3050320 512 
3050832 128 
3050960 8 
3050968 512 
3051480 256 
3051736 8 
3051744 2 
3051746 8 
3051754 4 
3051758 13188 
3064946 4096 
3069042 64 
3069106 32 
3069138 16 
3069154 8 
3069162 4 
3069166 13188 
3082354 2048 
3084402 1024 
3085426 512 
3085938 256 
3086194 8 
3086202 4 
3086206 1 
3086207 13188 
3099395 4096 
3103491 128 
3103619 1024 
3104643 16 
3104659 2 
3104661 1 
3104662 27758 
3132420 6594 
3139014 2048 
3141062 1024 
3142086 256 
3142342 16 
3142358 8 
3142366 1024 
3143390 512 
3143902 128 
3144030 64 
3144094 32 
3144126 4 
3144130 6594 
3150724 2048 
3152772 1024 
3153796 512 
3154308 256 
3154564 128 
3154692 64 
3154756 4 
3154760 2 
3154762 1 
3154763 2048 
3156811 1024 
3157835 256 
3158091 16 
3158107 2 
3158109 4096 
3162205 1024 
3163229 256 
3163485 64 
3163549 32 
3163581 16 
3163597 4 
3163601 2 
3163603 6594 
3170197 4096 
3174293 1024 
3175317 256 
3175573 8 
3175581 1 
3175582 512 
3176094 16 
3176110 8 
3176118 4096 
3180214 32 
3180246 16 
3180262 8 
3180270 2 
3180272 13188 
3193460 6594 
3200054 4096 
3204150 256 
3204406 32 
3204438 8 
3204446 4 
3204450 1 
3204451 13188 
3217639 6594 
3224233 2048 
3226281 512 
3226793 256 
3227049 128 
3227177 8 
3227185 1 
3227186 2048 
3229234 1024 
3230258 13188 
3243446 2048 
3245494 1024 
3246518 32 
3246550 16 
3246566 4 
3246570 13188 
3259758 512 
3260270 32 
3260302 2 
3260304 1 
3260305 13188 
3273493 6594 
3280087 1024 
3281111 128 
3281239 32 
3281271 8 
3281279 4 
3281283 2 
3281285 6594 
3287879 4096 
3291975 1024 
3292999 128 
3293127 64 
3293191 16 
3293207 4 
3293211 27400 
3320611 128 
3320739 4 
3320743 1 
3320744 6594 
3327338 512 
3327850 32 
3327882 16 
3327898 8 
3327906 4 
3327910 6594 
3334504 4096 
3338600 64 
3338664 16 
3338680 8 
3338688 4 
3338692 2 
3338694 6144 
3344838 128 
3344966 64 
3345030 16 
3345046 4 
3345050 2 
3345052 256 
3345308 128 
3345436 64 
3345500 32 
3345532 8 
3345540 4 
3345544 2 
3345546 1 
3345547 13188 
3358735 6594 
3365329 4096 
3369425 256 
3369681 128 
3369809 64 
3369873 6594 
3376467 128 
3376595 32 
3376627 4 
3376631 2 
3376633 512 
3377145 64 
3377209 8 
3377217 4 
3377221 2 
3377223 1 
3377224 6594 
3383818 1024 
3384842 512 
3385354 256 
3385610 128 
3385738 64 
3385802 32 
3385834 16 
3385850 1 
3385851 13188 
3399039 6594 
3405633 4096 
3409729 1024 
3410753 512 
3411265 128 
3411393 32 
3411425 8 
3411433 4 
3411437 6594 
3418031 4096 
3422127 1024 
3423151 512 
3423663 512 
3424175 256 
3424431 128 
3424559 32 
3424591 16 
3424607 4 
3424611 2048 
3426659 1024 
3427683 512 
3428195 128 
3428323 32 
3428355 16 
3428371 8 
3428379 1024 
3429403 128 
3429531 64 
3429595 32 
3429627 16 
3429643 4 
3429647 2 
3429649 1 
3429650 13188 
3442838 4096 
3446934 1024 
3447958 512 
3448470 256 
3448726 4 
3448730 6594 
3455324 4096 
3459420 16 
3459436 8 
3459444 4 
3459448 1 
3459449 2048 
3461497 1024 
3462521 128 
3462649 64 
3462713 16 
3462729 8 
3462737 512 
3463249 64 
3463313 32 
3463345 16 
3463361 8 
3463369 1 
3463370 13188 
3476558 4096 
3480654 128 
3480782 32 
3480814 8 
3480822 4 
3480826 2 
3480828 1 
3480829 27758 
3508587 6594 
3515181 2048 
3517229 256 
3517485 128 
3517613 32 
3517645 16 
3517661 8 
3517669 4 
3517673 2 
3517675 40946 
3558621 256 
3558877 64 
3558941 8 
3558949 1 
3558950 6594 
3565544 64 
3565608 16 
3565624 8 
3565632 13188 
3578820 256 
3579076 128 
3579204 64 
3579268 32 
3579300 4 
3579304 2 
3579306 2048 
3581354 1024 
3582378 256 
3582634 128 
3582762 64 
3582826 32 
3582858 16 
3582874 4 
3582878 2 
3582880 1 
3582881 6594 
3589475 1024 
3590499 512 
3591011 128 
3591139 64 
3591203 32 
3591235 8 
3591243 2 
3591245 6594 
3597839 2048 
3599887 64 
3599951 16 
3599967 8 
3599975 4 
3599979 1 
3599980 256 
3600236 128 
3600364 64 
3600428 16 
3600444 8 
3600452 1 
3600453 6594 
3607047 4096 
3611143 1024 
3612167 512 
3612679 64 
3612743 32 
3612775 16 
3612791 8 
3612799 4 
3612803 2 
3612805 4096 
3616901 1024 
3617925 64 
3617989 16 
3618005 8 
3618013 1 
3618014 27758 
3645772 32 
3645804 16 
3645820 4 
3645824 2 
3645826 1 
3645827 13188 
3659015 6594 
3665609 4096 
3669705 1024 
3670729 256 
3670985 64 
3671049 16 
3671065 2 
3671067 4096 
3675163 128 
3675291 64 
3675355 16 
3675371 8 
3675379 1 
3675380 13188 
3688568 6594 
3695162 2048 
3697210 1024 
3698234 512 
3698746 256 
3699002 128 
3699130 64 
3699194 16 
3699210 4 
3699214 13188 
3712402 4096 
3716498 1024 
3717522 512 
3718034 64 
3718098 32 
3718130 8 
3718138 1 
3718139 2048 
3720187 1024 
3721211 512 
3721723 256 
3721979 64 
3722043 32 
3722075 16 
3722091 4 
3722095 1 
3722096 1024 
3723120 16 
3723136 8 
3723144 2 
3723146 13188 
3736334 1024 
3737358 256 
3737614 128 
3737742 64 
3737806 8 
3737814 4 
3737818 1024 
3738842 128 
3738970 16 
3738986 4 
3738990 1 
3738991 13188 
3752179 6594 
3758773 6144 
3764917 128 
3765045 32 
3765077 16 
3765093 8 
3765101 2 
3765103 13188 
3778291 2048 
3780339 1024 
3781363 512 
3781875 128 
3782003 16 
3782019 8 
3782027 4 
3782031 2 
3782033 6594 
3788627 4096 
3792723 1024 
3793747 32 
3793779 8 
3793787 2 
3793789 1 
3793790 2048 
3795838 1024 
3796862 128 
3796990 1 
3796991 27758 
3824749 6594 
3831343 2048 
3833391 1024 
3834415 128 
3834543 64 
3834607 16 
3834623 4 
3834627 2 
3834629 6594 
3841223 1024 
3842247 64 
3842311 32 
3842343 16 
3842359 8 
3842367 4 
3842371 1 
3842372 2048 
3844420 1024 
3845444 512 
3845956 64 
3846020 16 
3846036 8 
3846044 6594 
3852638 1024 
3853662 256 
3853918 64 
3853982 32 
3854014 16 
3854030 8 
3854038 4 
3854042 4096 
3858138 1024 
3859162 256 
3859418 64 
3859482 32 
3859514 1 
3859515 13188 
3872703 1024 
3873727 32 
3873759 16 
3873775 4 
3873779 2 
3873781 6594 
3880375 1024 
3881399 512 
3881911 128 
3882039 64 
3882103 32 
3882135 8 
3882143 6594 
3888737 2048 
3890785 256 
3891041 64 
3891105 16 
3891121 1 
3891122 2048 
3893170 1024 
3894194 256 
3894450 64 
3894514 32 
3894546 4 
3894550 1 
3894551 6594 
3901145 2048 
3903193 128 
3903321 64 
3903385 32 
3903417 16 
3903433 8 
3903441 4 
3903445 2 
3903447 1 
3903448 6594 
3910042 1024 
3911066 32 
3911098 2 
3911100 1 
3911101 27758 
3938859 6594 
3945453 6144 
3951597 32 
3951629 8 
3951637 2048 
3953685 512 
3954197 256 
3954453 128 
3954581 64 
3954645 32 
3954677 16 
3954693 8 
3954701 4 
3954705 1 
3954706 6594 
3961300 2048 
3963348 1024 
3964372 512 
3964884 16 
3964900 4 
3964904 2 
3964906 1 
3964907 13188 
3978095 6594 
3984689 512 
3985201 128 
3985329 32 
3985361 16 
3985377 4 
3985381 2 
3985383 6144 
3991527 128 
3991655 32 
3991687 16 
3991703 8 
3991711 4 
3991715 2 
3991717 4096 
3995813 1024 
3996837 256 
3997093 32 
3997125 16 
3997141 2 
3997143 6594 
4003737 6144 
4009881 128 
4010009 16 
4010025 8 
4010033 2 
4010035 1 
4010036 13188 
4023224 6594 
4029818 4096 
4033914 1024 
4034938 256 
4035194 32 
4035226 6594 
4041820 1024 
4042844 512 
4043356 256 
4043612 128 
4043740 4 
4043744 1 
4043745 6594 
4050339 2048 
4052387 1024 
4053411 512 
4053923 256 
4054179 128 
4054307 32 
4054339 8 
4054347 2 
4054349 13188 
4067537 6594 
4074131 1024 
4075155 512 
4075667 64 
4075731 8 
4075739 4 
4075743 2 
4075745 2048 
4077793 1024 
4078817 512 
4079329 256 
4079585 4 
4079589 2 
4079591 1 
4079592 6594 
4086186 6528 
4092714 32 
4092746 8 
4092754 4 
4092758 2 
4092760 6594 
4099354 2048 
4101402 1024 
4102426 512 
4102938 16 
4102954 8 
4102962 42978 
4145940 4096 
4150036 1024 
4151060 256 
4151316 1 
4151317 6144 
4157461 16 
4157477 4 
4157481 13188 
4170669 2048 
4172717 1024 
4173741 64 
4173805 8 
4173813 2 
4173815 1 
4173816 6528 
4180344 32 
4180376 4 
4180380 13188 
4193568 6594 
4200162 2048 
4202210 1024 
4203234 256 
4203490 128 
4203618 16 
4203634 8 
4203642 4 
4203646 2 
4203648 2048 
4205696 512 
4206208 256 
4206464 64 
4206528 32 
4206560 16 
4206576 8 
4206584 2 
4206586 13188 
4219774 512 
4220286 8 
4220294 4 
4220298 2 
4220300 1 
4220301 4096 
4224397 32 
4224429 16 
4224445 8 
4224453 2 
4224455 1 
4224456 2048 
4226504 512 
4227016 256 
4227272 128 
4227400 64 
4227464 8 
4227472 2 
4227474 1 
4227475 13188 
4240663 2048 
4242711 128 
4242839 64 
4242903 4 
4242907 1 
4242908 6594 
4249502 2048 
4251550 512 
4252062 64 
4252126 32 
4252158 16 
4252174 1 
4252175 13188 
4265363 4096 
4269459 512 
4269971 64 
4270035 16 
4270051 8 
4270059 2 
4270061 1 
4270062 6594 
4276656 1024 
4277680 512 
4278192 256 
4278448 8 
4278456 2 
4278458 13188 
4291646 4096 
4295742 128 
4295870 32 
4295902 8 
4295910 2 
4295912 2048 
4297960 512 
4298472 256 
4298728 32 
4298760 8 
4298768 2 
4298770 1 
4298771 13188 
4311959 4096 
4316055 128 
4316183 16 
4316199 4 
4316203 1 
4316204 27758 
4343962 2048 
4346010 6144 
4352154 128 
4352282 32 
4352314 2 
4352316 1 
4352317 2048 
4354365 512 
4354877 64 
4354941 32 
4354973 16 
4354989 1 
4354990 13188 
4368178 2048 
4370226 32 
4370258 2 
4370260 1 
4370261 6144 
4376405 32 
4376437 8 
4376445 4 
4376449 2 
4376451 13188 
4389639 6594 
4396233 2048 
4398281 512 
4398793 256 
4399049 128 
4399177 16 
4399193 1 
4399194 13188 
4412382 4096 
4416478 512 
4416990 128 
4417118 32 
4417150 16 
4417166 8 
4417174 1 
4417175 6594 
4423769 1024 
4424793 256 
4425049 2 
4425051 2048 
4427099 64 
4427163 32 
4427195 8 
4427203 4 
4427207 1 
4427208 2048 
4429256 1024 
4430280 512 
4430792 256 
4431048 128 
4431176 32 
4431208 8 
4431216 2 
4431218 4096 
4435314 512 
4435826 256 
4436082 128 
4436210 64 
4436274 4 
4436278 2 
4436280 512 
4436792 64 
4436856 8 
4436864 2 
4436866 1 
4436867 27758 
4464625 2048 
4466673 512 
4467185 256 
4467441 128 
4467569 16 
4467585 8 
4467593 4 
4467597 512 
4468109 128 
4468237 64 
4468301 8 
4468309 4 
4468313 6594 
4474907 1024 
4475931 512 
4476443 32 
4476475 16 
4476491 4 
4476495 1024 
4477519 128 
4477647 64 
4477711 32 
4477743 8 
4477751 2 
4477753 1 
4477754 13188 
4490942 4096 
4495038 1024 
4496062 512 
4496574 256 
4496830 32 
4496862 2 
4496864 1 
4496865 6594 
4503459 1024 
4504483 256 
4504739 128 
4504867 64 
4504931 32 
4504963 16 
4504979 8 
4504987 4 
4504991 1 
4504992 6594 
4511586 4096 
4515682 512 
4516194 128 
4516322 64 
4516386 2 
4516388 4096 
4520484 1024 
4521508 512 
4522020 256 
4522276 8 
4522284 2048 
4524332 512 
4524844 64 
4524908 32 
4524940 8 
4524948 4 
4524952 2 
4524954 1 
4524955 4096 
4529051 1024 
4530075 512 
4530587 256 
4530843 128 
4530971 8 
4530979 1024 
4532003 512 
4532515 256 
4532771 128 
4532899 64 
4532963 16 
4532979 4 
4532983 42978 
4575961 6594 
4582555 1024 
4583579 512 
4584091 64 
4584155 16 
4584171 2 
4584173 1 
4584174 4096 
4588270 256 
4588526 128 
4588654 32 
4588686 8 
4588694 4 
4588698 1 
4588699 13188 
4601887 6594 
4608481 2048 
4610529 1024 
4611553 512 
4612065 128 
4612193 64 
4612257 32 
4612289 8 
4612297 4 
4612301 1 
4612302 13188 
4625490 1024 
4626514 512 
4627026 256 
4627282 128 
4627410 32 
4627442 1 
4627443 6594 
4634037 512 
4634549 64 
4634613 16 
4634629 2 
4634631 1 
4634632 2048 
4636680 1024 
4637704 512 
4638216 256 
4638472 32 
4638504 16 
4638520 8 
4638528 4 
4638532 2 
4638534 1 
4638535 13188 
4651723 6594 
4658317 1024 
4659341 64 
4659405 32 
4659437 16 
4659453 8 
4659461 2 
4659463 27758 
4687221 2048 
4689269 1024 
4690293 512 
4690805 64 
4690869 32 
4690901 16 
4690917 4 
4690921 2 
4690923 1 
4690924 2048 
4692972 512 
4693484 64 
4693548 8 
4693556 4 
4693560 1 
4693561 6594 
4700155 2048 
4702203 256 
4702459 16 
4702475 1 
4702476 27758 
4730234 1024 
4731258 512 
4731770 32 
4731802 8 
4731810 4 
4731814 1 
4731815 13188 
4745003 2048 
4747051 256 
4747307 128 
4747435 64 
4747499 32 
4747531 16 
4747547 8 
4747555 4 
4747559 2 
4747561 1 
4747562 6594 
4754156 6400 
4760556 64 
4760620 32 
4760652 16 
4760668 8 
4760676 4 
4760680 1024 
4761704 512 
4762216 256 
4762472 128 
4762600 64 
4762664 8 
4762672 4 
4762676 2 
4762678 42978 
4805656 1024 
4806680 512 
4807192 64 
4807256 32 
4807288 2 
4807290 1 
4807291 2048 
4809339 1024 
4810363 128 
4810491 64 
4810555 16 
4810571 6594 
4817165 6144 
4823309 128 
4823437 32 
4823469 16 
4823485 4 
4823489 1 
4823490 2048 
4825538 512 
4826050 16 
4826066 8 
4826074 2 
4826076 1 
4826077 13188 
4839265 4096 
4843361 256 
4843617 64 
4843681 32 
4843713 8 
4843721 2 
4843723 1 
4843724 27758 
4871482 1024 
4872506 512 
4873018 128 
4873146 64 
4873210 32 
4873242 16 
4873258 8 
4873266 4 
4873270 1 
4873271 1024 
4874295 512 
4874807 128 
4874935 8 
4874943 2 
4874945 512 
4875457 8 
4875465 1 
4875466 4096 
4879562 128 
4879690 64 
4879754 16 
4879770 8 
4879778 32 
4879810 8 
4879818 4 
4879822 2 
4879824 27758 
4907582 6594 
4914176 2048 
4916224 64 
4916288 8 
4916296 4 
4916300 2 
4916302 4096 
4920398 1024 
4921422 256 
4921678 64 
4921742 32 
4921774 16 
4921790 8 
4921798 6594 
4928392 2048 
4930440 1024 
4931464 512 
4931976 256 
4932232 16 
4932248 4 
4932252 2 
4932254 1 
4932255 128 
4932383 32 
4932415 8 
4932423 4 
4932427 2048 
4934475 64 
4934539 4 
4934543 1 
4934544 27758 
4962302 2048 
4964350 1024 
4965374 256 
4965630 128 
4965758 32 
4965790 16 
4965806 8 
4965814 4 
4965818 1 
4965819 13188 
4979007 4096 
4983103 1024 
4984127 512 
4984639 128 
4984767 64 
4984831 32 
4984863 4 
4984867 1 
4984868 6594 
4991462 512 
4991974 128 
4992102 16 
4992118 2 
4992120 2048 
4994168 512 
4994680 256 
4994936 128 
4995064 32 
4995096 16 
4995112 2 
4995114 2048 
4997162 32 
4997194 4 
4997198 1 
4997199 13188 
5010387 2048 
5012435 512 
5012947 128 
5013075 4 
5013079 2 
5013081 1 
5013082 4096 
5017178 512 
5017690 64 
5017754 16 
5017770 8 
5017778 6594 
5024372 6144 
5030516 16 
5030532 8 
5030540 4 
5030544 2 
5030546 1 
5030547 6594 
5037141 1024 
5038165 32 
5038197 16 
5038213 8 
5038221 2 
5038223 2048 
5040271 512 
5040783 128 
5040911 64 
5040975 16 
5040991 8 
5040999 2 
5041001 512 
5041513 4 
5041517 1 
5041518 6594 
5048112 2048 
5050160 128 
5050288 16 
5050304 2 
5050306 1 
5050307 13188 
5063495 2048 
5065543 512 
5066055 128 
5066183 32 
5066215 8 
5066223 4 
5066227 1 
5066228 4096 
5070324 1024 
5071348 512 
5071860 128 
5071988 64 
5072052 32 
5072084 8 
5072092 4 
5072096 4096 
5076192 512 
5076704 32 
5076736 6594 
5083330 256 
5083586 64 
5083650 1 
5083651 13188 
5096839 6594 
5103433 2048 
5105481 1024 
5106505 512 
5107017 256 
5107273 128 
5107401 32 
5107433 8 
5107441 1 
5107442 2048 
5109490 256 
5109746 128 
5109874 32 
5109906 16 
5109922 8 
5109930 4 
5109934 2 
5109936 1 
5109937 13188 
5123125 512 
5123637 256 
5123893 16 
5123909 4 
5123913 1 
5123914 4096 
5128010 1024 
5129034 256 
5129290 64 
5129354 16 
5129370 8 
5129378 4 
5129382 6594 
5135976 1024 
5137000 512 
5137512 256 
5137768 128 
5137896 64 
5137960 16 
5137976 8 
5137984 2048 
5140032 128 
5140160 64 
5140224 32 
5140256 2 
5140258 1 
5140259 1024 
5141283 256 
5141539 128 
5141667 64 
5141731 16 
5141747 4 
5141751 2 
5141753 1 
5141754 6594 
5148348 2048 
5150396 256 
5150652 128 
5150780 32 
5150812 4 
5150816 1 
5150817 13188 
5164005 6594 
5170599 4096 
5174695 1024 
5175719 512 
5176231 256 
5176487 64 
5176551 32 
5176583 4 
5176587 2 
5176589 1 
5176590 13188 
5189778 6594 
5196372 2048 
5198420 1024 
5199444 16 
5199460 8 
5199468 4 
5199472 13188 
5212660 1024 
5213684 128 
5213812 4 
5213816 2 
5213818 6594 
5220412 2048 
5222460 1024 
5223484 512 
5223996 16 
5224012 8 
5224020 1 
5224021 6594 
5230615 2048 
5232663 512 
5233175 256 
5233431 128 
5233559 32 
5233591 4 
5233595 27758 
5261353 6594 
5267947 4096 
5272043 1024 
5273067 32 
5273099 4 
5273103 1 
5273104 2048 
5275152 1024 
5276176 512 
5276688 256 
5276944 64 
5277008 4 
5277012 6594 
5283606 2048 
5285654 256 
5285910 32 
5285942 16 
5285958 2 
5285960 1 
5285961 6594 
5292555 2048 
5294603 256 
5294859 128 
5294987 64 
5295051 32 
5295083 4096 
5299179 1024 
5300203 256 
5300459 64 
5300523 16 
5300539 4 
5300543 2 
5300545 13188 
5313733 4096 
5317829 512 
5318341 128 
5318469 64 
5318533 8 
5318541 4 
5318545 2048 
5320593 1024 
5321617 512 
5322129 128 
5322257 32 
5322289 16 
5322305 4 
5322309 2 
5322311 1 
5322312 2048 
5324360 1024 
5325384 512 
5325896 128 
5326024 32 
5326056 16 
5326072 8 
5326080 2 
5326082 1 
5326083 4096 
5330179 1024 
5331203 512 
5331715 256 
5331971 128 
5332099 16 
5332115 8 
5332123 1 
5332124 512 
5332636 256 
5332892 64 
5332956 32 
5332988 8 
5332996 1 
5332997 2048 
5335045 16 
5335061 8 
5335069 1 
5335070 13188 
5348258 512 
5348770 128 
5348898 64 
5348962 32 
5348994 16 
5349010 2 
5349012 1 
5349013 6594 
5355607 1024 
5356631 512 
5357143 256 
5357399 64 
5357463 2 
5357465 4096 
5361561 128 
5361689 64 
5361753 32 
5361785 8 
5361793 1024 
5362817 512 
5363329 256 
5363585 64 
5363649 8 
5363657 4 
5363661 2 
5363663 1 
5363664 13188 
5376852 512 
5377364 256 
5377620 64 
5377684 16 
5377700 8 
5377708 4 
5377712 13188 
5390900 2048 
5392948 1024 
5393972 128 
5394100 16 
5394116 2 
5394118 13188 
5407306 2048 
5409354 64 
5409418 16 
5409434 8 
5409442 4 
5409446 1 
5409447 6594 
5416041 2048 
5418089 512 
5418601 256 
5418857 64 
5418921 16 
5418937 8 
5418945 13188 
5432133 6594 
5438727 4096 
5442823 256 
5443079 128 
5443207 32 
5443239 2 
5443241 1 
5443242 26376 
5469618 512 
5470130 64 
5470194 4 
5470198 2 
5470200 1 
5470201 6594 
5476795 1024 
5477819 8 
5477827 4 
5477831 2 
5477833 2048 
5479881 512 
5480393 256 
5480649 4 
5480653 2 
5480655 1 
5480656 4096 
5484752 1024 
5485776 256 
5486032 128 
5486160 64 
5486224 2 
5486226 1 
5486227 27758 
5513985 6594 
5520579 1024 
5521603 64 
5521667 16 
5521683 8 
5521691 2 
5521693 6594 
5528287 8 
5528295 4 
5528299 13188 
5541487 512 
5541999 32 
5542031 16 
5542047 8 
5542055 4 
5542059 2 
5542061 1 
5542062 13188 
5555250 4096 
5559346 1024 
5560370 512 
5560882 256 
5561138 8 
5561146 2 
5561148 1 
5561149 6594 
5567743 256 
5567999 128 
5568127 8 
5568135 2 
5568137 1 
5568138 6594 
5574732 128 
5574860 64 
5574924 2 
5574926 512 
5575438 256 
5575694 128 
5575822 16 
5575838 8 
5575846 2 
5575848 1 
5575849 4096 
5579945 512 
5580457 256 
5580713 16 
5580729 8 
5580737 4 
5580741 13188 
5593929 6594 
5600523 2048 
5602571 8 
5602579 4 
5602583 2 
5602585 1 
5602586 6594 
5609180 2048 
5611228 256 
5611484 128 
5611612 64 
5611676 16 
5611692 8 
5611700 4 
5611704 1 
5611705 2048 
5613753 32 
5613785 8 
5613793 4 
5613797 2048 
5615845 64 
5615909 32 
5615941 8 
5615949 4 
5615953 1 
5615954 4096 
5620050 1024 
5621074 512 
5621586 256 
5621842 32 
5621874 16 
5621890 1 
5621891 13188 
5635079 256 
5635335 128 
5635463 32 
5635495 8 
5635503 6594 
5642097 1024 
5643121 8 
5643129 2 
5643131 6594 
5649725 4096 
5653821 512 
5654333 128 
5654461 64 
5654525 1 
5654526 1024 
5655550 256 
5655806 16 
5655822 4 
5655826 1024 
5656850 256 
5657106 64 
5657170 8 
5657178 4 
5657182 2 
5657184 13188 
5670372 32 
5670404 1 
5670405 13188 
5683593 6594 
5690187 4096 
5694283 1024 
5695307 512 
5695819 256 
5696075 128 
5696203 2 
5696205 1 
5696206 4096 
5700302 1024 
5701326 512 
5701838 256 
5702094 128 
5702222 64 
5702286 32 
5702318 4 
5702322 512 
5702834 8 
5702842 4 
5702846 2 
5702848 2048 
5704896 1024 
5705920 256 
5706176 16 
5706192 4 
5706196 26376 
5732572 512 
5733084 8 
5733092 2 
5733094 42978 
5776072 2048 
5778120 1024 
5779144 512 
5779656 256 
5779912 4 
5779916 4096 
5784012 512 
5784524 256 
5784780 128 
5784908 64 
5784972 8 
5784980 6594 
5791574 4096 
5795670 1024 
5796694 256 
5796950 32 
5796982 16 
5796998 8 
5797006 4 
5797010 1 
5797011 2048 
5799059 1024 
5800083 128 
5800211 64 
5800275 8 
5800283 1 
5800284 6594 
5806878 4096 
5810974 1024 
5811998 512 
5812510 256 
5812766 64 
5812830 32 
5812862 8 
5812870 6594 
5819464 1024 
5820488 512 
5821000 16 
5821016 8 
5821024 6594 
5827618 128 
5827746 64 
5827810 16 
5827826 8 
5827834 1 
5827835 2048 
5829883 1024 
5830907 256 
5831163 128 
5831291 64 
5831355 2048 
5833403 1024 
5834427 128 
5834555 64 
5834619 16 
5834635 2 
5834637 2048 
5836685 1024 
5837709 512 
5838221 64 
5838285 4 
5838289 1 
5838290 27758 
5866048 2048 
5868096 128 
5868224 64 
5868288 32 
5868320 16 
5868336 8 
5868344 4 
5868348 2 
5868350 1 
5868351 13188 
5881539 4096 
5885635 64 
5885699 32 
5885731 16 
5885747 8 
5885755 4 
5885759 1 
5885760 13188 
5898948 6594 
5905542 4096 
5909638 256 
5909894 128 
5910022 64 
5910086 16 
5910102 6594 
5916696 256 
5916952 16 
5916968 8 
5916976 4 
5916980 1024 
5918004 512 
5918516 128 
5918644 13188 
5931832 6594 
5938426 256 
5938682 128 
5938810 16 
5938826 4 
5938830 2 
5938832 4096 
5942928 512 
5943440 128 
5943568 32 
5943600 8 
5943608 4 
5943612 42978 
5986590 4096 
5990686 256 
5990942 128 
5991070 64 
5991134 32 
5991166 8 
5991174 4 
5991178 2 
5991180 13188 
6004368 2048 
6006416 512 
6006928 256 
6007184 128 
6007312 64 
6007376 2 
6007378 2048 
6009426 512 
6009938 64 
6010002 32 
6010034 8 
6010042 2 
6010044 1 
6010045 13188 
6023233 1024 
6024257 512 
6024769 256 
6025025 8 
6025033 1 
6025034 4096 
6029130 1024 
6030154 512 
6030666 128 
6030794 64 
6030858 32 
6030890 16 
6030906 8 
6030914 2 
6030916 1024 
6031940 128 
6032068 64 
6032132 4 
6032136 2 
6032138 2048 
6034186 512 
6034698 256 
6034954 128 
6035082 1 
6035083 6594 
6041677 1024 
6042701 256 
6042957 128 
6043085 32 
6043117 4 
6043121 13188 
6056309 6594 
6062903 4096 
6066999 512 
6067511 256 
6067767 128 
6067895 4 
6067899 2 
6067901 1 
6067902 4096 
6071998 1024 
6073022 512 
6073534 16 
6073550 4 
6073554 2 
6073556 6594 
6080150 256 
6080406 128 
6080534 32 
6080566 8 
6080574 2 
6080576 13188 
6093764 4096 
6097860 256 
6098116 64 
6098180 32 
6098212 16 
6098228 4096 
6102324 128 
6102452 32 
6102484 16 
6102500 8 
6102508 4 
6102512 2 
6102514 13188 
6115702 6594 
6122296 2048 
6124344 1024 
6125368 512 
6125880 256 
6126136 4 
6126140 1 
6126141 4096 
6130237 128 
6130365 32 
6130397 2 
6130399 1 
6130400 6594 
6136994 2048 
6139042 128 
6139170 32 
6139202 16 
6139218 8 
6139226 2 
6139228 6594 
6145822 256 
6146078 128 
6146206 64 
6146270 32 
6146302 16 
6146318 8 
6146326 1024 
6147350 512 
6147862 128 
6147990 64 
6148054 8 
6148062 2 
6148064 1 
6148065 1024 
6149089 32 
6149121 16 
6149137 4 
6149141 2048 
6151189 512 
6151701 4 
6151705 2 
6151707 1 
6151708 13188 
6164896 4096 
6168992 512 
6169504 256 
6169760 64 
6169824 32 
6169856 8 
6169864 4 
6169868 1 
6169869 6594 
6176463 6144 
6182607 128 
6182735 8 
6182743 2 
6182745 512 
6183257 128 
6183385 16 
6183401 4 
6183405 6594 
6189999 2048 
6192047 64 
6192111 32 
6192143 16 
6192159 4 
6192163 2 
6192165 1 
6192166 6594 
6198760 2048 
6200808 1024 
6201832 512 
6202344 128 
6202472 64 
6202536 8 
6202544 4 
6202548 2 
6202550 1 
6202551 13188 
6215739 2048 
6217787 128 
6217915 64 
6217979 32 
6218011 16 
6218027 8 
6218035 4 
6218039 2 
6218041 1 
6218042 6594 
6224636 2048 
6226684 512 
6227196 16 
6227212 4 
6227216 1024 
6228240 512 
6228752 128 
6228880 64 
6228944 32 
6228976 8 
6228984 1024 
6230008 32 
6230040 16 
6230056 8 
6230064 4 
6230068 1 
6230069 6594 
6236663 4096 
6240759 512 
6241271 8 
6241279 4 
6241283 2 
6241285 1 
6241286 27758 
6269044 2048 
6271092 1024 
6272116 512 
6272628 256 
6272884 128 
6273012 64 
6273076 16 
6273092 4 
6273096 1 
6273097 13188 
6286285 4096 
6290381 512 
6290893 256 
6291149 128 
6291277 64 
6291341 32 
6291373 8 
6291381 2 
6291383 6594 
6297977 2048 
6300025 1024 
6301049 64 
6301113 32 
6301145 8 
6301153 4 
6301157 1 
6301158 2048 
6303206 512 
6303718 64 
6303782 32 
6303814 16 
6303830 4 
6303834 1 
6303835 6594 
6310429 512 
6310941 64 
6311005 16 
6311021 8 
6311029 2 
6311031 13188 
6324219 6594 
6330813 2048 
6332861 512 
6333373 32 
6333405 16 
6333421 8 
6333429 2 
6333431 1 
6333432 2048 
6335480 1024 
6336504 64 
6336568 32 
6336600 8 
6336608 4 
6336612 1 
6336613 13188 
6349801 2048 
6351849 512 
6352361 256 
6352617 2 
6352619 6144 
6358763 128 
6358891 64 
6358955 16 
6358971 8 
6358979 1 
6358980 2048 
6361028 1024 
6362052 512 
6362564 256 
6362820 128 
6362948 64 
6363012 16 
6363028 1 
6363029 6144 
6369173 128 
6369301 16 
6369317 8 
6369325 2 
6369327 1 
6369328 1024 
6370352 512 
6370864 64 
6370928 32 
6370960 8 
6370968 4 
6370972 1 
6370973 2048 
6373021 1024 
6374045 512 
6374557 32 
6374589 16 
6374605 8 
6374613 4 
6374617 2 
6374619 1 
6374620 4096 
6378716 512 
6379228 4 
6379232 2 
6379234 1 
6379235 6594 
6385829 2048 
6387877 128 
6388005 16 
6388021 8 
6388029 4 
6388033 2 
6388035 1 
6388036 13188 
6401224 6594 
6407818 4096 
6411914 128 
6412042 64 
6412106 16 
6412122 4 
6412126 6594 
6418720 2048 
6420768 512 
6421280 128 
6421408 64 
6421472 16 
6421488 8 
6421496 4 
6421500 1 
6421501 1024 
6422525 512 
6423037 64 
6423101 1 
6423102 6594 
6429696 256 
6429952 64 
6430016 8 
6430024 6144 
6436168 128 
6436296 32 
6436328 8 
6436336 2 
6436338 6594 
6442932 1024 
6443956 512 
6444468 128 
6444596 32 
6444628 8 
6444636 4 
6444640 4096 
6448736 256 
6448992 32 
6449024 8 
6449032 2 
6449034 4096 
6453130 1024 
6454154 256 
6454410 32 
6454442 16 
6454458 8 
6454466 1 
6454467 26376 
6480843 64 
6480907 16 
6480923 4 
6480927 2 
6480929 1 
6480930 13188 
6494118 1024 
6495142 512 
6495654 64 
6495718 4 
6495722 6594 
6502316 4096 
6506412 128 
6506540 64 
6506604 8 
6506612 2 
6506614 2048 
6508662 256 
6508918 16 
6508934 4096 
6513030 512 
6513542 8 
6513550 4 
6513554 1 
6513555 13188 
6526743 6594 
6533337 2048 
6535385 512 
6535897 128 
6536025 32 
6536057 16 
6536073 4 
6536077 2 
6536079 6594 
6542673 2048 
6544721 1024 
6545745 256 
6546001 128 
6546129 64 
6546193 32 
6546225 4 
6546229 2 
6546231 4096 
6550327 256 
6550583 64 
6550647 32 
6550679 16 
6550695 8 
6550703 4 
6550707 1 
6550708 13188 
6563896 2048 
6565944 1024 
6566968 512 
6567480 64 
6567544 8 
6567552 2 
6567554 1 
6567555 6594 
6574149 2048 
6576197 128 
6576325 64 
6576389 32 
6576421 8 
6576429 13188 
6589617 6594 
6596211 1024 
6597235 512 
6597747 256 
6598003 128 
6598131 64 
6598195 8 
6598203 4 
6598207 6594 
6604801 2048 
6606849 1024 
6607873 512 
6608385 256 
6608641 128 
6608769 32 
6608801 4 
6608805 1024 
6609829 128 
6609957 16 
6609973 2 
6609975 1 
6609976 6594 
6616570 2048 
6618618 512 
6619130 64 
6619194 32 
6619226 16 
6619242 4 
6619246 2 
6619248 6594 
6625842 4096 
6629938 512 
6630450 256 
6630706 128 
6630834 64 
6630898 16 
6630914 8 
6630922 2048 
6632970 1024 
6633994 128 
6634122 32 
6634154 8 
6634162 4 
6634166 8 
6634174 6594 
6640768 1024 
6641792 256 
6642048 128 
6642176 16 
6642192 2 
6642194 6594 
6648788 2048 
6650836 1024 
6651860 256 
6652116 128 
6652244 64 
6652308 16 
6652324 8 
6652332 4 
6652336 1 
6652337 6594 
6658931 256 
6659187 128 
6659315 64 
6659379 32 
6659411 16 
6659427 4 
6659431 2 
6659433 1 
6659434 64 
6659498 32 
6659530 16 
6659546 4 
6659550 6594 
6666144 2048 
6668192 1024 
6669216 512 
6669728 64 
6669792 16 
6669808 2 
6669810 6594 
6676404 2048 
6678452 64 
6678516 16 
6678532 4 
6678536 13188 
6691724 2048 
6693772 1024 
6694796 512 
6695308 64 
6695372 8 
6695380 4 
6695384 1 
6695385 512 
6695897 256 
6696153 128 
6696281 64 
6696345 32 
6696377 16 
6696393 2 
6696395 2048 
6698443 1024 
6699467 512 
6699979 256 
6700235 128 
6700363 2048 
6702411 256 
6702667 128 
6702795 64 
6702859 32 
6702891 8 
6702899 2 
6702901 1 
6702902 6594 
6709496 1024 
6710520 256 
6710776 64 
6710840 32 
6710872 16 
6710888 8 
6710896 4 
6710900 2 
6710902 13188 
6724090 6594 
6730684 4096 
6734780 1024 
6735804 32 
6735836 16 
6735852 8 
6735860 4 
6735864 2 
6735866 6400 
6742266 64 
6742330 32 
6742362 4 
6742366 1 
6742367 40946 
6783313 512 
6783825 64 
6783889 32 
6783921 4 
6783925 2 
6783927 1 
6783928 6594 
6790522 2048 
6792570 256 
6792826 8 
6792834 2 
6792836 1 
6792837 13188 
6806025 4096 
6810121 512 
6810633 128 
6810761 64 
6810825 32 
6810857 16 
6810873 4 
6810877 2048 
6812925 1024 
6813949 32 
6813981 2 
6813983 2048 
6816031 128 
6816159 64 
6816223 8 
6816231 4 
6816235 2 
6816237 1 
6816238 2048 
6818286 1024 
6819310 128 
6819438 32 
6819470 4 
6819474 2 
6819476 1 
6819477 13188 
6832665 4096 
6836761 1024 
6837785 256 
6838041 128 
6838169 64 
6838233 32 
6838265 4 
6838269 13188 
6851457 2048 
6853505 512 
6854017 256 
6854273 32 
6854305 8 
6854313 41970 
6896283 256 
6896539 32 
6896571 8 
6896579 4 
6896583 1 
6896584 2048 
6898632 1024 
6899656 512 
6900168 256 
6900424 32 
6900456 16 
6900472 2 
6900474 6594 
6907068 512 
6907580 128 
6907708 64 
6907772 32 
6907804 16 
6907820 8 
6907828 6144 
6913972 128 
6914100 64 
6914164 32 
6914196 13188 
6927384 4096 
6931480 512 
6931992 128 
6932120 16 
6932136 2 
6932138 1 
6932139 1024 
6933163 512 
6933675 256 
6933931 128 
6934059 16 
6934075 4 
6934079 2 
6934081 1 
6934082 42978 
6977060 6594 
6983654 2048 
6985702 512 
6986214 64 
6986278 32 
6986310 8 
6986318 2 
6986320 42866 
7029186 32 
7029218 4 
7029222 6594 
7035816 2048 
7037864 1024 
7038888 512 
7039400 1 
7039401 512 
7039913 128 
7040041 32 
7040073 8 
7040081 1 
7040082 2048 
7042130 512 
7042642 256 
7042898 128 
7043026 64 
7043090 8 
7043098 2 
7043100 1 
7043101 6594 
7049695 2048 
7051743 1024 
7052767 512 
7053279 256 
7053535 64 
7053599 16 
7053615 8 
7053623 4 
7053627 2 
7053629 1 
7053630 2048 
7055678 1024 
7056702 512 
7057214 256 
7057470 64 
7057534 13188 
7070722 1024 
7071746 512 
7072258 32 
7072290 8 
7072298 4 
7072302 2 
7072304 6594 
7078898 256 
7079154 128 
7079282 32 
7079314 16 
7079330 1 
7079331 2048 
7081379 128 
7081507 16 
7081523 8 
7081531 4 
7081535 2 
7081537 1 
7081538 2048 
7083586 512 
7084098 128 
7084226 64 
7084290 32 
7084322 16 
7084338 8 
7084346 4 
7084350 6594 
7090944 512 
7091456 128 
7091584 16 
7091600 2 
7091602 4096 
7095698 1024 
7096722 512 
7097234 32 
7097266 16 
7097282 8 
7097290 4 
7097294 1 
7097295 4 
7097299 13188 
7110487 2048 
7112535 512 
7113047 256 
7113303 128 
7113431 8 
7113439 4 
7113443 2 
7113445 13188 
7126633 2048 
7128681 64 
7128745 32 
7128777 16 
7128793 8 
7128801 4 
7128805 2048 
7130853 1024 
7131877 256 
7132133 128 
7132261 64 
7132325 16 
7132341 1 
7132342 512 
7132854 128 
7132982 32 
7133014 16 
7133030 4 
7133034 2 
7133036 6594 
7139630 4096 
7143726 1024 
7144750 256 
7145006 8 
7145014 4 
7145018 1 
7145019 13188 
7158207 2048 
7160255 1024 
7161279 256 
7161535 8 
7161543 4 
7161547 2 
7161549 6594 
7168143 2048 
7170191 1024 
7171215 512 
7171727 64 
7171791 32 
7171823 8 
7171831 1024 
7172855 512 
7173367 32 
7173399 16 
7173415 4 
7173419 1 
7173420 2048 
7175468 512 
7175980 128 
7176108 8 
7176116 4 
7176120 1 
7176121 13188 
7189309 2048 
7191357 1024 
7192381 16 
7192397 6594 
7198991 4096 
7203087 8 
7203095 2 
7203097 4096 
7207193 512 
7207705 128 
7207833 32 
7207865 16 
7207881 2 
7207883 1 
7207884 1024 
7208908 128 
7209036 16 
7209052 4 
7209056 42978 
7252034 4096 
7256130 512 
7256642 128 
7256770 32 
7256802 16 
7256818 8 
7256826 4 
7256830 1 
7256831 13188 
7270019 4096 
7274115 256 
7274371 64 
7274435 16 
7274451 8 
7274459 4 
7274463 2 
7274465 1 
7274466 2048 
7276514 1024 
7277538 512 
7278050 128 
7278178 64 
7278242 32 
7278274 16 
7278290 2 
7278292 1 
7278293 6594 
7284887 2048 
7286935 1024 
7287959 512 
7288471 256 
7288727 32 
7288759 16 
7288775 4 
7288779 2 
7288781 1024 
7289805 512 
7290317 128 
7290445 16 
7290461 1 
7290462 13188 
7303650 4096 
7307746 1024 
7308770 128 
7308898 16 
7308914 8 
7308922 4 
7308926 2 
7308928 2048 
7310976 1024 
7312000 512 
7312512 256 
7312768 64 
7312832 32 
7312864 16 
7312880 6594 
7319474 256 
7319730 128 
7319858 32 
7319890 16 
7319906 4 
7319910 1024 
7320934 256 
7321190 64 
7321254 32 
7321286 16 
7321302 1 
7321303 256 
7321559 128 
7321687 32 
7321719 16 
7321735 6594 
7328329 2048 
7330377 1024 
7331401 256 
7331657 32 
7331689 16 
7331705 4 
7331709 1 
7331710 1024 
7332734 256 
7332990 64 
7333054 16 
7333070 2 
7333072 1 
7333073 2048 
7335121 512 
7335633 64 
7335697 32 
7335729 16 
7335745 2 
7335747 1 
7335748 2048 
7337796 1024 
7338820 256 
7339076 128 
7339204 32 
7339236 8 
7339244 2 
7339246 1 
7339247 42978 
7382225 1024 
7383249 512 
7383761 256 
7384017 128 
7384145 64 
7384209 32 
7384241 16 
7384257 6594 
7390851 1024 
7391875 256 
7392131 32 
7392163 1 
7392164 13188 
7405352 4096 
7409448 1024 
7410472 512 
7410984 256 
7411240 128 
7411368 64 
7411432 32 
7411464 8 
7411472 2 
7411474 512 
7411986 256 
7412242 128 
7412370 64 
7412434 4 
7412438 2048 
7414486 1024 
7415510 256 
7415766 128 
7415894 64 
7415958 32 
7415990 16 
7416006 8 
7416014 4 
7416018 42978 
7458996 6594 
7465590 4096 
7469686 256 
7469942 128 
7470070 64 
7470134 16 
7470150 8 
7470158 4 
7470162 1 
7470163 2048 
7472211 2 
7472213 32 
7472245 2 
7472247 1 
7472248 6594 
7478842 2048 
7480890 512 
7481402 128 
7481530 64 
7481594 8 
7481602 4 
7481606 2 
7481608 2048 
7483656 64 
7483720 32 
7483752 16 
7483768 8 
7483776 2 
7483778 1 
7483779 4096 
7487875 512 
7488387 16 
7488403 1 
7488404 4096 
7492500 512 
7493012 256 
7493268 128 
7493396 64 
7493460 32 
7493492 16 
7493508 8 
7493516 4 
7493520 2 
7493522 1 
7493523 13188 
7506711 2048 
7508759 1024 
7509783 256 
7510039 128 
7510167 64 
7510231 16 
7510247 8 
7510255 4096 
7514351 1024 
7515375 512 
7515887 32 
7515919 16 
7515935 4 
7515939 1 
7515940 13188 
7529128 4096 
7533224 8 
7533232 4 
7533236 1 
7533237 4096 
7537333 512 
7537845 128 
7537973 64 
7538037 32 
7538069 16 
7538085 8 
7538093 2 
7538095 1 
7538096 13188 
7551284 2048 
7553332 1024 
7554356 128 
7554484 32 
7554516 8 
7554524 4 
7554528 1 
7554529 6594 
7561123 2048 
7563171 512 
7563683 128 
7563811 32 
7563843 16 
7563859 4 
7563863 2 
7563865 1 
7563866 13188 
7577054 1024 
7578078 512 
7578590 32 
7578622 16 
7578638 8 
7578646 1 
7578647 4096 
7582743 256 
7582999 8 
7583007 4 
7583011 512 
7583523 64 
7583587 16 
7583603 8 
7583611 4 
7583615 2 
7583617 1 
7583618 6594 
7590212 4096 
7594308 1024 
7595332 512 
7595844 64 
7595908 32 
7595940 13188 
7609128 6594 
7615722 1024 
7616746 512 
7617258 256 
7617514 128 
7617642 64 
7617706 32 
7617738 4 
7617742 6594 
7624336 2048 
7626384 1024 
7627408 256 
7627664 64 
7627728 32 
7627760 16 
7627776 2 
7627778 1 
7627779 2048 
7629827 1024 
7630851 128 
7630979 8 
7630987 4 
7630991 2 
7630993 2048 
7633041 1024 
7634065 256 
7634321 16 
7634337 4 
7634341 2 
7634343 512 
7634855 2 
7634857 6594 
7641451 1024 
7642475 256 
7642731 128 
7642859 32 
7642891 16 
7642907 4 
7642911 2 
7642913 1 
7642914 6594 
7649508 1024 
7650532 64 
7650596 32 
7650628 2 
7650630 13188 
7663818 128 
7663946 16 
7663962 2 
7663964 1024 
7664988 256 
7665244 128 
7665372 64 
7665436 32 
7665468 16 
7665484 2 
7665486 1 
7665487 1024 
7666511 512 
7667023 128 
7667151 32 
7667183 8 
7667191 1 
7667192 6594 
7673786 2048 
7675834 512 
7676346 256 
7676602 128 
7676730 64 
7676794 32 
7676826 8 
7676834 4 
7676838 6594 
7683432 2048 
7685480 1024 
7686504 256 
7686760 16 
7686776 8 
7686784 2 
7686786 1 
7686787 27758 
7714545 4096 
7718641 256 
7718897 8 
7718905 4 
7718909 2 
7718911 1024 
7719935 512 
7720447 64 
7720511 4 
7720515 2 
7720517 1 
7720518 6594 
7727112 64 
7727176 8 
7727184 4 
7727188 1 
7727189 4096 
7731285 128 
7731413 64 
7731477 16 
7731493 8 
7731501 4 
7731505 1 
7731506 6144 
7737650 128 
7737778 16 
7737794 1 
7737795 6594 
7744389 2048 
7746437 32 
7746469 8 
7746477 4 
7746481 512 
7746993 256 
7747249 64 
7747313 16 
7747329 4 
7747333 2 
7747335 1 
7747336 6594 
7753930 2048 
7755978 1024 
7757002 512 
7757514 256 
7757770 64 
7757834 16 
7757850 2 
7757852 1 
7757853 4096 
7761949 1024 
7762973 512 
7763485 128 
7763613 64 
7763677 16 
7763693 4 
7763697 1 
7763698 6594 
7770292 512 
7770804 64 
7770868 8 
7770876 4 
7770880 2 
7770882 6594 
7777476 4096 
7781572 256 
7781828 128 
7781956 8 
7781964 2 
7781966 512 
7782478 256 
7782734 8 
7782742 4 
7782746 2 
7782748 1 
7782749 6594 
7789343 1024 
7790367 256 
7790623 128 
7790751 64 
7790815 8 
7790823 4 
7790827 4096 
7794923 1024 
7795947 256 
7796203 64 
7796267 32 
7796299 8 
7796307 2 
7796309 1 
7796310 1024 
7797334 128 
7797462 32 
7797494 16 
7797510 4 
7797514 1 
7797515 13188 
7810703 6594 
7817297 1024 
7818321 512 
7818833 16 
7818849 27758 
7846607 2048 
7848655 16 
7848671 2 
7848673 1 
7848674 13188 
7861862 4096 
7865958 128 
7866086 16 
7866102 2 
7866104 4096 
7870200 512 
7870712 128 
7870840 64 
7870904 4 
7870908 1 
7870909 42978 
7913887 6594 
7920481 4096 
7924577 1024 
7925601 512 
7926113 128 
7926241 64 
7926305 32 
7926337 16 
7926353 8 
7926361 4 
7926365 2 
7926367 1 
7926368 512 
7926880 128 
7927008 16 
7927024 4 
7927028 2 
7927030 1 
7927031 128 
7927159 32 
7927191 16 
7927207 8 
7927215 2048 
7929263 1024 
7930287 256 
7930543 32 
7930575 8 
7930583 4 
7930587 2 
7930589 1 
7930590 6594 
7937184 6144 
7943328 128 
7943456 64 
7943520 32 
7943552 8 
7943560 4 
7943564 2 
7943566 13188 
7956754 2048 
7958802 512 
7959314 4 
7959318 13188 
7972506 1024 
7973530 512 
7974042 128 
7974170 64 
7974234 16 
7974250 8 
7974258 1 
7974259 4096 
7978355 512 
7978867 64 
7978931 16 
7978947 2 
7978949 6594 
7985543 256 
7985799 64 
7985863 32 
7985895 8 
7985903 2 
7985905 128 
7986033 32 
7986065 8 
7986073 2 
7986075 1024 
7987099 128 
7987227 32 
7987259 16 
7987275 13188 
8000463 6594 
8007057 2048 
8009105 1024 
8010129 512 
8010641 256 
8010897 128 
8011025 64 
8011089 32 
8011121 8 
8011129 4 
8011133 2 
8011135 1 
8011136 6594 
8017730 2048 
8019778 1024 
8020802 256 
8021058 64 
8021122 2 
8021124 6594 
8027718 1024 
8028742 128 
8028870 16 
8028886 8 
8028894 4 
8028898 2 
8028900 1 
8028901 2048 
8030949 256 
8031205 128 
8031333 64 
8031397 32 
8031429 8 
8031437 4 
8031441 1 
8031442 56166 
8087608 6144 
8093752 32 
8093784 8 
8093792 2 
8093794 4096 
8097890 1024 
8098914 512 
8099426 128 
8099554 64 
8099618 32 
8099650 4 
8099654 6594 
8106248 512 
8106760 8 
8106768 4 
8106772 512 
8107284 128 
8107412 32 
8107444 16 
8107460 2 
8107462 1 
8107463 4096 
8111559 1024 
8112583 512 
8113095 256 
8113351 128 
8113479 64 
8113543 32 
8113575 8 
8113583 4 
8113587 512 
8114099 256 
8114355 128 
8114483 2 
8114485 1 
8114486 1024 
8115510 256 
8115766 128 
8115894 16 
8115910 6594 
8122504 6400 
8128904 32 
8128936 8 
8128944 1 
8128945 4096 
8133041 512 
8133553 256 
8133809 128 
8133937 64 
8134001 32 
8134033 16 
8134049 8 
8134057 512 
8134569 64 
8134633 16 
8134649 8 
8134657 4 
8134661 1 
8134662 4096 
8138758 1024 
8139782 256 
8140038 128 
8140166 32 
8140198 2 
8140200 13188 
8153388 4096 
8157484 256 
8157740 64 
8157804 32 
8157836 16 
8157852 4 
8157856 2 
8157858 13188 
8171046 1024 
8172070 512 
8172582 64 
8172646 32 
8172678 16 
8172694 4 
8172698 2 
8172700 6594 
8179294 4096 
8183390 1024 
8184414 512 
8184926 64 
8184990 2 
8184992 1024 
8186016 512 
8186528 32 
8186560 16 
8186576 4 
8186580 2 
8186582 1 
8186583 27758 
8214341 1024 
8215365 256 
8215621 128 
8215749 64 
8215813 16 
8215829 4 
8215833 2 
8215835 13188 
8229023 2048 
8231071 512 
8231583 64 
8231647 8 
8231655 1 
8231656 13188 
8244844 2048 
8246892 128 
8247020 64 
8247084 32 
8247116 16 
8247132 8 
8247140 2 
8247142 6594 
8253736 4096 
8257832 256 
8258088 8 
8258096 1 
8258097 1024 
8259121 64 
8259185 32 
8259217 16 
8259233 2 
8259235 13188 
8272423 2048 
8274471 1024 
8275495 512 
8276007 16 
8276023 2 
8276025 1 
8276026 6594 
8282620 2048 
8284668 1024 
8285692 128 
8285820 32 
8285852 8 
8285860 1 
8285861 2048 
8287909 512 
8288421 32 
8288453 8 
8288461 4 
8288465 1 
8288466 6594 
8295060 2048 
8297108 64 
8297172 16 
8297188 1 
8297189 4096 
8301285 1024 
8302309 512 
8302821 16 
8302837 8 
8302845 4 
8302849 2 
8302851 1 
8302852 13188 
8316040 4096 
8320136 1024 
8321160 512 
8321672 64 
8321736 32 
8321768 8 
8321776 2 
8321778 128 
8321906 64 
8321970 4 
8321974 4096 
8326070 1024 
8327094 128 
8327222 8 
8327230 2 
8327232 1 
8327233 27758 
8354991 6594 
8361585 2048 
8363633 1024 
8364657 512 
8365169 256 
8365425 16 
8365441 8 
8365449 4 
8365453 6594 
8372047 1024 
8373071 512 
8373583 128 
8373711 32 
8373743 8 
8373751 4 
8373755 2 
8373757 1 
8373758 42482 
8416240 128 
8416368 32 
8416400 8 
8416408 2 
8416410 1 
8416411 42978 
8459389 4096 
8463485 1024 
8464509 512 
8465021 32 
8465053 1 
8465054 1024 
8466078 512 
8466590 64 
8466654 32 
8466686 4 
8466690 1024 
8467714 256 
8467970 64 
8468034 16 
8468050 8 
8468058 2 
8468060 64 
8468124 32 
8468156 2 
8468158 1 
8468159 6594 
8474753 1024 
8475777 128 
8475905 64 
8475969 32 
8476001 8 
8476009 2 
8476011 1 
8476012 26376 
8502388 512 
8502900 64 
8502964 32 
8502996 16 
8503012 8 
8503020 4 
8503024 6594 
8509618 4096 
8513714 1024 
8514738 256 
8514994 64 
8515058 16 
8515074 8 
8515082 2 
8515084 1024 
8516108 256 
8516364 128 
8516492 32 
8516524 16 
8516540 8 
8516548 2 
8516550 1 
8516551 6594 
8523145 4096 
8527241 512 
8527753 256 
8528009 128 
8528137 64 
8528201 32 
8528233 16 
8528249 4 
8528253 1 
8528254 6594 
8534848 1024 
8535872 128 
8536000 32 
8536032 4 
8536036 2 
8536038 512 
8536550 64 
8536614 4 
8536618 1 
8536619 6594 
8543213 1024 
8544237 512 
8544749 128 
8544877 64 
8544941 32 
8544973 1024 
8545997 512 
8546509 256 
8546765 128 
8546893 64 
8546957 8 
8546965 4 
8546969 1 
8546970 27758 
8574728 1024 
8575752 256 
8576008 32 
8576040 16 
8576056 8 
8576064 4 
8576068 1 
8576069 2048 
8578117 64 
8578181 32 
8578213 4096 
8582309 256 
8582565 128 
8582693 64 
8582757 32 
8582789 4 
8582793 1 
8582794 1024 
8583818 512 
8584330 128 
8584458 4 
8584462 2 
8584464 1 
8584465 2048 
8586513 256 
8586769 64 
8586833 8 
8586841 4096 
8590937 1024 
8591961 512 
8592473 32 
8592505 8 
8592513 4 
8592517 2 
8592519 6400 
8598919 64 
8598983 32 
8599015 16 
8599031 8 
8599039 2 
8599041 2048 
8601089 256 
8601345 128 
8601473 64 
8601537 32 
8601569 16 
8601585 2 
8601587 1 
8601588 13188 
8614776 4096 
8618872 256 
8619128 32 
8619160 8 
8619168 4 
8619172 1 
8619173 2048 
8621221 512 
8621733 8 
8621741 4 
8621745 1 
8621746 6594 
8628340 4096 
8632436 256 
8632692 128 
8632820 1 
8632821 6594 
8639415 4096 
8643511 1024 
8644535 512 
8645047 128 
8645175 64 
8645239 16 
8645255 4 
8645259 1 
8645260 128 
8645388 64 
8645452 2 
8645454 512 
8645966 256 
8646222 128 
8646350 32 
8646382 8 
8646390 4 
8646394 2 
8646396 1 
8646397 13188 
8659585 6594 
8666179 2048 
8668227 1024 
8669251 128 
8669379 64 
8669443 32 
8669475 16 
8669491 8 
8669499 1 
8669500 6594 
8676094 2048 
8678142 1024 
8679166 256 
8679422 64 
8679486 32 
8679518 16 
8679534 8 
8679542 2 
8679544 6594 
8686138 128 
8686266 64 
8686330 32 
8686362 13188 
8699550 4096 
8703646 1024 
8704670 256 
8704926 128 
8705054 32 
8705086 4 
8705090 512 
8705602 256 
8705858 128 
8705986 32 
8706018 16 
8706034 8 
8706042 4 
8706046 1 
8706047 4096 
8710143 1024 
8711167 512 
8711679 256 
8711935 16 
8711951 2 
8711953 1 
8711954 4096 
8716050 256 
8716306 16 
8716322 8 
8716330 1 
8716331 4096 
8720427 128 
8720555 64 
8720619 16 
8720635 6594 
8727229 4096 
8731325 256 
8731581 128 
8731709 32 
8731741 8 
8731749 4 
8731753 2 
8731755 6594 
8738349 1024 
8739373 512 
8739885 128 
8740013 64 
8740077 16 
8740093 4 
8740097 2 
8740099 1 
8740100 512 
8740612 256 
8740868 32 
8740900 8 
8740908 6594 
8747502 2048 
8749550 128 
8749678 64 
8749742 2 
8749744 2048 
8751792 1024 
8752816 512 
8753328 32 
8753360 16 
8753376 4 
8753380 1 
8753381 6594 
8759975 1024 
8760999 256 
8761255 64 
8761319 32 
8761351 4 
8761355 1 
8761356 64 
8761420 16 
8761436 8 
8761444 2 
8761446 6594 
8768040 2048 
8770088 512 
8770600 64 
8770664 4 
8770668 2 
8770670 1 
8770671 27758 
8798429 6594 
8805023 4096 
8809119 512 
8809631 64 
8809695 32 
8809727 16 
8809743 4 
8809747 2 
8809749 1 
8809750 4096 
8813846 256 
8814102 32 
8814134 16 
8814150 4 
8814154 2 
8814156 1 
8814157 2048 
8816205 512 
8816717 128 
8816845 16 
8816861 8 
8816869 2 
8816871 1 
8816872 6594 
8823466 2048 
8825514 512 
8826026 64 
8826090 32 
8826122 8 
8826130 4 
8826134 2 
8826136 512 
8826648 256 
8826904 128 
8827032 64 
8827096 32 
8827128 16 
8827144 8 
8827152 4 
8827156 2 
8827158 4096 
8831254 1024 
8832278 512 
8832790 64 
8832854 8 
8832862 1 
8832863 13188 
8846051 4096 
8850147 1024 
8851171 512 
8851683 256 
8851939 64 
8852003 32 
8852035 4 
8852039 2 
8852041 512 
8852553 32 
8852585 16 
8852601 2 
8852603 6594 
8859197 512 
8859709 32 
8859741 8 
8859749 26376 
8886125 512 
8886637 32 
8886669 8 
8886677 4 
8886681 2 
8886683 13188 
8899871 6594 
8906465 256 
8906721 128 
8906849 4 
8906853 2 
8906855 1 
8906856 2048 
8908904 512 
8909416 64 
8909480 8 
8909488 2048 
8911536 128 
8911664 32 
8911696 16 
8911712 8 
8911720 4 
8911724 1 
8911725 1024 
8912749 256 
8913005 128 
8913133 64 
8913197 32 
8913229 8 
8913237 2 
8913239 1024 
8914263 512 
8914775 32 
8914807 16 
8914823 4 
8914827 64 
8914891 32 
8914923 16 
8914939 8 
8914947 4 
8914951 1 
8914952 13188 
8928140 6594 
8934734 4096 
8938830 512 
8939342 256 
8939598 128 
8939726 64 
8939790 16 
8939806 8 
8939814 4 
8939818 1024 
8940842 256 
8941098 128 
8941226 64 
8941290 32 
8941322 4 
8941326 2 
8941328 1 
8941329 2048 
8943377 1024 
8944401 512 
8944913 32 
8944945 8 
8944953 4 
8944957 2 
8944959 27758 
8972717 4096 
8976813 1024 
8977837 256 
8978093 64 
8978157 32 
8978189 16 
8978205 4 
8978209 2048 
8980257 512 
8980769 256 
8981025 128 
8981153 32 
8981185 16 
8981201 8 
8981209 2 
8981211 1 
8981212 512 
8981724 128 
8981852 64 
8981916 13188 
8995104 2048 
8997152 1024 
8998176 512 
8998688 128 
8998816 64 
8998880 8 
8998888 4 
8998892 1 
8998893 27758 
9026651 6594 
9033245 6400 
9039645 64 
9039709 16 
9039725 2 
9039727 63031 
9102758 6594 
9109352 1024 
9110376 512 
9110888 64 
9110952 32 
9110984 16 
9111000 4 
9111004 2 
9111006 1 
9111007 6594 
9117601 1024 
9118625 512 
9119137 64 
9119201 16 
9119217 8 
9119225 1 
9119226 2048 
9121274 1024 
9122298 512 
9122810 8 
9122818 1024 
9123842 512 
9124354 64 
9124418 16 
9124434 1024 
9125458 512 
9125970 256 
9126226 64 
9126290 32 
9126322 4 
9126326 1 
9126327 4096 
9130423 512 
9130935 64 
9130999 16 
9131015 8 
9131023 4 
9131027 2 
9131029 13188 
9144217 6594 
9150811 4096 
9154907 1024 
9155931 256 
9156187 64 
9156251 8 
9156259 4 
9156263 2 
9156265 13188 
9169453 128 
9169581 64 
9169645 32 
9169677 16 
9169693 2048 
9171741 256 
9171997 128 
9172125 64 
9172189 16 
9172205 2 
9172207 13188 
9185395 2048 
9187443 1024 
9188467 256 
9188723 4 
9188727 1 
9188728 6594 
9195322 4096 
9199418 1024 
9200442 256 
9200698 128 
9200826 64 
9200890 32 
9200922 2 
9200924 1 
9200925 1024 
9201949 512 
9202461 128 
9202589 64 
9202653 4 
9202657 2 
9202659 1024 
9203683 128 
9203811 32 
9203843 8 
9203851 4 
9203855 2 
9203857 1 
9203858 6594 
9210452 4096 
9214548 1024 
9215572 512 
9216084 256 
9216340 16 
9216356 8 
9216364 4 
9216368 4096 
9220464 128 
9220592 32 
9220624 8 
9220632 4 
9220636 1 
9220637 13188 
9233825 1024 
9234849 512 
9235361 256 
9235617 64 
9235681 32 
9235713 16 
9235729 4 
9235733 1 
9235734 512 
9236246 64 
9236310 1 
9236311 1024 
9237335 256 
9237591 32 
9237623 16 
9237639 4 
9237643 2 
9237645 2048 
9239693 512 
9240205 32 
9240237 2 
9240239 6594 
9246833 4096 
9250929 1024 
9251953 512 
9252465 256 
9252721 32 
9252753 16 
9252769 4 
9252773 1 
9252774 6594 
9259368 512 
9259880 256 
9260136 128 
9260264 64 
9260328 32 
9260360 8 
9260368 4 
9260372 2 
9260374 1 
9260375 512 
9260887 256 
9261143 64 
9261207 32 
9261239 16 
9261255 8 
9261263 27758 
9289021 2048 
9291069 512 
9291581 256 
9291837 128 
9291965 64 
9292029 4 
9292033 2 
9292035 4096 
9296131 512 
9296643 256 
9296899 128 
9297027 64 
9297091 8 
9297099 2 
9297101 27758 
9324859 6594 
9331453 512 
9331965 16 
9331981 4 
9331985 2 
9331987 6594 
9338581 4096 
9342677 512 
9343189 256 
9343445 128 
9343573 64 
9343637 32 
9343669 8 
9343677 2 
9343679 1 
9343680 2048 
9345728 1024 
9346752 256 
9347008 32 
9347040 8 
9347048 4 
9347052 2 
9347054 1024 
9348078 256 
9348334 128 
9348462 32 
9348494 8 
9348502 4 
9348506 4096 
9352602 512 
9353114 256 
9353370 128 
9353498 32 
9353530 8 
9353538 4 
9353542 2 
9353544 1 
9353545 4096 
9357641 1024 
9358665 256 
9358921 42978 
9401899 6528 
9408427 8 
9408435 6594 
9415029 4096 
9419125 1024 
9420149 512 
9420661 256 
9420917 128 
9421045 32 
9421077 4 
9421081 2 
9421083 1 
9421084 2048 
9423132 1024 
9424156 512 
9424668 2 
9424670 1 
9424671 2048 
9426719 512 
9427231 256 
9427487 32 
9427519 4 
9427523 6594 
9434117 4096 
9438213 1024 
9439237 32 
9439269 1 
9439270 2048 
9441318 512 
9441830 64 
9441894 16 
9441910 4 
9441914 1 
9441915 2048 
9443963 1024 
9444987 128 
9445115 64 
9445179 16 
9445195 2 
9445197 1 
9445198 4096 
9449294 1024 
9450318 256 
9450574 128 
9450702 64 
9450766 8 
9450774 4 
9450778 1 
9450779 2048 
9452827 1024 
9453851 512 
9454363 128 
9454491 64 
9454555 32 
9454587 16 
9454603 4096 
9458699 1024 
9459723 256 
9459979 128 
9460107 64 
9460171 16 
9460187 4 
9460191 1 
9460192 27758 
9487950 6144 
9494094 128 
9494222 4 
9494226 512 
9494738 256 
9494994 4 
9494998 1 
9494999 6594 
9501593 2048 
9503641 256 
9503897 32 
9503929 8 
9503937 2 
9503939 1 
9503940 512 
9504452 128 
9504580 64 
9504644 16 
9504660 8 
9504668 4 
9504672 2 
9504674 512 
9505186 128 
9505314 64 
9505378 32 
9505410 16 
9505426 8 
9505434 2048 
9507482 1024 
9508506 128 
9508634 64 
9508698 32 
9508730 4 
9508734 2 
9508736 1 
9508737 4096 
9512833 1024 
9513857 256 
9514113 32 
9514145 16 
9514161 1 
9514162 4096 
9518258 512 
9518770 128 
9518898 64 
9518962 32 
9518994 8 
9519002 13188 
9532190 6594 
9538784 6144 
9544928 16 
9544944 1 
9544945 4096 
9549041 1024 
9550065 64 
9550129 16 
9550145 1 
9550146 13188 
9563334 2048 
9565382 1024 
9566406 256 
9566662 128 
9566790 16 
9566806 4 
9566810 2 
9566812 1 
9566813 1024 
9567837 512 
9568349 128 
9568477 64 
9568541 16 
9568557 8 
9568565 4 
9568569 1 
9568570 13188 
9581758 6594 
9588352 2048 
9590400 512 
9590912 256 
9591168 128 
9591296 16 
9591312 8 
9591320 4 
9591324 2 
9591326 1 
9591327 6594 
9597921 4096 
9602017 1024 
9603041 256 
9603297 64 
9603361 32 
9603393 2 
9603395 1024 
9604419 512 
9604931 64 
9604995 2 
9604997 1024 
9606021 16 
9606037 4 
9606041 2 
9606043 1 
9606044 13188 
9619232 6594 
9625826 2048 
9627874 512 
9628386 256 
9628642 128 
9628770 64 
9628834 16 
9628850 8 
9628858 4 
9628862 2 
9628864 1 
9628865 6594 
9635459 2048 
9637507 1024 
9638531 64 
9638595 32 
9638627 8 
9638635 4 
9638639 6594 
9645233 8 
9645241 4 
9645245 13188 
9658433 4096 
9662529 128 
9662657 64 
9662721 16 
9662737 4 
9662741 2 
9662743 1 
9662744 26376 
9689120 128 
9689248 64 
9689312 16 
9689328 2 
9689330 1 
9689331 6594 
9695925 2048 
9697973 256 
9698229 128 
9698357 64 
9698421 32 
9698453 16 
9698469 8 
9698477 4 
9698481 1 
9698482 1024 
9699506 32 
9699538 16 
9699554 8 
9699562 6594 
9706156 2048 
9708204 1024 
9709228 256 
9709484 64 
9709548 16 
9709564 8 
9709572 4 
9709576 2 
9709578 4096 
9713674 512 
9714186 64 
9714250 8 
9714258 2 
9714260 13188 
9727448 4096 
9731544 512 
9732056 128 
9732184 16 
9732200 4 
9732204 1 
9732205 13188 
9745393 6594 
9751987 4096 
9756083 6594 
9762677 2048 
9764725 1024 
9765749 256 
9766005 64 
9766069 32 
9766101 16 
9766117 8 
9766125 4 
9766129 27758 
9793887 512 
9794399 128 
9794527 64 
9794591 16 
9794607 8 
9794615 4 
9794619 2 
9794621 6594 
9801215 512 
9801727 64 
9801791 16 
9801807 8 
9801815 4 
9801819 6594 
9808413 512 
9808925 128 
9809053 32 
9809085 4 
9809089 2 
9809091 2048 
9811139 1024 
9812163 512 
9812675 256 
9812931 4 
9812935 13188 
9826123 1024 
9827147 256 
9827403 128 
9827531 32 
9827563 2 
9827565 1 
9827566 26376 
9853942 512 
9854454 32 
9854486 16 
9854502 8 
9854510 2 
9854512 1 
9854513 13188 
9867701 4096 
9871797 1024 
9872821 256 
9873077 32 
9873109 16 
9873125 8 
9873133 2 
9873135 13188 
9886323 6594 
9892917 2048 
9894965 1024 
9895989 64 
9896053 16 
9896069 8 
9896077 4 
9896081 1 
9896082 512 
9896594 64 
9896658 1 
9896659 4096 
9900755 512 
9901267 256 
9901523 32 
9901555 8 
9901563 4 
9901567 2 
9901569 13188 
9914757 6594 
9921351 2048 
9923399 1024 
9924423 256 
9924679 64 
9924743 16 
9924759 8 
9924767 2 
9924769 4096 
9928865 32 
9928897 8 
9928905 1 
9928906 4096 
9933002 256 
9933258 128 
9933386 64 
9933450 32 
9933482 8 
9933490 2 
9933492 2048 
9935540 1024 
9936564 256 
9936820 4 
9936824 1 
9936825 6594 
9943419 2048 
9945467 1024 
9946491 256 
9946747 16 
9946763 2 
9946765 6594 
9953359 2048 
9955407 512 
9955919 128 
9956047 16 
9956063 8 
9956071 256 
9956327 32 
9956359 16 
9956375 4 
9956379 2 
9956381 2048 
9958429 1024 
9959453 128 
9959581 64 
9959645 8 
9959653 1 
9959654 2048 
9961702 512 
9962214 2 
9962216 1 
9962217 6594 
9968811 4096 
9972907 256 
9973163 32 
9973195 16 
9973211 8 
9973219 2 
9973221 6594 
9979815 64 
9979879 32 
9979911 8 
9979919 4 
9979923 13188 
9993111 128 
9993239 16 
9993255 8 
9993263 4 
9993267 1