3735 
1 1 
2 2 
4 4 
8 8 
16 2 
18 1 
19 19 
38 19 
57 8 
65 4 
69 19 
88 4 
92 1 
93 8 
101 101 
202 19 
221 1 
222 101 
323 93 
416 4 
420 222 
642 19 
661 4 
665 1 
666 65 
731 2 
733 1 
734 101 
835 57 
892 101 
993 4 
997 2 
999 19 
1018 4 
1022 1 
1023 420 
1443 69 
1512 8 
1520 1520 
3040 222 
3262 38 
3300 16 
3316 222 
3538 38 
3576 16 
3592 1 
3593 222 
3815 65 
3880 1520 
5400 420 
5820 69 
5889 4 
5893 1 
5894 1023 
6917 101 
7018 19 
7037 8 
7045 1 
7046 1520 
8566 666 
9232 19 
9251 8 
9259 642 
9901 8 
9909 2 
9911 420 
10331 38 
10369 8 
10377 2 
10379 1 
10380 1443 
11823 19 
11842 18 
11860 420 
12280 8 
12288 4 
12292 2 
12294 892 
13186 69 
13255 1 
13256 323 
13579 38 
13617 8 
13625 222 
13847 19 
13866 1 
13867 222 
14089 19 
14108 8 
14116 4 
14120 2 
14122 1520 
15642 222 
15864 38 
15902 4 
15906 2 
15908 1023 
16931 222 
17153 69 
17222 734 
17956 65 
18021 65 
18086 2 
18088 1023 
19111 222 
19333 69 
19402 4 
19406 1 
19407 101 
19508 19 
19527 1023 
20550 101 
20651 93 
20744 4 
20748 2 
20750 222 
20972 57 
21029 2 
21031 1 
21032 222 
21254 19 
21273 16 
21289 222 
21511 69 
21580 8 
21588 2 
21590 420 
22010 8 
22018 4 
22022 2 
22024 1520 
23544 101 
23645 38 
23683 8 
23691 4 
23695 1 
23696 101 
23797 38 
23835 1520 
25355 1023 
26378 65 
26443 1 
26444 222 
26666 38 
26704 2 
26706 734 
27440 16 
27456 1 
27457 1520 
28977 420 
29397 93 
29490 4 
29494 2 
29496 323 
29819 18 
29837 734 
30571 8 
30579 4 
30583 101 
30684 8 
30692 4 
30696 3880 
34576 38 
34614 4 
34618 1 
34619 222 
34841 38 
34879 8 
34887 4 
34891 1520 
36411 1023 
37434 323 
37757 38 
37795 16 
37811 1520 
39331 101 
39432 19 
39451 16 
39467 1 
39468 222 
39690 38 
39728 16 
39744 1 
39745 101 
39846 69 
39915 16 
39931 1 
39932 38 
39970 8 
39978 2 
39980 1 
39981 3880 
43861 1023 
44884 8 
44892 4 
44896 2 
44898 420 
45318 101 
45419 69 
45488 1 
45489 642 
46131 2 
46133 1 
46134 892 
47026 69 
47095 8 
47103 4 
47107 2 
47109 323 
47432 38 
47470 8 
47478 2 
47480 666 
48146 19 
48165 4 
48169 1023 
49192 101 
49293 19 
49312 222 
49534 69 
49603 2 
49605 1 
49606 1 
49607 222 
49829 69 
49898 8 
49906 2 
49908 1 
49909 7046 
56955 8 
56963 4 
56967 2 
56969 1 
56970 835 
57805 19 
57824 16 
57840 323 
58163 88 
58251 1 
58252 734 
58986 69 
59055 8 
59063 1 
59064 222 
59286 57 
59343 2 
59345 1520 
60865 420 
61285 88 
61373 2 
61375 1520 
62895 420 
63315 101 
63416 4 
63420 323 
63743 19 
63762 2 
63764 420 
64184 101 
64285 93 
64378 2 
64380 1 
64381 835 
65216 19 
65235 8 
65243 4 
65247 1 
65248 1023 
66271 222 
66493 19 
66512 4 
66516 2 
66518 1 
66519 3880 
70399 642 
71041 8 
71049 4 
71053 2 
71055 666 
71721 19 
71740 4 
71744 2 
71746 420 
72166 19 
72185 8 
72193 2 
72195 1 
72196 420 
72616 202 
72818 4 
72822 2 
72824 1 
72825 323 
73148 19 
73167 16 
73183 733 
73916 222 
74138 57 
74195 1023 
75218 202 
75420 8 
75428 4 
75432 8 
75440 4 
75444 2 
75446 1 
75447 661 
76108 2 
76110 1 
76111 101 
76212 57 
76269 1 
76270 323 
76593 38 
76631 8 
76639 4 
76643 2 
76645 1 
76646 222 
76868 57 
76925 1 
76926 202 
77128 222 
77350 69 
77419 4 
77423 2 
77425 1023 
78448 323 
78771 19 
78790 8 
78798 4 
78802 1 
78803 57 
78860 2 
78862 1 
78863 666 
79529 38 
79567 8 
79575 2 
79577 1 
79578 101 
79679 69 
79748 16 
79764 734 
80498 69 
80567 2 
80569 323 
80892 4 
80896 1 
80897 1023 
81920 323 
82243 4 
82247 1 
82248 101 
82349 8 
82357 4 
82361 734 
83095 57 
83152 1 
83153 1520 
84673 1023 
85696 101 
85797 38 
85835 8 
85843 4 
85847 1023 
86870 69 
86939 16 
86955 1 
86956 420 
87376 101 
87477 38 
87515 8 
87523 2 
87525 1 
87526 420 
87946 101 
88047 57 
88104 4 
88108 2 
88110 1 
88111 101 
88212 38 
88250 8 
88258 4 
88262 1 
88263 1520 
89783 420 
90203 101 
90304 1 
90305 101 
90406 8 
90414 4 
90418 1023 
91441 323 
91764 57 
91821 2 
91823 69 
91892 18 
91910 1520 
93430 1023 
94453 323 
94776 38 
94814 8 
94822 4 
94826 2 
94828 1 
94829 1520 
96349 222 
96571 38 
96609 8 
96617 1 
96618 323 
96941 88 
97029 3040 
100069 19 
100088 4 
100092 2 
100094 323 
100417 19 
100436 8 
100444 4 
100448 323 
100771 69 
100840 16 
100856 1 
100857 1443 
102300 38 
102338 8 
102346 4 
102350 2 
102352 1 
102353 93 
102446 4 
102450 2 
102452 420 
102872 101 
102973 38 
103011 8 
103019 4 
103023 2 
103025 57 
103082 4 
103086 2 
103088 1520 
104608 323 
104931 69 
105000 8 
105008 1 
105009 3593 
108602 101 
108703 38 
108741 8 
108749 4 
108753 2 
108755 1 
108756 101 
108857 19 
108876 16 
108892 420 
109312 101 
109413 57 
109470 4 
109474 2 
109476 1 
109477 835 
110312 38 
110350 8 
110358 4 
110362 2 
110364 1 
110365 420 
110785 19 
110804 8 
110812 2 
110814 1 
110815 1023 
111838 101 
111939 19 
111958 18 
111976 1520 
113496 1443 
114939 8 
114947 1 
114948 222 
115170 19 
115189 4 
115193 2 
115195 1 
115196 323 
115519 8 
115527 4 
115531 5894 
121425 420 
121845 202 
122047 8 
122055 666 
122721 2 
122723 1 
122724 1023 
123747 38 
123785 8 
123793 4 
123797 2 
123799 69 
123868 4 
123872 2 
123874 1 
123875 222 
124097 19 
124116 8 
124124 4 
124128 2 
124130 1 
124131 101 
124232 38 
124270 8 
124278 4 
124282 1 
124283 3040 
127323 38 
127361 8 
127369 2 
127371 1 
127372 101 
127473 57 
127530 1 
127531 101 
127632 4 
127636 101 
127737 8 
127745 4 
127749 1520 
129269 323 
129592 8 
129600 999 
130599 1 
130600 323 
130923 38 
130961 18 
130979 222 
131201 8 
131209 2 
131211 1 
131212 92 
131304 1520 
132824 734 
133558 38 
133596 8 
133604 93 
133697 2 
133699 420 
134119 69 
134188 4 
134192 2 
134194 1023 
135217 222 
135439 38 
135477 2 
135479 1 
135480 1520 
137000 1023 
138023 323 
138346 88 
138434 2 
138436 420 
138856 101 
138957 65 
139022 2 
139024 420 
139444 101 
139545 19 
139564 4 
139568 323 
139891 69 
139960 4 
139964 1520 
141484 101 
141585 19 
141604 8 
141612 4 
141616 666 
142282 19 
142301 8 
142309 2 
142311 222 
142533 38 
142571 8 
142579 2 
142581 1 
142582 1023 
143605 323 
143928 69 
143997 8 
144005 4 
144009 1 
144010 892 
144902 16 
144918 1520 
146438 93 
146531 4 
146535 2 
146537 222 
146759 38 
146797 8 
146805 2 
146807 1 
146808 1023 
147831 101 
147932 65 
147997 2 
147999 1 
148000 69 
148069 8 
148077 2 
148079 734 
148813 38 
148851 1 
148852 3040 
151892 101 
151993 38 
152031 420 
152451 19 
152470 2 
152472 1 
152473 420 
152893 8 
152901 2 
152903 1 
152904 222 
153126 69 
153195 8 
153203 1 
153204 3593 
156797 101 
156898 57 
156955 4 
156959 3316 
160275 38 
160313 4 
160317 2 
160319 835 
161154 16 
161170 1 
161171 892 
162063 19 
162082 8 
162090 1520 
163610 222 
163832 8 
163840 4 
163844 1 
163845 420 
164265 101 
164366 38 
164404 16 
164420 323 
164743 2 
164745 1 
164746 420 
165166 101 
165267 57 
165324 1 
165325 101 
165426 19 
165445 8 
165453 2 
165455 101 
165556 69 
165625 8 
165633 4 
165637 2 
165639 1 
165640 69 
165709 8 
165717 101 
165818 93 
165911 4 
165915 1 
165916 101 
166017 19 
166036 8 
166044 4 
166048 222 
166270 4 
166274 1 
166275 1520 
167795 101 
167896 69 
167965 8 
167973 2 
167975 1023 
168998 101 
169099 38 
169137 222 
169359 19 
169378 16 
169394 101 
169495 93 
169588 2 
169590 1 
169591 1023 
170614 101 
170715 65 
170780 1 
170781 420 
171201 101 
171302 2 
171304 101 
171405 8 
171413 1 
171414 222 
171636 18 
171654 8 
171662 2 
171664 420 
172084 101 
172185 38 
172223 420 
172643 69 
172712 8 
172720 4 
172724 2 
172726 1 
172727 38 
172765 4 
172769 1 
172770 19 
172789 4 
172793 2 
172795 222 
173017 69 
173086 8 
173094 4 
173098 2 
173100 38 
173138 16 
173154 1520 
174674 222 
174896 19 
174915 18 
174933 1023 
175956 222 
176178 38 
176216 16 
176232 1023 
177255 222 
177477 93 
177570 2 
177572 835 
178407 19 
178426 8 
178434 1 
178435 1443 
179878 57 
179935 4 
179939 2 
179941 69 
180010 8 
180018 1023 
181041 101 
181142 57 
181199 4 
181203 2 
181205 642 
181847 4 
181851 1 
181852 101 
181953 93 
182046 416 
182462 1 
182463 1520 
183983 999 
184982 1023 
186005 323 
186328 69 
186397 8 
186405 1 
186406 420 
186826 101 
186927 93 
187020 420 
187440 57 
187497 4 
187501 1 
187502 222 
187724 38 
187762 8 
187770 2 
187772 892 
188664 65 
188729 2 
188731 1 
188732 101 
188833 38 
188871 4 
188875 2 
188877 420 
189297 69 
189366 1 
189367 1520 
190887 835 
191722 38 
191760 8 
191768 4 
191772 1 
191773 93 
191866 4 
191870 2 
191872 420 
192292 4 
192296 2 
192298 892 
193190 4 
193194 1 
193195 202 
193397 8 
193405 1443 
194848 65 
194913 2 
194915 734 
195649 38 
195687 8 
195695 4 
195699 2 
195701 1 
195702 420 
196122 38 
196160 2 
196162 420 
196582 101 
196683 4 
196687 1 
196688 420 
197108 101 
197209 19 
197228 1 
197229 1520 
198749 835 
199584 1 
199585 101 
199686 4 
199690 1023 
200713 16 
200729 3040 
203769 101 
203870 19 
203889 4 
203893 57 
203950 4 
203954 2 
203956 1 
203957 3880 
207837 661 
208498 2 
208500 1 
208501 57 
208558 2 
208560 1520 
210080 222 
210302 38 
210340 8 
210348 2 
210350 3880 
214230 420 
214650 202 
214852 2 
214854 1520 
216374 8 
216382 1 
216383 1023 
217406 92 
217498 5400 
222898 101 
222999 19 
223018 2 
223020 323 
223343 69 
223412 8 
223420 1023 
224443 323 
224766 19 
224785 4 
224789 1 
224790 323 
225113 4 
225117 2 
225119 420 
225539 101 
225640 69 
225709 4 
225713 892 
226605 19 
226624 8 
226632 4 
226636 420 
227056 101 
227157 19 
227176 101 
227277 65 
227342 2 
227344 1 
227345 3815 
231160 8 
231168 4 
231172 2 
231174 1 
231175 222 
231397 8 
231405 2 
231407 420 
231827 101 
231928 57 
231985 1 
231986 1443 
233429 38 
233467 4 
233471 2 
233473 1 
233474 222 
233696 38 
233734 2 
233736 57 
233793 2 
233795 734 
234529 19 
234548 8 
234556 1 
234557 420 
234977 93 
235070 4 
235074 1 
235075 666 
235741 19 
235760 8 
235768 4 
235772 1520 
237292 222 
237514 69 
237583 4 
237587 2 
237589 1520 
239109 420 
239529 19 
239548 2 
239550 1 
239551 642 
240193 16 
240209 420 
240629 38 
240667 4 
240671 2 
240673 892 
241565 38 
241603 4 
241607 2 
241609 1 
241610 222 
241832 57 
241889 4 
241893 892 
242785 38 
242823 8 
242831 4 
242835 2 
242837 1 
242838 222 
243060 1 
243061 1520 
244581 420 
245001 69 
245070 8 
245078 4 
245082 4 
245086 1 
245087 323 
245410 69 
245479 4 
245483 8 
245491 4 
245495 1 
245496 1023 
246519 57 
246576 2 
246578 1 
246579 222 
246801 38 
246839 16 
246855 1 
246856 1520 
248376 1023 
249399 323 
249722 19 
249741 8 
249749 4 
249753 1 
249754 101 
249855 1520 
251375 1023 
252398 92 
252490 420 
252910 202 
253112 4 
253116 2 
253118 101 
253219 1520 
254739 666 
255405 19 
255424 8 
255432 4 
255436 65 
255501 1 
255502 420 
255922 101 
256023 19 
256042 8 
256050 2 
256052 1 
256053 38 
256091 8 
256099 4 
256103 2 
256105 1 
256106 323 
256429 4 
256433 2 
256435 1 
256436 3593 
260029 19 
260048 18 
260066 420 
260486 101 
260587 38 
260625 8 
260633 1 
260634 1023 
261657 323 
261980 19 
261999 8 
262007 4 
262011 1 
262012 1023 
263035 420 
263455 8 
263463 2 
263465 734 
264199 93 
264292 2 
264294 1 
264295 420 
264715 8 
264723 4 
264727 2 
264729 892 
265621 8 
265629 4 
265633 1 
265634 3880 
269514 420 
269934 101 
270035 19 
270054 8 
270062 1023 
271085 101 
271186 8 
271194 222 
271416 19 
271435 16 
271451 1 
271452 222 
271674 8 
271682 1 
271683 420 
272103 202 
272305 8 
272313 2 
272315 69 
272384 734 
273118 38 
273156 16 
273172 323 
273495 19 
273514 101 
273615 38 
273653 8 
273661 2 
273663 1 
273664 3316 
276980 69 
277049 835 
277884 19 
277903 8 
277911 4 
277915 1 
277916 999 
278915 16 
278931 1 
278932 666 
279598 19 
279617 4 
279621 1 
279622 222 
279844 69 
279913 8 
279921 4 
279925 1 
279926 1520 
281446 999 
282445 8 
282453 4 
282457 2 
282459 1 
282460 222 
282682 8 
282690 2 
282692 1023 
283715 323 
284038 69 
284107 4 
284111 323 
284434 4 
284438 1023 
285461 222 
285683 88 
285771 222 
285993 65 
286058 416 
286474 1 
286475 420 
286895 69 
286964 4 
286968 1 
286969 1520 
288489 323 
288812 69 
288881 1023 
289904 38 
289942 8 
289950 1 
289951 420 
290371 101 
290472 69 
290541 4 
290545 2 
290547 1 
290548 420 
290968 93 
291061 4 
291065 420 
291485 57 
291542 4 
291546 2 
291548 892 
292440 57 
292497 2 
292499 1520 
294019 101 
294120 2 
294122 1 
294123 1520 
295643 1023 
296666 416 
297082 1 
297083 3316 
300399 101 
300500 93 
300593 4 
300597 1 
300598 1520 
302118 892 
303010 2 
303012 1520 
304532 1023 
305555 93 
305648 4 
305652 2 
305654 1 
305655 1023 
306678 222 
306900 69 
306969 8 
306977 4 
306981 2 
306983 1 
306984 666 
307650 57 
307707 4 
307711 2 
307713 1 
307714 1520 
309234 666 
309900 19 
309919 1 
309920 1520 
311440 1512 
312952 4 
312956 2 
312958 1 
312959 3316 
316275 2 
316277 1520 
317797 999 
318796 8 
318804 4 
318808 2 
318810 666 
319476 4 
319480 892 
320372 38 
320410 8 
320418 4 
320422 323 
320745 69 
320814 1 
320815 93 
320908 101 
321009 69 
321078 8 
321086 4 
321090 2 
321092 1 
321093 1520 
322613 420 
323033 202 
323235 18 
323253 1023 
324276 323 
324599 19 
324618 8 
324626 4 
324630 101 
324731 57 
324788 835 
325623 38 
325661 8 
325669 2 
325671 222 
325893 19 
325912 8 
325920 2 
325922 1520 
327442 323 
327765 8 
327773 4 
327777 2 
327779 1 
327780 1023 
328803 38 
328841 2 
328843 420 
329263 101 
329364 8 
329372 4 
329376 8 
329384 4 
329388 1 
329389 8 
329397 1 
329398 642 
330040 4 
330044 1 
330045 993 
331038 2 
331040 1 
331041 5894 
336935 323 
337258 88 
337346 2 
337348 101 
337449 69 
337518 8 
337526 4 
337530 2 
337532 420 
337952 101 
338053 8 
338061 2 
338063 835 
338898 38 
338936 4 
338940 38 
338978 2 
338980 1023 
340003 323 
340326 38 
340364 16 
340380 1 
340381 57 
340438 4 
340442 2 
340444 1 
340445 222 
340667 4 
340671 2 
340673 1 
340674 323 
340997 19 
341016 16 
341032 38 
341070 4 
341074 2 
341076 1520 
342596 1443 
344039 8 
344047 4 
344051 1 
344052 420 
344472 101 
344573 4 
344577 2 
344579 1 
344580 892 
345472 69 
345541 8 
345549 892 
346441 57 
346498 4 
346502 2 
346504 3880 
350384 734 
351118 38 
351156 2 
351158 1 
351159 734 
351893 57 
351950 2 
351952 892 
352844 69 
352913 4 
352917 2 
352919 1 
352920 101 
353021 1 
353022 1023 
354045 222 
354267 38 
354305 1 
354306 101 
354407 65 
354472 2 
354474 1 
354475 1520 
355995 1023 
357018 101 
357119 18 
357137 892 
358029 8 
358037 4 
358041 2 
358043 1 
358044 101 
358145 4 
358149 19 
358168 1 
358169 1520 
359689 222 
359911 19 
359930 8 
359938 1 
359939 38 
359977 18 
359995 1520 
361515 323 
361838 69 
361907 4 
361911 2 
361913 420 
362333 2 
362335 1 
362336 1520 
363856 222 
364078 57 
364135 4 
364139 1 
364140 1520 
365660 1023 
366683 101 
366784 69 
366853 8 
366861 4 
366865 2 
366867 1 
366868 1023 
367891 101 
367992 69 
368061 16 
368077 1 
368078 222 
368300 19 
368319 8 
368327 1023 
369350 323 
369673 420 
370093 2 
370095 1520 
371615 420 
372035 101 
372136 65 
372201 2 
372203 323 
372526 38 
372564 1 
372565 1023 
373588 4 
373592 101 
373693 38 
373731 420 
374151 69 
374220 4 
374224 1023 
375247 4 
375251 1 
375252 734 
375986 38 
376024 8 
376032 4 
376036 2 
376038 1 
376039 1520 
377559 1512 
379071 4 
379075 1023 
380098 93 
380191 2 
380193 323 
380516 8 
380524 4 
380528 2 
380530 8 
380538 4 
380542 101 
380643 57 
380700 420 
381120 101 
381221 19 
381240 2 
381242 1 
381243 420 
381663 101 
381764 69 
381833 2 
381835 1 
381836 1443 
383279 8 
383287 4 
383291 2 
383293 1 
383294 420 
383714 57 
383771 4 
383775 1 
383776 222 
383998 38 
384036 1023 
385059 323 
385382 69 
385451 8 
385459 2 
385461 1 
385462 666 
386128 38 
386166 4 
386170 2 
386172 1 
386173 222 
386395 57 
386452 4 
386456 1520 
387976 101 
388077 57 
388134 2 
388136 19 
388155 8 
388163 2 
388165 1 
388166 1520 
389686 1443 
391129 4 
391133 1023 
392156 38 
392194 16 
392210 420 
392630 101 
392731 93 
392824 4 
392828 1443 
394271 38 
394309 8 
394317 4 
394321 1 
394322 1520 
395842 2 
395844 420 
396264 38 
396302 16 
396318 1520 
397838 1023 
398861 222 
399083 65 
399148 2 
399150 101 
399251 88 
399339 2 
399341 1520 
400861 222 
401083 38 
401121 4 
401125 1520 
402645 101 
402746 38 
402784 18 
402802 101 
402903 69 
402972 3040 
406012 202 
406214 8 
406222 2 
406224 1 
406225 642 
406867 2 
406869 1 
406870 101 
406971 69 
407040 8 
407048 2 
407050 323 
407373 38 
407411 1023 
408434 69 
408503 2 
408505 420 
408925 101 
409026 19 
409045 8 
409053 4 
409057 2 
409059 1 
409060 892 
409952 69 
410021 4 
410025 2 
410027 1520 
411547 1023 
412570 323 
412893 57 
412950 2 
412952 4 
412956 2 
412958 1 
412959 1520 
414479 835 
415314 8 
415322 4 
415326 1 
415327 892 
416219 69 
416288 2 
416290 1520 
417810 1023 
418833 57 
418890 4 
418894 2 
418896 642 
419538 18 
419556 420 
419976 18 
419994 1023 
421017 222 
421239 19 
421258 2 
421260 1023 
422283 19 
422302 8 
422310 4 
422314 1023 
423337 8 
423345 8 
423353 2 
423355 1 
423356 3316 
426672 18 
426690 1520 
428210 1023 
429233 101 
429334 19 
429353 8 
429361 222 
429583 92 
429675 3880 
433555 420 
433975 101 
434076 69 
434145 8 
434153 4 
434157 1 
434158 892 
435050 8 
435058 4 
435062 1 
435063 1520 
436583 101 
436684 93 
436777 4 
436781 1 
436782 1520 
438302 835 
439137 8 
439145 4 
439149 734 
439883 57 
439940 4 
439944 999 
440943 2 
440945 835 
441780 2 
441782 1 
441783 101 
441884 4 
441888 2 
441890 1 
441891 892 
442783 69 
442852 16 
442868 1 
442869 38 
442907 420 
443327 4 
443331 2 
443333 420 
443753 202 
443955 8 
443963 1 
443964 734 
444698 38 
444736 18 
444754 323 
445077 16 
445093 1023 
446116 323 
446439 69 
446508 4 
446512 2 
446514 420 
446934 101 
447035 38 
447073 1 
447074 1023 
448097 222 
448319 4 
448323 2 
448325 1023 
449348 202 
449550 4 
449554 1 
449555 420 
449975 101 
450076 88 
450164 2 
450166 323 
450489 8 
450497 4 
450501 892 
451393 69 
451462 2 
451464 1 
451465 101 
451566 69 
451635 8 
451643 4 
451647 3040 
454687 69 
454756 16 
454772 1 
454773 222 
454995 1 
454996 999 
455995 4 
455999 2 
456001 1 
456002 1023 
457025 93 
457118 1 
457119 420 
457539 101 
457640 69 
457709 8 
457717 1 
457718 734 
458452 8 
458460 2 
458462 101 
458563 8 
458571 2 
458573 1 
458574 835 
459409 4 
459413 2 
459415 222 
459637 19 
459656 2 
459658 1 
459659 222 
459881 38 
459919 8 
459927 4 
459931 1 
459932 57 
459989 4 
459993 666 
460659 4 
460663 2 
460665 101 
460766 69 
460835 8 
460843 2 
460845 222 
461067 38 
461105 2 
461107 93 
461200 1 
461201 420 
461621 101 
461722 69 
461791 4 
461795 1018 
462813 835 
463648 18 
463666 892 
464558 57 
464615 2 
464617 1 
464618 835 
465453 4 
465457 2 
465459 642 
466101 4 
466105 1 
466106 420 
466526 57 
466583 420 
467003 38 
467041 2 
467043 1 
467044 420 
467464 8 
467472 1 
467473 88 
467561 2 
467563 1520 
469083 16 
469099 1 
469100 323 
469423 69 
469492 8 
469500 4 
469504 2 
469506 1 
469507 101 
469608 69 
469677 3880 
473557 101 
473658 93 
473751 4 
473755 1 
473756 835 
474591 38 
474629 8 
474637 2 
474639 1 
474640 222 
474862 19 
474881 1 
474882 101 
474983 4 
474987 1 
474988 420 
475408 69 
475477 16 
475493 1 
475494 38 
475532 16 
475548 1 
475549 1520 
477069 222 
477291 19 
477310 2 
477312 1 
477313 57 
477370 1 
477371 1520 
478891 19 
478910 2 
478912 1 
478913 323 
479236 69 
479305 8 
479313 2 
479315 1 
479316 1023 
480339 38 
480377 16 
480393 1 
480394 202 
480596 8 
480604 2 
480606 1023 
481629 101 
481730 8 
481738 2 
481740 1443 
483183 19 
483202 16 
483218 1 
483219 1023 
484242 323 
484565 69 
484634 16 
484650 101 
484751 92 
484843 666 
485509 8 
485517 892 
486409 69 
486478 16 
486494 892 
487386 93 
487479 4 
487483 2 
487485 1520 
489005 222 
489227 38 
489265 8 
489273 2 
489275 1 
489276 420 
489696 101 
489797 38 
489835 8 
489843 4 
489847 2 
489849 93 
489942 4 
489946 2 
489948 1 
489949 101 
490050 69 
490119 8 
490127 4 
490131 1443 
491574 57 
491631 4 
491635 2 
491637 1520 
493157 1023 
494180 19 
494199 8 
494207 4 
494211 2 
494213 1 
494214 222 
494436 16 
494452 420 
494872 19 
494891 4 
494895 2 
494897 1 
494898 1023 
495921 38 
495959 8 
495967 4 
495971 1 
495972 835 
496807 38 
496845 8 
496853 4 
496857 2 
496859 1023 
497882 101 
497983 93 
498076 2 
498078 1023 
499101 323 
499424 88 
499512 1 
499513 1520 
501033 16 
501049 57 
501106 4 
501110 1 
501111 1023 
502134 65 
502199 734 
502933 88 
503021 1 
503022 93 
503115 835 
503950 4 
503954 2 
503956 1 
503957 101 
504058 69 
504127 4 
504131 2 
504133 1 
504134 1023 
505157 19 
505176 1023 
506199 222 
506421 69 
506490 18 
506508 1023 
507531 202 
507733 8 
507741 4 
507745 101 
507846 57 
507903 4 
507907 1 
507908 221 
508129 666 
508795 38 
508833 4 
508837 1520 
510357 101 
510458 69 
510527 8 
510535 222 
510757 93 
510850 2 
510852 1 
510853 1023 
511876 69 
511945 18 
511963 892 
512855 93 
512948 2 
512950 1 
512951 1023 
513974 202 
514176 2 
514178 892 
515070 92 
515162 1023 
516185 88 
516273 1 
516274 1520 
517794 1023 
518817 323 
519140 8 
519148 4 
519152 1520 
520672 1023 
521695 65 
521760 2 
521762 1 
521763 1520 
523283 1443 
524726 19 
524745 1520 
526265 420 
526685 4 
526689 1 
526690 323 
527013 38 
527051 4 
527055 1 
527056 1023 
528079 101 
528180 8 
528188 4 
528192 2 
528194 892 
529086 38 
529124 8 
529132 1 
529133 1520 
530653 323 
530976 19 
530995 4 
530999 2 
531001 1 
531002 57 
531059 2 
531061 1 
531062 1520 
532582 101 
532683 38 
532721 101 
532822 69 
532891 892 
533783 38 
533821 16 
533837 1 
533838 1520 
535358 323 
535681 38 
535719 8 
535727 4 
535731 734 
536465 57 
536522 4 
536526 2 
536528 1023 
537551 323 
537874 69 
537943 16 
537959 1 
537960 420 
538380 38 
538418 2 
538420 1520 
539940 323 
540263 19 
540282 8 
540290 2 
540292 1 
540293 222 
540515 93 
540608 2 
540610 1 
540611 892 
541503 57 
541560 4 
541564 1 
541565 666 
542231 19 
542250 8 
542258 4 
542262 1023 
543285 19 
543304 1520 
544824 323 
545147 69 
545216 1 
545217 1520 
546737 420 
547157 69 
547226 8 
547234 4 
547238 2 
547240 1 
547241 202 
547443 8 
547451 4 
547455 2 
547457 1443 
548900 19 
548919 4 
548923 1 
548924 420 
549344 69 
549413 8 
549421 2 
549423 1 
549424 1023 
550447 323 
550770 38 
550808 101 
550909 38 
550947 16 
550963 1520 
552483 420 
552903 19 
552922 16 
552938 3880 
556818 420 
557238 38 
557276 4 
557280 1520 
558800 101 
558901 19 
558920 4 
558924 2 
558926 101 
559027 69 
559096 8 
559104 4 
559108 19 
559127 16 
559143 1 
559144 1520 
560664 101 
560765 69 
560834 16 
560850 1023 
561873 202 
562075 16 
562091 1 
562092 1520 
563612 202 
563814 16 
563830 1 
563831 323 
564154 57 
564211 4 
564215 2 
564217 323 
564540 16 
564556 1520 
566076 1023 
567099 222 
567321 57 
567378 1 
567379 666 
568045 38 
568083 8 
568091 4 
568095 1023 
569118 69 
569187 8 
569195 1 
569196 323 
569519 38 
569557 4 
569561 2 
569563 222 
569785 38 
569823 8 
569831 1520 
571351 222 
571573 38 
571611 4 
571615 2 
571617 101 
571718 16 
571734 1 
571735 1023 
572758 222 
572980 8 
572988 4 
572992 2 
572994 1023 
574017 19 
574036 8 
574044 1 
574045 1520 
575565 1023 
576588 323 
576911 65 
576976 2 
576978 420 
577398 101 
577499 19 
577518 18 
577536 1023 
578559 101 
578660 69 
578729 4 
578733 2 
578735 1 
578736 892 
579628 2 
579630 420 
580050 101 
580151 19 
580170 4 
580174 2 
580176 1 
580177 101 
580278 38 
580316 8 
580324 892 
581216 19 
581235 4 
581239 1 
581240 1520 
582760 101 
582861 19 
582880 1520 
584400 892 
585292 4 
585296 2 
585298 1023 
586321 69 
586390 8 
586398 2 
586400 323 
586723 8 
586731 1 
586732 1520 
588252 835 
589087 19 
589106 16 
589122 5400 
594522 69 
594591 4 
594595 1 
594596 38 
594634 323 
594957 65 
595022 2 
595024 1520 
596544 101 
596645 19 
596664 8 
596672 4 
596676 2 
596678 420 
597098 101 
597199 8 
597207 4 
597211 2 
597213 1520 
598733 323 
599056 38 
599094 16 
599110 1 
599111 323 
599434 69 
599503 4 
599507 1 
599508 19 
599527 8 
599535 2 
599537 1520 
601057 892 
601949 57 
602006 2 
602008 1 
602009 1520 
603529 221 
603750 1520 
605270 420 
605690 69 
605759 4 
605763 2 
605765 1 
605766 420 
606186 101 
606287 57 
606344 4 
606348 2 
606350 101 
606451 19 
606470 2 
606472 1 
606473 3040 
609513 101 
609614 69 
609683 8 
609691 2 
609693 93 
609786 3880 
613666 1023 
614689 222 
614911 57 
614968 892 
615860 69 
615929 8 
615937 1 
615938 1520 
617458 323 
617781 38 
617819 8 
617827 1 
617828 1520 
619348 323 
619671 69 
619740 8 
619748 1 
619749 1023 
620772 101 
620873 69 
620942 8 
620950 4 
620954 1 
620955 222 
621177 88 
621265 1 
621266 1023 
622289 323 
622612 19 
622631 4 
622635 420 
623055 101 
623156 19 
623175 8 
623183 4 
623187 202 
623389 4 
623393 18 
623411 323 
623734 38 
623772 2 
623774 1 
623775 1520 
625295 101 
625396 69 
625465 8 
625473 4 
625477 93 
625570 4 
625574 2 
625576 1520 
627096 420 
627516 101 
627617 38 
627655 2 
627657 1 
627658 420 
628078 101 
628179 19 
628198 18 
628216 69 
628285 2 
628287 666 
628953 38 
628991 4 
628995 1 
628996 734 
629730 2 
629732 1 
629733 420 
630153 101 
630254 57 
630311 2 
630313 101 
630414 69 
630483 8 
630491 2 
630493 1 
630494 1520 
632014 1443 
633457 65 
633522 1 
633523 3880 
637403 222 
637625 19 
637644 4 
637648 2 
637650 1 
637651 420 
638071 101 
638172 38 
638210 4 
638214 1 
638215 1520 
639735 1023 
640758 222 
640980 8 
640988 202 
641190 18 
641208 1520 
642728 420 
643148 38 
643186 101 
643287 69 
643356 8 
643364 1520 
644884 69 
644953 4 
644957 2 
644959 1 
644960 1520 
646480 101 
646581 38 
646619 8 
646627 2 
646629 1 
646630 1023 
647653 101 
647754 8 
647762 2 
647764 1 
647765 666 
648431 19 
648450 8 
648458 2 
648460 892 
649352 38 
649390 4 
649394 2 
649396 1520 
650916 69 
650985 8 
650993 4 
650997 222 
651219 8 
651227 4 
651231 2 
651233 5894 
657127 420 
657547 69 
657616 734 
658350 93 
658443 1 
658444 101 
658545 69 
658614 8 
658622 323 
658945 2 
658947 1520 
660467 420 
660887 69 
660956 4 
660960 1520 
662480 101 
662581 69 
662650 8 
662658 2 
662660 420 
663080 93 
663173 4 
663177 2 
663179 1 
663180 420 
663600 69 
663669 8 
663677 2 
663679 1023 
664702 101 
664803 57 
664860 1 
664861 222 
665083 19 
665102 16 
665118 1 
665119 323 
665442 69 
665511 8 
665519 2 
665521 1 
665522 202 
665724 2 
665726 101 
665827 8 
665835 1 
665836 323 
666159 57 
666216 1 
666217 420 
666637 101 
666738 38 
666776 4 
666780 1 
666781 1023 
667804 202 
668006 8 
668014 1 
668015 835 
668850 38 
668888 8 
668896 4 
668900 1 
668901 3316 
672217 19 
672236 4 
672240 1 
672241 1023 
673264 8 
673272 4 
673276 1023 
674299 38 
674337 1023 
675360 222 
675582 19 
675601 1 
675602 222 
675824 93 
675917 4 
675921 2 
675923 3576 
679499 4 
679503 420 
679923 101 
680024 38 
680062 8 
680070 4 
680074 2 
680076 892 
680968 8 
680976 2 
680978 666 
681644 19 
681663 4 
681667 3040 
684707 101 
684808 88 
684896 2 
684898 1 
684899 323 
685222 38 
685260 2 
685262 1 
685263 323 
685586 38 
685624 4 
685628 1 
685629 1520 
687149 101 
687250 19 
687269 18 
687287 3880 
691167 1023 
692190 222 
692412 65 
692477 1 
692478 1520 
693998 420 
694418 93 
694511 1 
694512 642 
695154 8 
695162 4 
695166 2 
695168 1520 
696688 666 
697354 38 
697392 8 
697400 4 
697404 2 
697406 1 
697407 1520 
698927 892 
699819 92 
699911 1023 
700934 222 
701156 38 
701194 8 
701202 2 
701204 1023 
702227 323 
702550 8 
702558 4 
702562 2 
702564 420 
702984 19 
703003 16 
703019 101 
703120 57 
703177 1 
703178 1520 
704698 65 
704763 2 
704765 420 
705185 93 
705278 1 
705279 101 
705380 69 
705449 8 
705457 2 
705459 1 
705460 101 
705561 19 
705580 8 
705588 4 
705592 1 
705593 101 
705694 69 
705763 8 
705771 1 
705772 1520 
707292 69 
707361 18 
707379 420 
707799 101 
707900 93 
707993 1 
707994 65 
708059 1 
708060 420 
708480 202 
708682 8 
708690 4 
708694 2 
708696 420 
709116 202 
709318 4 
709322 2 
709324 1 
709325 8 
709333 1023 
710356 93 
710449 2 
710451 1 
710452 666 
711118 8 
711126 1 
711127 1520 
712647 892 
713539 38 
713577 2 
713579 734 
714313 57 
714370 2 
714372 1520 
715892 420 
716312 101 
716413 38 
716451 8 
716459 4 
716463 2 
716465 1023 
717488 323 
717811 19 
717830 2 
717832 1 
717833 1520 
719353 222 
719575 19 
719594 16 
719610 1 
719611 420 
720031 101 
720132 19 
720151 4 
720155 420 
720575 101 
720676 38 
720714 8 
720722 4 
720726 1 
720727 1520 
722247 1023 
723270 101 
723371 38 
723409 8 
723417 4 
723421 2 
723423 1 
723424 999 
724423 16 
724439 1 
724440 734 
725174 57 
725231 4 
725235 2 
725237 1 
725238 734 
725972 19 
725991 835 
726826 19 
726845 8 
726853 2 
726855 1 
726856 323 
727179 18 
727197 734 
727931 19 
727950 2 
727952 222 
728174 18 
728192 38 
728230 16 
728246 1 
728247 1023 
729270 222 
729492 1 
729493 3880 
733373 666 
734039 8 
734047 1 
734048 57 
734105 4 
734109 2 
734111 1 
734112 19 
734131 4 
734135 2 
734137 1 
734138 1520 
735658 19 
735677 8 
735685 2 
735687 3040 
738727 69 
738796 8 
738804 1 
738805 666 
739471 38 
739509 4 
739513 2 
739515 1 
739516 1520 
741036 57 
741093 2 
741095 1 
741096 734 
741830 57 
741887 4 
741891 1 
741892 1023 
742915 222 
743137 88 
743225 2 
743227 101 
743328 69 
743397 4 
743401 1 
743402 1023 
744425 222 
744647 8 
744655 1 
744656 101 
744757 38 
744795 8 
744803 2 
744805 734 
745539 19 
745558 1 
745559 1520 
747079 69 
747148 8 
747156 4 
747160 420 
747580 101 
747681 8 
747689 2 
747691 1520 
749211 1023 
750234 101 
750335 69 
750404 2 
750406 1 
750407 19 
750426 16 
750442 999 
751441 8 
751449 2 
751451 222 
751673 69 
751742 4 
751746 2 
751748 1023 
752771 101 
752872 8 
752880 993 
753873 2 
753875 1 
753876 101 
753977 65 
754042 2 
754044 1 
754045 892 
754937 1 
754938 1023 
755961 222 
756183 19 
756202 666 
756868 38 
756906 1 
756907 420 
757327 101 
757428 57 
757485 4 
757489 2 
757491 1 
757492 1443 
758935 19 
758954 4 
758958 1 
758959 1520 
760479 420 
760899 101 
761000 65 
761065 2 
761067 416 
761483 2 
761485 892 
762377 57 
762434 4 
762438 93 
762531 4 
762535 57 
762592 101 
762693 69 
762762 2 
762764 1023 
763787 222 
764009 69 
764078 8 
764086 4 
764090 1023 
765113 19 
765132 2 
765134 1520 
766654 892 
767546 57 
767603 1 
767604 420 
768024 101 
768125 38 
768163 16 
768179 1 
768180 999 
769179 8 
769187 4 
769191 2 
769193 323 
769516 16 
769532 892 
770424 69 
770493 8 
770501 2 
770503 1 
770504 101 
770605 38 
770643 4 
770647 1 
770648 1023 
771671 222 
771893 69 
771962 8 
771970 2 
771972 1 
771973 1520 
773493 666 
774159 38 
774197 4 
774201 1 
774202 666 
774868 38 
774906 4 
774910 2 
774912 661 
775573 1 
775574 420 
775994 69 
776063 8 
776071 4 
776075 1 
776076 1520 
777596 202 
777798 1 
777799 3040 
780839 57 
780896 4 
780900 1 
780901 38 
780939 2 
780941 1 
780942 420 
781362 101 
781463 19 
781482 4 
781486 734 
782220 88 
782308 2 
782310 1 
782311 666 
782977 2 
782979 101 
783080 38 
783118 18 
783136 38 
783174 8 
783182 2 
783184 101 
783285 93 
783378 4 
783382 1 
783383 202 
783585 8 
783593 4 
783597 420 
784017 38 
784055 1 
784056 202 
784258 8 
784266 4 
784270 2 
784272 2 
784274 1443 
785717 19 
785736 8 
785744 1 
785745 101 
785846 19 
785865 1 
785866 1023 
786889 323 
787212 69 
787281 8 
787289 1 
787290 323 
787613 38 
787651 8 
787659 2 
787661 1 
787662 892 
788554 69 
788623 16 
788639 1 
788640 835 
789475 19 
789494 4 
789498 2 
789500 420 
789920 4 
789924 1023 
790947 101 
791048 38 
791086 8 
791094 4 
791098 2 
791100 1 
791101 101 
791202 65 
791267 2 
791269 999 
792268 8 
792276 4 
792280 2 
792282 1 
792283 1520 
793803 222 
794025 4 
794029 1 
794030 420 
794450 38 
794488 16 
794504 1 
794505 999 
795504 4 
795508 1 
795509 734 
796243 38 
796281 8 
796289 4 
796293 1 
796294 323 
796617 69 
796686 8 
796694 1 
796695 101 
796796 57 
796853 4 
796857 2 
796859 222 
797081 69 
797150 16 
797166 1 
797167 642 
797809 734 
798543 69 
798612 8 
798620 4 
798624 734 
799358 93 
799451 4 
799455 835 
800290 38 
800328 2 
800330 1 
800331 1520 
801851 1023 
802874 323 
803197 65 
803262 2 
803264 1 
803265 892 
804157 38 
804195 8 
804203 2 
804205 1 
804206 101 
804307 19 
804326 2 
804328 8 
804336 2 
804338 1 
804339 4 
804343 2 
804345 666 
805011 2 
805013 1 
805014 323 
805337 69 
805406 4 
805410 2 
805412 1 
805413 323 
805736 65 
805801 222 
806023 38 
806061 18 
806079 734 
806813 38 
806851 420 
807271 101 
807372 38 
807410 16 
807426 1 
807427 323 
807750 38 
807788 16 
807804 1 
807805 19 
807824 8 
807832 4 
807836 222 
808058 69 
808127 8 
808135 4 
808139 1 
808140 993 
809133 2 
809135 1 
809136 222 
809358 93 
809451 2 
809453 1 
809454 734 
810188 8 
810196 4 
810200 2 
810202 734 
810936 8 
810944 2 
810946 323 
811269 38 
811307 4 
811311 999 
812310 18 
812328 734 
813062 19 
813081 8 
813089 2 
813091 1 
813092 101 
813193 8 
813201 4 
813205 2 
813207 666 
813873 19 
813892 8 
813900 1 
813901 222 
814123 4 
814127 101 
814228 57 
814285 2 
814287 1 
814288 101 
814389 8 
814397 4 
814401 1 
814402 1520 
815922 1512 
817434 4 
817438 2 
817440 202 
817642 16 
817658 1 
817659 38 
817697 8 
817705 2 
817707 642 
818349 1 
818350 222 
818572 57 
818629 69 
818698 8 
818706 4 
818710 1 
818711 420 
819131 202 
819333 8 
819341 3593 
822934 69 
823003 8 
823011 1 
823012 222 
823234 38 
823272 8 
823280 4 
823284 1520 
824804 222 
825026 19 
825045 4 
825049 2 
825051 420 
825471 93 
825564 2 
825566 1520 
827086 666 
827752 38 
827790 8 
827798 4 
827802 1 
827803 1512 
829315 1 
829316 1520 
830836 101 
830937 93 
831030 2 
831032 1520 
832552 222 
832774 16 
832790 1 
832791 323 
833114 19 
833133 18 
833151 420 
833571 101 
833672 69 
833741 16 
833757 101 
833858 8 
833866 892 
834758 69 
834827 38 
834865 8 
834873 2 
834875 892 
835767 38 
835805 8 
835813 4 
835817 2 
835819 1 
835820 892 
836712 19 
836731 8 
836739 2 
836741 1 
836742 666 
837408 19 
837427 16 
837443 323 
837766 38 
837804 4 
837808 420 
838228 57 
838285 4 
838289 420 
838709 101 
838810 8 
838818 4 
838822 1 
838823 420 
839243 101 
839344 38 
839382 101 
839483 38 
839521 4 
839525 19 
839544 8 
839552 4 
839556 1 
839557 1443 
841000 4 
841004 1 
841005 3040 
844045 202 
844247 16 
844263 1 
844264 420 
844684 57 
844741 1 
844742 1520 
846262 88 
846350 2 
846352 1 
846353 1023 
847376 101 
847477 16 
847493 101 
847594 19 
847613 8 
847621 4 
847625 734 
848359 57 
848416 4 
848420 2 
848422 19 
848441 8 
848449 4 
848453 1 
848454 323 
848777 19 
848796 16 
848812 1 
848813 101 
848914 93 
849007 1 
849008 420 
849428 101 
849529 19 
849548 4 
849552 1 
849553 93 
849646 4 
849650 1 
849651 892 
850543 69 
850612 16 
850628 734 
851362 38 
851400 16 
851416 1 
851417 221 
851638 1520 
853158 1023 
854181 323 
854504 4 
854508 2 
854510 101 
854611 8 
854619 4 
854623 222 
854845 69 
854914 16 
854930 1520 
856450 1023 
857473 323 
857796 69 
857865 18 
857883 1520 
859403 642 
860045 2 
860047 1520 
861567 892 
862459 8 
862467 2 
862469 1 
862470 101 
862571 38 
862609 2 
862611 1 
862612 420 
863032 101 
863133 93 
863226 3880 
867106 202 
867308 8 
867316 1520 
868836 323 
869159 38 
869197 8 
869205 2 
869207 101 
869308 1 
869309 892 
870201 38 
870239 8 
870247 4 
870251 1520 
871771 666 
872437 19 
872456 420 
872876 69 
872945 8 
872953 1520 
874473 835 
875308 38 
875346 8 
875354 1520 
876874 420 
877294 202 
877496 1 
877497 4 
877501 2 
877503 1 
877504 420 
877924 69 
877993 8 
878001 1 
878002 101 
878103 57 
878160 2 
878162 101 
878263 38 
878301 8 
878309 2 
878311 3040 
881351 202 
881553 4 
881557 2 
881559 1520 
883079 1443 
884522 18 
884540 1520 
886060 892 
886952 19 
886971 18 
886989 1520 
888509 892 
889401 8 
889409 4 
889413 2 
889415 1 
889416 420 
889836 101 
889937 69 
890006 8 
890014 7046 
897060 88 
897148 2 
897150 1 
897151 8 
897159 2 
897161 1023 
898184 222 
898406 19 
898425 16 
898441 1 
898442 1520 
899962 420 
900382 8 
900390 4 
900394 1443 
901837 38 
901875 8 
901883 1 
901884 222 
902106 69 
902175 8 
902183 2 
902185 3593 
905778 19 
905797 8 
905805 4 
905809 892 
906701 19 
906720 8 
906728 4 
906732 2 
906734 1520 
908254 69 
908323 16 
908339 222 
908561 19 
908580 8 
908588 1023 
909611 323 
909934 69 
910003 8 
910011 4 
910015 2 
910017 1443 
911460 19 
911479 8 
911487 4 
911491 1 
911492 323 
911815 19 
911834 2 
911836 323 
912159 8 
912167 101 
912268 65 
912333 2 
912335 1 
912336 222 
912558 19 
912577 8 
912585 4 
912589 202 
912791 16 
912807 1520 
914327 420 
914747 38 
914785 8 
914793 1 
914794 202 
914996 8 
915004 4 
915008 2 
915010 1 
915011 1520 
916531 222 
916753 69 
916822 2 
916824 323 
917147 19 
917166 8 
917174 4 
917178 222 
917400 38 
917438 2 
917440 101 
917541 38 
917579 4 
917583 2 
917585 420 
918005 101 
918106 57 
918163 4 
918167 1 
918168 69 
918237 420 
918657 88 
918745 1 
918746 222 
918968 19 
918987 8 
918995 4 
918999 1 
919000 1520 
920520 222 
920742 93 
920835 4 
920839 2 
920841 1 
920842 420 
921262 101 
921363 19 
921382 8 
921390 101 
921491 69 
921560 8 
921568 4 
921572 2 
921574 1 
921575 892 
922467 38 
922505 8 
922513 4 
922517 2 
922519 1 
922520 323 
922843 38 
922881 8 
922889 4 
922893 734 
923627 38 
923665 16 
923681 892 
924573 19 
924592 2 
924594 1023 
925617 4 
925621 1 
925622 8 
925630 2 
925632 1 
925633 323 
925956 38 
925994 8 
926002 19 
926021 8 
926029 4 
926033 2 
926035 1 
926036 92 
926128 323 
926451 38 
926489 18 
926507 19 
926526 420 
926946 38 
926984 8 
926992 2 
926994 1 
926995 101 
927096 65 
927161 2 
927163 3880 
931043 101 
931144 57 
931201 4 
931205 2 
931207 1 
931208 1023 
932231 69 
932300 8 
932308 4 
932312 1023 
933335 323 
933658 38 
933696 2 
933698 19 
933717 8 
933725 4 
933729 892 
934621 57 
934678 1 
934679 1520 
936199 1443 
937642 19 
937661 1 
937662 835 
938497 8 
938505 2 
938507 1 
938508 666 
939174 19 
939193 8 
939201 2 
939203 420 
939623 202 
939825 8 
939833 4 
939837 734 
940571 19 
940590 8 
940598 1520 
942118 101 
942219 93 
942312 4 
942316 2 
942318 731 
943049 1 
943050 1023 
944073 323 
944396 19 
944415 4 
944419 202 
944621 16 
944637 222 
944859 8 
944867 420 
945287 101 
945388 19 
945407 323 
945730 38 
945768 16 
945784 1520 
947304 323 
947627 69 
947696 8 
947704 4 
947708 2 
947710 1 
947711 1520 
949231 323 
949554 38 
949592 2 
949594 1 
949595 420 
950015 101 
950116 38 
950154 8 
950162 4 
950166 1 
950167 38 
950205 8 
950213 2 
950215 101 
950316 69 
950385 8 
950393 2 
950395 1 
950396 323 
950719 19 
950738 2 
950740 1 
950741 1443 
952184 19 
952203 4 
952207 2 
952209 1023 
953232 101 
953333 38 
953371 4 
953375 2 
953377 1 
953378 420 
953798 4 
953802 2 
953804 1 
953805 222 
954027 93 
954120 4 
954124 2 
954126 1 
954127 1520 
955647 222 
955869 8 
955877 1520 
957397 38 
957435 2 
957437 3040 
960477 18 
960495 1023 
961518 93 
961611 2 
961613 323 
961936 8 
961944 4 
961948 2 
961950 835 
962785 19 
962804 4 
962808 2 
962810 69 
962879 8 
962887 2 
962889 1 
962890 420 
963310 69 
963379 18 
963397 734 
964131 57 
964188 2 
964190 1 
964191 892 
965083 8 
965091 4 
965095 420 
965515 69 
965584 16 
965600 1 
965601 1023 
966624 101 
966725 69 
966794 1 
966795 222 
967017 92 
967109 38 
967147 4 
967151 2 
967153 835 
967988 38 
968026 8 
968034 4 
968038 101 
968139 38 
968177 8 
968185 4 
968189 101 
968290 69 
968359 18 
968377 1520 
969897 101 
969998 8 
970006 101 
970107 69 
970176 2 
970178 1520 
971698 420 
972118 8 
972126 1 
972127 892 
973019 19 
973038 2 
973040 666 
973706 19 
973725 8 
973733 2 
973735 1 
973736 734 
974470 8 
974478 4 
974482 1 
974483 101 
974584 69 
974653 2 
974655 420 
975075 38 
975113 8 
975121 4 
975125 2 
975127 1 
975128 1023 
976151 101 
976252 4 
976256 2 
976258 1 
976259 420 
976679 93 
976772 4 
976776 2 
976778 892 
977670 69 
977739 2 
977741 19 
977760 2 
977762 420 
978182 101 
978283 4 
978287 2 
978289 1 
978290 420 
978710 101 
978811 19 
978830 4 
978834 2 
978836 1 
978837 1520 
980357 420 
980777 8 
980785 4 
980789 1 
980790 420 
981210 101 
981311 38 
981349 4 
981353 1 
981354 1023 
982377 222 
982599 88 
982687 2 
982689 666 
983355 16 
983371 1520 
984891 1023 
985914 57 
985971 4 
985975 2 
985977 1 
985978 1520 
987498 101 
987599 69 
987668 8 
987676 1 
987677 38 
987715 8 
987723 4 
987727 1520 
989247 734 
989981 38 
990019 18 
990037 1520 
991557 323 
991880 19 
991899 8 
991907 4 
991911 16 
991927 69 
991996 8 
992004 1 
992005 835 
992840 19 
992859 1 
992860 666 
993526 19 
993545 1520 
995065 666 
995731 8 
995739 4 
995743 2 
995745 1 
995746 1520 
997266 734 
998000 38 
998038 16 
998054 1 
998055 1023 
999078 101 
999179 19 
999198 4 
999202 2 
999204 101 
999305 38