476 
1 1 
2 2 
4 4 
8 8 
16 16 
32 4 
36 2 
38 1 
39 39 
78 78 
156 16 
172 8 
180 2 
182 78 
260 36 
296 16 
312 2 
314 1 
315 8 
323 1 
324 78 
402 39 
441 16 
457 2 
459 32 
491 1 
492 78 
570 39 
609 16 
625 4 
629 78 
707 39 
746 16 
762 4 
766 2 
768 16 
784 8 
792 4 
796 16 
812 8 
820 2 
822 1 
823 16 
839 8 
847 4 
851 1 
852 39 
891 32 
923 39 
962 4 
966 182 
1148 2 
1150 39 
1189 16 
1205 8 
1213 4 
1217 2 
1219 1 
1220 16 
1236 2 
1238 182 
1420 38 
1458 78 
1536 32 
1568 2 
1570 1 
1571 39 
1610 32 
1642 156 
1798 8 
1806 2 
1808 1 
1809 78 
1887 16 
1903 4 
1907 39 
1946 8 
1954 2 
1956 1 
1957 16 
1973 8 
1981 1 
1982 2 
1984 16 
2000 4 
2004 36 
2040 8 
2048 4 
2052 2 
2054 1 
2055 39 
2094 16 
2110 8 
2118 4 
2122 2 
2124 39 
2163 8 
2171 1 
2172 4 
2176 2 
2178 1 
2179 16 
2195 4 
2199 2 
2201 1 
2202 39 
2241 2 
2243 39 
2282 32 
2314 156 
2470 4 
2474 1 
2475 16 
2491 8 
2499 1 
2500 78 
2578 8 
2586 4 
2590 2 
2592 39 
2631 8 
2639 4 
2643 38 
2681 39 
2720 16 
2736 8 
2744 1 
2745 16 
2761 2 
2763 1 
2764 8 
2772 4 
2776 16 
2792 8 
2800 182 
2982 8 
2990 2 
2992 16 
3008 2 
3010 1 
3011 78 
3089 4 
3093 1 
3094 16 
3110 2 
3112 16 
3128 8 
3136 4 
3140 16 
3156 4 
3160 2 
3162 78 
3240 16 
3256 8 
3264 4 
3268 2 
3270 1 
3271 39 
3310 4 
3314 2 
3316 1 
3317 32 
3349 1 
3350 39 
3389 8 
3397 4 
3401 39 
3440 16 
3456 4 
3460 2 
3462 1 
3463 8 
3471 39 
3510 16 
3526 1 
3527 39 
3566 32 
3598 1 
3599 16 
3615 8 
3623 78 
3701 36 
3737 1 
3738 16 
3754 8 
3762 2 
3764 1 
3765 78 
3843 4 
3847 1 
3848 39 
3887 36 
3923 39 
3962 16 
3978 8 
3986 16 
4002 8 
4010 4 
4014 1 
4015 39 
4054 36 
4090 39 
4129 32 
4161 2 
4163 1 
4164 39 
4203 36 
4239 1 
4240 78 
4318 32 
4350 39 
4389 16 
4405 8 
4413 1 
4414 16 
4430 4 
4434 16 
4450 2 
4452 1 
4453 78 
4531 1 
4532 39 
4571 8 
4579 4 
4583 39 
4622 16 
4638 78 
4716 16 
4732 8 
4740 16 
4756 4 
4760 1 
4761 4 
4765 2 
4767 16 
4783 8 
4791 2 
4793 1 
4794 16 
4810 8 
4818 4 
4822 2 
4824 1 
4825 78 
4903 16 
4919 4 
4923 2 
4925 1 
4926 39 
4965 4 
4969 1 
4970 39 
5009 16 
5025 4 
5029 2 
5031 78 
5109 39 
5148 16 
5164 8 
5172 4 
5176 2 
5178 2 
5180 1 
5181 78 
5259 16 
5275 8 
5283 2 
5285 1 
5286 78 
5364 39 
5403 32 
5435 2 
5437 39 
5476 4 
5480 1 
5481 78 
5559 32 
5591 2 
5593 78 
5671 8 
5679 4 
5683 16 
5699 8 
5707 4 
5711 2 
5713 39 
5752 4 
5756 16 
5772 8 
5780 4 
5784 2 
5786 1 
5787 4 
5791 1 
5792 78 
5870 2 
5872 1 
5873 16 
5889 4 
5893 2 
5895 39 
5934 4 
5938 1 
5939 8 
5947 1 
5948 78 
6026 36 
6062 39 
6101 39 
6140 8 
6148 4 
6152 1 
6153 182 
6335 16 
6351 8 
6359 4 
6363 39 
6402 16 
6418 2 
6420 1 
6421 16 
6437 4 
6441 1 
6442 39 
6481 16 
6497 1 
6498 16 
6514 2 
6516 16 
6532 2 
6534 1 
6535 260 
6795 8 
6803 2 
6805 1 
6806 1 
6807 78 
6885 36 
6921 1 
6922 39 
6961 16 
6977 8 
6985 4 
6989 1 
6990 39 
7029 8 
7037 2 
7039 4 
7043 2 
7045 182 
7227 39 
7266 4 
7270 2 
7272 1 
7273 78 
7351 32 
7383 1 
7384 8 
7392 4 
7396 1 
7397 39 
7436 16 
7452 8 
7460 4 
7464 2 
7466 1 
7467 78 
7545 39 
7584 36 
7620 1 
7621 78 
7699 2 
7701 39 
7740 16 
7756 2 
7758 182 
7940 16 
7956 4 
7960 1 
7961 16 
7977 4 
7981 2 
7983 4 
7987 1 
7988 182 
8170 39 
8209 16 
8225 8 
8233 2 
8235 1 
8236 39 
8275 8 
8283 4 
8287 1 
8288 16 
8304 8 
8312 4 
8316 2 
8318 1 
8319 8 
8327 4 
8331 1 
8332 182 
8514 39 
8553 4 
8557 2 
8559 78 
8637 4 
8641 1 
8642 39 
8681 16 
8697 8 
8705 2 
8707 16 
8723 8 
8731 4 
8735 1 
8736 16 
8752 8 
8760 4 
8764 2 
8766 39 
8805 8 
8813 39 
8852 4 
8856 2 
8858 1 
8859 78 
8937 39 
8976 16 
8992 8 
9000 4 
9004 1 
9005 182 
9187 36 
9223 1 
9224 16 
9240 2 
9242 78 
9320 8 
9328 4 
9332 2 
9334 1 
9335 4 
9339 2 
9341 39 
9380 16 
9396 2 
9398 78 
9476 4 
9480 1 
9481 8 
9489 2 
9491 1 
9492 1 
9493 182 
9675 2 
9677 39 
9716 16 
9732 4 
9736 39 
9775 16 
9791 8 
9799 4 
9803 1 
9804 78 
9882 16 
9898 8 
9906 1 
9907 16 
9923 8 
9931 1 
9932 16 
9948 8 
9956 2 
9958 1