266 
1 1 
2 2 
4 1 
5 1 
6 1 
7 5 
12 4 
16 2 
18 1 
19 7 
26 5 
31 2 
33 1 
34 7 
41 4 
45 7 
52 2 
54 1 
55 1 
56 5 
61 1 
62 1 
63 2 
65 2 
67 2 
69 2 
71 4 
75 7 
82 12 
94 1 
95 1 
96 2 
98 2 
100 1 
101 2 
103 1 
104 1 
105 7 
112 1 
113 7 
120 4 
124 1 
125 1 
126 1 
127 2 
129 1 
130 2 
132 2 
134 2 
136 1 
137 12 
149 2 
151 1 
152 7 
159 1 
160 2 
162 12 
174 1 
175 5 
180 6 
186 1 
187 2 
189 1 
190 6 
196 2 
198 1 
199 2 
201 7 
208 1 
209 12 
221 2 
223 5 
228 5 
233 2 
235 1 
236 2 
238 1 
239 1 
240 2 
242 2 
244 1 
245 4 
249 4 
253 5 
258 2 
260 7 
267 4 
271 2 
273 7 
280 4 
284 1 
285 2 
287 18 
305 19 
324 5 
329 19 
348 2 
350 2 
352 1 
353 7 
360 1 
361 4 
365 1 
366 2 
368 1 
369 2 
371 2 
373 7 
380 1 
381 2 
383 4 
387 7 
394 6 
400 2 
402 1 
403 4 
407 7 
414 2 
416 1 
417 2 
419 1 
420 7 
427 2 
429 1 
430 2 
432 6 
438 7 
445 7 
452 4 
456 2 
458 1 
459 2 
461 1 
462 4 
466 2 
468 7 
475 1 
476 7 
483 2 
485 1 
486 2 
488 2 
490 5 
495 5 
500 5 
505 4 
509 16 
525 12 
537 1 
538 4 
542 7 
549 2 
551 5 
556 4 
560 1 
561 1 
562 2 
564 1 
565 7 
572 12 
584 1 
585 16 
601 5 
606 2 
608 2 
610 1 
611 12 
623 1 
624 7 
631 7 
638 1 
639 2 
641 5 
646 2 
648 12 
660 4 
664 2 
666 1 
667 5 
672 1 
673 12 
685 1 
686 4 
690 1 
691 4 
695 6 
701 12 
713 1 
714 7 
721 4 
725 4 
729 4 
733 1 
734 5 
739 2 
741 16 
757 7 
764 4 
768 7 
775 2 
777 2 
779 1 
780 2 
782 1 
783 1 
784 5 
789 5 
794 1 
795 4 
799 6 
805 2 
807 1 
808 2 
810 12 
822 7 
829 4 
833 7 
840 2 
842 1 
843 6 
849 1 
850 7 
857 2 
859 7 
866 2 
868 1 
869 2 
871 1 
872 2 
874 7 
881 1 
882 1 
883 7 
890 2 
892 1 
893 7 
900 2 
902 1 
903 4 
907 2 
909 2 
911 1 
912 2 
914 5 
919 2 
921 6 
927 19 
946 2 
948 5 
953 6 
959 2 
961 1 
962 2 
964 7 
971 1 
972 1 
973 1 
974 1 
975 6 
981 2 
983 1 
984 2 
986 1 
987 5 
992 4 
996 1