396 
1 1 
2 1 
3 2 
5 2 
7 3 
10 1 
11 2 
13 3 
16 1 
17 2 
19 3 
22 1 
23 5 
28 1 
29 2 
31 5 
36 1 
37 3 
40 1 
41 2 
43 3 
46 1 
47 5 
52 1 
53 5 
58 1 
59 2 
61 5 
66 1 
67 3 
70 1 
71 2 
73 5 
78 1 
79 3 
82 1 
83 5 
88 1 
89 7 
96 1 
97 3 
100 1 
101 2 
103 3 
106 1 
107 2 
109 3 
112 1 
113 13 
126 1 
127 3 
130 1 
131 5 
136 1 
137 2 
139 10 
149 2 
151 5 
156 1 
157 5 
162 1 
163 3 
166 1 
167 5 
172 1 
173 5 
178 1 
179 2 
181 10 
191 2 
193 3 
196 1 
197 2 
199 11 
210 1 
211 11 
222 1 
223 3 
226 1 
227 2 
229 3 
232 1 
233 5 
238 1 
239 2 
241 10 
251 5 
256 1 
257 5 
262 1 
263 5 
268 1 
269 2 
271 5 
276 1 
277 3 
280 1 
281 2 
283 10 
293 13 
306 1 
307 3 
310 1 
311 2 
313 3 
316 1 
317 13 
330 1 
331 5 
336 1 
337 10 
347 2 
349 3 
352 1 
353 5 
358 1 
359 7 
366 1 
367 5 
372 1 
373 5 
378 1 
379 3 
382 1 
383 5 
388 1 
389 7 
396 1 
397 3 
400 1 
401 7 
408 1 
409 10 
419 2 
421 10 
431 2 
433 5 
438 1 
439 3 
442 1 
443 5 
448 1 
449 7 
456 1 
457 3 
460 1 
461 2 
463 3 
466 1 
467 11 
478 1 
479 7 
486 1 
487 3 
490 1 
491 7 
498 1 
499 3 
502 1 
503 5 
508 1 
509 11 
520 1 
521 2 
523 17 
540 1 
541 5 
546 1 
547 10 
557 5 
562 1 
563 5 
568 1 
569 2 
571 5 
576 1 
577 10 
587 5 
592 1 
593 5 
598 1 
599 2 
601 5 
606 1 
607 5 
612 1 
613 3 
616 1 
617 2 
619 11 
630 1 
631 10 
641 2 
643 3 
646 1 
647 5 
652 1 
653 5 
658 1 
659 2 
661 11 
672 1 
673 3 
676 1 
677 5 
682 1 
683 7 
690 1 
691 10 
701 7 
708 1 
709 10 
719 7 
726 1 
727 5 
732 1 
733 5 
738 1 
739 3 
742 1 
743 7 
750 1 
751 5 
756 1 
757 3 
760 1 
761 7 
768 1 
769 3 
772 1 
773 13 
786 1 
787 10 
797 11 
808 1 
809 2 
811 10 
821 2 
823 3 
826 1 
827 2 
829 10 
839 13 
852 1 
853 3 
856 1 
857 2 
859 3 
862 1 
863 13 
876 1 
877 3 
880 1 
881 2 
883 3 
886 1 
887 19 
906 1 
907 3 
910 1 
911 7 
918 1 
919 10 
929 7 
936 1 
937 3 
940 1 
941 5 
946 1 
947 5 
952 1 
953 13 
966 1 
967 3 
970 1 
971 5 
976 1 
977 5 
982 1 
983 7 
990 1 
991 5 
996 1 
997 11 
1008 1 
1009 3 
1012 1 
1013 5 
1018 1 
1019 2 
1021 10 
1031 2 
1033 5 
1038 1 
1039 10 
1049 2 
1051 10 
1061 2 
1063 5 
1068 1 
1069 17 
1086 1 
1087 3 
1090 1 
1091 2 
1093 3 
1096 1 
1097 5 
1102 1 
1103 5 
1108 1 
1109 7 
1116 1 
1117 5 
1122 1 
1123 5 
1128 1 
1129 22 
1151 2 
1153 10 
1163 7 
1170 1 
1171 10 
1181 5 
1186 1 
1187 5 
1192 1 
1193 7 
1200 1 
1201 11 
1212 1 
1213 3 
1216 1 
1217 5 
1222 1 
1223 5 
1228 1 
1229 2 
1231 5 
1236 1 
1237 11 
1248 1 
1249 10 
1259 17 
1276 1 
1277 2 
1279 3 
1282 1 
1283 5 
1288 1 
1289 2 
1291 5 
1296 1 
1297 3 
1300 1 
1301 2 
1303 3 
1306 1 
1307 11 
1318 1 
1319 2 
1321 5 
1326 1 
1327 31 
1358 3 
1361 5 
1366 1 
1367 5 
1372 1 
1373 7 
1380 1 
1381 17 
1398 1 
1399 10 
1409 13 
1422 1 
1423 3 
1426 1 
1427 2 
1429 3 
1432 1 
1433 5 
1438 1 
1439 7 
1446 1 
1447 3 
1450 1 
1451 2 
1453 5 
1458 1 
1459 11 
1470 1 
1471 10 
1481 2 
1483 3 
1486 1