5024 
1 1 
2 2 
4 4 
8 8 
16 16 
32 32 
64 64 
128 128 
256 256 
512 8 
520 4 
524 1 
525 16 
541 1 
542 64 
606 32 
638 4 
642 1 
643 643 
1286 1286 
2572 2572 
5144 2572 
7716 643 
8359 128 
8487 32 
8519 16 
8535 8 
8543 16 
8559 1 
8560 8560 
17120 1286 
18406 643 
19049 520 
19569 2 
19571 1 
19572 8560 
28132 1286 
29418 643 
30061 520 
30581 2 
30583 1 
30584 16 
30600 1 
30601 16 
30617 1 
30618 520 
31138 2 
31140 1 
31141 256 
31397 64 
31461 16 
31477 8 
31485 4 
31489 2 
31491 7716 
39207 128 
39335 32 
39367 16 
39383 8 
39391 39391 
78782 78782 
157564 8560 
166124 2572 
168696 643 
169339 256 
169595 16 
169611 8 
169619 2 
169621 520 
170141 2 
170143 1 
170144 520 
170664 2 
170666 1 
170667 7716 
178383 128 
178511 32 
178543 16 
178559 8 
178567 16 
178583 1 
178584 256 
178840 64 
178904 16 
178920 8 
178928 4 
178932 2 
178934 64 
178998 32 
179030 4 
179034 1 
179035 7716 
186751 128 
186879 32 
186911 16 
186927 8 
186935 256 
187191 64 
187255 16 
187271 8 
187279 4 
187283 2 
187285 256 
187541 64 
187605 16 
187621 8 
187629 4 
187633 2 
187635 8560 
196195 1286 
197481 643 
198124 520 
198644 2 
198646 1 
198647 7716 
206363 128 
206491 32 
206523 16 
206539 8 
206547 8560 
215107 1286 
216393 643 
217036 520 
217556 2 
217558 1 
217559 256 
217815 64 
217879 16 
217895 8 
217903 4 
217907 2 
217909 78782 
296691 39391 
336082 8560 
344642 2572 
347214 643 
347857 256 
348113 16 
348129 8 
348137 2 
348139 64 
348203 32 
348235 4 
348239 1 
348240 7716 
355956 128 
356084 32 
356116 16 
356132 8 
356140 8560 
364700 1286 
365986 643 
366629 520 
367149 2 
367151 1 
367152 8560 
375712 1286 
376998 643 
377641 520 
378161 2 
378163 1 
378164 16 
378180 1 
378181 16 
378197 1 
378198 256 
378454 64 
378518 16 
378534 8 
378542 4 
378546 2 
378548 78782 
457330 39391 
496721 8560 
505281 2572 
507853 643 
508496 256 
508752 16 
508768 8 
508776 2 
508778 520 
509298 2 
509300 1 
509301 520 
509821 2 
509823 1 
509824 16 
509840 1 
509841 8560 
518401 1286 
519687 643 
520330 520 
520850 2 
520852 1 
520853 256 
521109 64 
521173 16 
521189 8 
521197 4 
521201 2 
521203 7716 
528919 128 
529047 32 
529079 16 
529095 8 
529103 78782 
607885 39391 
647276 8560 
655836 2572 
658408 643 
659051 256 
659307 16 
659323 8 
659331 2 
659333 7716 
667049 128 
667177 32 
667209 16 
667225 8 
667233 256 
667489 64 
667553 16 
667569 8 
667577 4 
667581 2 
667583 78782 
746365 39391 
785756 8560 
794316 2572 
796888 643 
797531 256 
797787 16 
797803 8 
797811 2 
797813 78782 
876595 39391 
915986 8560 
924546 2572 
927118 643 
927761 256 
928017 16 
928033 8 
928041 2 
928043 16 
928059 1 
928060 256 
928316 64 
928380 16 
928396 8 
928404 4 
928408 2 
928410 7716 
936126 128 
936254 32 
936286 16 
936302 8 
936310 64 
936374 32 
936406 4 
936410 1 
936411 78782 
1015193 39391 
1054584 8560 
1063144 2572 
1065716 643 
1066359 256 
1066615 16 
1066631 8 
1066639 2 
1066641 78782 
1145423 39391 
1184814 8560 
1193374 2572 
1195946 643 
1196589 256 
1196845 16 
1196861 8 
1196869 2 
1196871 64 
1196935 32 
1196967 4 
1196971 1 
1196972 520 
1197492 2 
1197494 1 
1197495 16 
1197511 1 
1197512 8560 
1206072 1286 
1207358 643 
1208001 520 
1208521 2 
1208523 1 
1208524 256 
1208780 64 
1208844 16 
1208860 8 
1208868 4 
1208872 2 
1208874 78782 
1287656 39391 
1327047 8560 
1335607 2572 
1338179 643 
1338822 256 
1339078 16 
1339094 8 
1339102 2 
1339104 16 
1339120 1 
1339121 8560 
1347681 1286 
1348967 643 
1349610 520 
1350130 2 
1350132 1 
1350133 64 
1350197 32 
1350229 4 
1350233 1 
1350234 520 
1350754 2 
1350756 1 
1350757 64 
1350821 32 
1350853 4 
1350857 1 
1350858 16 
1350874 1 
1350875 8560 
1359435 1286 
1360721 643 
1361364 520 
1361884 2 
1361886 1 
1361887 520 
1362407 2 
1362409 1 
1362410 7716 
1370126 128 
1370254 32 
1370286 16 
1370302 8 
1370310 16 
1370326 1 
1370327 8560 
1378887 1286 
1380173 643 
1380816 520 
1381336 2 
1381338 1 
1381339 78782 
1460121 39391 
1499512 8560 
1508072 2572 
1510644 643 
1511287 256 
1511543 16 
1511559 8 
1511567 2 
1511569 16 
1511585 1 
1511586 78782 
1590368 39391 
1629759 8560 
1638319 2572 
1640891 643 
1641534 256 
1641790 16 
1641806 8 
1641814 2 
1641816 7716 
1649532 128 
1649660 32 
1649692 16 
1649708 8 
1649716 7716 
1657432 128 
1657560 32 
1657592 16 
1657608 8 
1657616 7716 
1665332 128 
1665460 32 
1665492 16 
1665508 8 
1665516 7716 
1673232 128 
1673360 32 
1673392 16 
1673408 8 
1673416 256 
1673672 64 
1673736 16 
1673752 8 
1673760 4 
1673764 2 
1673766 520 
1674286 2 
1674288 1 
1674289 64 
1674353 32 
1674385 4 
1674389 1 
1674390 520 
1674910 2 
1674912 1 
1674913 78782 
1753695 39391 
1793086 8560 
1801646 2572 
1804218 643 
1804861 256 
1805117 16 
1805133 8 
1805141 2 
1805143 64 
1805207 32 
1805239 4 
1805243 1 
1805244 520 
1805764 2 
1805766 1 
1805767 256 
1806023 64 
1806087 16 
1806103 8 
1806111 4 
1806115 2 
1806117 520 
1806637 2 
1806639 1 
1806640 64 
1806704 32 
1806736 4 
1806740 1 
1806741 7716 
1814457 128 
1814585 32 
1814617 16 
1814633 8 
1814641 16 
1814657 1 
1814658 64 
1814722 32 
1814754 4 
1814758 1 
1814759 16 
1814775 1 
1814776 256 
1815032 64 
1815096 16 
1815112 8 
1815120 4 
1815124 2 
1815126 7716 
1822842 128 
1822970 32 
1823002 16 
1823018 8 
1823026 78782 
1901808 39391 
1941199 8560 
1949759 2572 
1952331 643 
1952974 256 
1953230 16 
1953246 8 
1953254 2 
1953256 78782 
2032038 39391 
2071429 8560 
2079989 2572 
2082561 643 
2083204 256 
2083460 16 
2083476 8 
2083484 2 
2083486 256 
2083742 64 
2083806 16 
2083822 8 
2083830 4 
2083834 2 
2083836 16 
2083852 1 
2083853 64 
2083917 32 
2083949 4 
2083953 1 
2083954 8560 
2092514 1286 
2093800 643 
2094443 520 
2094963 2 
2094965 1 
2094966 7716 
2102682 128 
2102810 32 
2102842 16 
2102858 8 
2102866 7716 
2110582 128 
2110710 32 
2110742 16 
2110758 8 
2110766 520 
2111286 2 
2111288 1 
2111289 64 
2111353 32 
2111385 4 
2111389 1 
2111390 7716 
2119106 128 
2119234 32 
2119266 16 
2119282 8 
2119290 520 
2119810 2 
2119812 1 
2119813 520 
2120333 2 
2120335 1 
2120336 7716 
2128052 128 
2128180 32 
2128212 16 
2128228 8 
2128236 78782 
2207018 39391 
2246409 8560 
2254969 2572 
2257541 643 
2258184 256 
2258440 16 
2258456 8 
2258464 2 
2258466 8560 
2267026 1286 
2268312 643 
2268955 520 
2269475 2 
2269477 1 
2269478 78782 
2348260 39391 
2387651 8560 
2396211 2572 
2398783 643 
2399426 256 
2399682 16 
2399698 8 
2399706 2 
2399708 256 
2399964 64 
2400028 16 
2400044 8 
2400052 4 
2400056 2 
2400058 64 
2400122 32 
2400154 4 
2400158 1 
2400159 8560 
2408719 1286 
2410005 643 
2410648 520 
2411168 2 
2411170 1 
2411171 8560 
2419731 1286 
2421017 643 
2421660 520 
2422180 2 
2422182 1 
2422183 7716 
2429899 128 
2430027 32 
2430059 16 
2430075 8 
2430083 256 
2430339 64 
2430403 16 
2430419 8 
2430427 4 
2430431 2 
2430433 520 
2430953 2 
2430955 1 
2430956 256 
2431212 64 
2431276 16 
2431292 8 
2431300 4 
2431304 2 
2431306 64 
2431370 32 
2431402 4 
2431406 1 
2431407 256 
2431663 64 
2431727 16 
2431743 8 
2431751 4 
2431755 2 
2431757 520 
2432277 2 
2432279 1 
2432280 78782 
2511062 39391 
2550453 8560 
2559013 2572 
2561585 643 
2562228 256 
2562484 16 
2562500 8 
2562508 2 
2562510 520 
2563030 2 
2563032 1 
2563033 16 
2563049 1 
2563050 8560 
2571610 1286 
2572896 643 
2573539 520 
2574059 2 
2574061 1 
2574062 8560 
2582622 1286 
2583908 643 
2584551 520 
2585071 2 
2585073 1 
2585074 16 
2585090 1 
2585091 256 
2585347 64 
2585411 16 
2585427 8 
2585435 4 
2585439 2 
2585441 520 
2585961 2 
2585963 1 
2585964 8560 
2594524 1286 
2595810 643 
2596453 520 
2596973 2 
2596975 1 
2596976 16 
2596992 1 
2596993 78782 
2675775 39391 
2715166 8560 
2723726 2572 
2726298 643 
2726941 256 
2727197 16 
2727213 8 
2727221 2 
2727223 78782 
2806005 39391 
2845396 8560 
2853956 2572 
2856528 643 
2857171 256 
2857427 16 
2857443 8 
2857451 2 
2857453 520 
2857973 2 
2857975 1 
2857976 520 
2858496 2 
2858498 1 
2858499 7716 
2866215 128 
2866343 32 
2866375 16 
2866391 8 
2866399 7716 
2874115 128 
2874243 32 
2874275 16 
2874291 8 
2874299 64 
2874363 32 
2874395 4 
2874399 1 
2874400 520 
2874920 2 
2874922 1 
2874923 78782 
2953705 39391 
2993096 8560 
3001656 2572 
3004228 643 
3004871 256 
3005127 16 
3005143 8 
3005151 2 
3005153 7716 
3012869 128 
3012997 32 
3013029 16 
3013045 8 
3013053 16 
3013069 1 
3013070 7716 
3020786 128 
3020914 32 
3020946 16 
3020962 8 
3020970 256 
3021226 64 
3021290 16 
3021306 8 
3021314 4 
3021318 2 
3021320 520 
3021840 2 
3021842 1 
3021843 78782 
3100625 39391 
3140016 8560 
3148576 2572 
3151148 643 
3151791 256 
3152047 16 
3152063 8 
3152071 2 
3152073 78782 
3230855 39391 
3270246 8560 
3278806 2572 
3281378 643 
3282021 256 
3282277 16 
3282293 8 
3282301 2 
3282303 256 
3282559 64 
3282623 16 
3282639 8 
3282647 4 
3282651 2 
3282653 256 
3282909 64 
3282973 16 
3282989 8 
3282997 4 
3283001 2 
3283003 64 
3283067 32 
3283099 4 
3283103 1 
3283104 64 
3283168 32 
3283200 4 
3283204 1 
3283205 7716 
3290921 128 
3291049 32 
3291081 16 
3291097 8 
3291105 256 
3291361 64 
3291425 16 
3291441 8 
3291449 4 
3291453 2 
3291455 64 
3291519 32 
3291551 4 
3291555 1 
3291556 7716 
3299272 128 
3299400 32 
3299432 16 
3299448 8 
3299456 7716 
3307172 128 
3307300 32 
3307332 16 
3307348 8 
3307356 7716 
3315072 128 
3315200 32 
3315232 16 
3315248 8 
3315256 16 
3315272 1 
3315273 16 
3315289 1 
3315290 16 
3315306 1 
3315307 78782 
3394089 39391 
3433480 8560 
3442040 2572 
3444612 643 
3445255 256 
3445511 16 
3445527 8 
3445535 2 
3445537 64 
3445601 32 
3445633 4 
3445637 1 
3445638 256 
3445894 64 
3445958 16 
3445974 8 
3445982 4 
3445986 2 
3445988 16 
3446004 1 
3446005 256 
3446261 64 
3446325 16 
3446341 8 
3446349 4 
3446353 2 
3446355 64 
3446419 32 
3446451 4 
3446455 1 
3446456 256 
3446712 64 
3446776 16 
3446792 8 
3446800 4 
3446804 2 
3446806 520 
3447326 2 
3447328 1 
3447329 7716 
3455045 128 
3455173 32 
3455205 16 
3455221 8 
3455229 8560 
3463789 1286 
3465075 643 
3465718 520 
3466238 2 
3466240 1 
3466241 16 
3466257 1 
3466258 520 
3466778 2 
3466780 1 
3466781 7716 
3474497 128 
3474625 32 
3474657 16 
3474673 8 
3474681 520 
3475201 2 
3475203 1 
3475204 520 
3475724 2 
3475726 1 
3475727 64 
3475791 32 
3475823 4 
3475827 1 
3475828 16 
3475844 1 
3475845 64 
3475909 32 
3475941 4 
3475945 1 
3475946 520 
3476466 2 
3476468 1 
3476469 256 
3476725 64 
3476789 16 
3476805 8 
3476813 4 
3476817 2 
3476819 64 
3476883 32 
3476915 4 
3476919 1 
3476920 8560 
3485480 1286 
3486766 643 
3487409 520 
3487929 2 
3487931 1 
3487932 64 
3487996 32 
3488028 4 
3488032 1 
3488033 64 
3488097 32 
3488129 4 
3488133 1 
3488134 256 
3488390 64 
3488454 16 
3488470 8 
3488478 4 
3488482 2 
3488484 256 
3488740 64 
3488804 16 
3488820 8 
3488828 4 
3488832 2 
3488834 64 
3488898 32 
3488930 4 
3488934 1 
3488935 7716 
3496651 128 
3496779 32 
3496811 16 
3496827 8 
3496835 520 
3497355 2 
3497357 1 
3497358 64 
3497422 32 
3497454 4 
3497458 1 
3497459 16 
3497475 1 
3497476 256 
3497732 64 
3497796 16 
3497812 8 
3497820 4 
3497824 2 
3497826 64 
3497890 32 
3497922 4 
3497926 1 
3497927 16 
3497943 1 
3497944 8560 
3506504 1286 
3507790 643 
3508433 520 
3508953 2 
3508955 1 
3508956 7716 
3516672 128 
3516800 32 
3516832 16 
3516848 8 
3516856 8560 
3525416 1286 
3526702 643 
3527345 520 
3527865 2 
3527867 1 
3527868 256 
3528124 64 
3528188 16 
3528204 8 
3528212 4 
3528216 2 
3528218 78782 
3607000 39391 
3646391 8560 
3654951 2572 
3657523 643 
3658166 256 
3658422 16 
3658438 8 
3658446 2 
3658448 8560 
3667008 1286 
3668294 643 
3668937 520 
3669457 2 
3669459 1 
3669460 256 
3669716 64 
3669780 16 
3669796 8 
3669804 4 
3669808 2 
3669810 78782 
3748592 39391 
3787983 8560 
3796543 2572 
3799115 643 
3799758 256 
3800014 16 
3800030 8 
3800038 2 
3800040 16 
3800056 1 
3800057 64 
3800121 32 
3800153 4 
3800157 1 
3800158 256 
3800414 64 
3800478 16 
3800494 8 
3800502 4 
3800506 2 
3800508 520 
3801028 2 
3801030 1 
3801031 520 
3801551 2 
3801553 1 
3801554 8560 
3810114 1286 
3811400 643 
3812043 520 
3812563 2 
3812565 1 
3812566 64 
3812630 32 
3812662 4 
3812666 1 
3812667 78782 
3891449 39391 
3930840 8560 
3939400 2572 
3941972 643 
3942615 256 
3942871 16 
3942887 8 
3942895 2 
3942897 64 
3942961 32 
3942993 4 
3942997 1 
3942998 7716 
3950714 128 
3950842 32 
3950874 16 
3950890 8 
3950898 64 
3950962 32 
3950994 4 
3950998 1 
3950999 520 
3951519 2 
3951521 1 
3951522 8560 
3960082 1286 
3961368 643 
3962011 520 
3962531 2 
3962533 1 
3962534 78782 
4041316 39391 
4080707 8560 
4089267 2572 
4091839 643 
4092482 256 
4092738 16 
4092754 8 
4092762 2 
4092764 256 
4093020 64 
4093084 16 
4093100 8 
4093108 4 
4093112 2 
4093114 16 
4093130 1 
4093131 78782 
4171913 39391 
4211304 8560 
4219864 2572 
4222436 643 
4223079 256 
4223335 16 
4223351 8 
4223359 2 
4223361 520 
4223881 2 
4223883 1 
4223884 7716 
4231600 128 
4231728 32 
4231760 16 
4231776 8 
4231784 78782 
4310566 39391 
4349957 8560 
4358517 2572 
4361089 643 
4361732 256 
4361988 16 
4362004 8 
4362012 2 
4362014 520 
4362534 2 
4362536 1 
4362537 7716 
4370253 128 
4370381 32 
4370413 16 
4370429 8 
4370437 64 
4370501 32 
4370533 4 
4370537 1 
4370538 7716 
4378254 128 
4378382 32 
4378414 16 
4378430 8 
4378438 7716 
4386154 128 
4386282 32 
4386314 16 
4386330 8 
4386338 16 
4386354 1 
4386355 7716 
4394071 128 
4394199 32 
4394231 16 
4394247 8 
4394255 8560 
4402815 1286 
4404101 643 
4404744 520 
4405264 2 
4405266 1 
4405267 7716 
4412983 128 
4413111 32 
4413143 16 
4413159 8 
4413167 16 
4413183 1 
4413184 64 
4413248 32 
4413280 4 
4413284 1 
4413285 8560 
4421845 1286 
4423131 643 
4423774 520 
4424294 2 
4424296 1 
4424297 7716 
4432013 128 
4432141 32 
4432173 16 
4432189 8 
4432197 16 
4432213 1 
4432214 256 
4432470 64 
4432534 16 
4432550 8 
4432558 4 
4432562 2 
4432564 78782 
4511346 39391 
4550737 8560 
4559297 2572 
4561869 643 
4562512 256 
4562768 16 
4562784 8 
4562792 2 
4562794 520 
4563314 2 
4563316 1 
4563317 78782 
4642099 39391 
4681490 8560 
4690050 2572 
4692622 643 
4693265 256 
4693521 16 
4693537 8 
4693545 2 
4693547 7716 
4701263 128 
4701391 32 
4701423 16 
4701439 8 
4701447 520 
4701967 2 
4701969 1 
4701970 78782 
4780752 39391 
4820143 8560 
4828703 2572 
4831275 643 
4831918 256 
4832174 16 
4832190 8 
4832198 2 
4832200 78782 
4910982 39391 
4950373 8560 
4958933 2572 
4961505 643 
4962148 256 
4962404 16 
4962420 8 
4962428 2 
4962430 7716 
4970146 128 
4970274 32 
4970306 16 
4970322 8 
4970330 16 
4970346 1 
4970347 16 
4970363 1 
4970364 78782 
5049146 39391 
5088537 8560 
5097097 2572 
5099669 643 
5100312 256 
5100568 16 
5100584 8 
5100592 2 
5100594 520 
5101114 2 
5101116 1 
5101117 7716 
5108833 128 
5108961 32 
5108993 16 
5109009 8 
5109017 8560 
5117577 1286 
5118863 643 
5119506 520 
5120026 2 
5120028 1 
5120029 64 
5120093 32 
5120125 4 
5120129 1 
5120130 7716 
5127846 128 
5127974 32 
5128006 16 
5128022 8 
5128030 16 
5128046 1 
5128047 520 
5128567 2 
5128569 1 
5128570 8560 
5137130 1286 
5138416 643 
5139059 520 
5139579 2 
5139581 1 
5139582 520 
5140102 2 
5140104 1 
5140105 16 
5140121 1 
5140122 8560 
5148682 1286 
5149968 643 
5150611 520 
5151131 2 
5151133 1 
5151134 256 
5151390 64 
5151454 16 
5151470 8 
5151478 4 
5151482 2 
5151484 64 
5151548 32 
5151580 4 
5151584 1 
5151585 64 
5151649 32 
5151681 4 
5151685 1 
5151686 256 
5151942 64 
5152006 16 
5152022 8 
5152030 4 
5152034 2 
5152036 64 
5152100 32 
5152132 4 
5152136 1 
5152137 7716 
5159853 128 
5159981 32 
5160013 16 
5160029 8 
5160037 7716 
5167753 128 
5167881 32 
5167913 16 
5167929 8 
5167937 8560 
5176497 1286 
5177783 643 
5178426 520 
5178946 2 
5178948 1 
5178949 256 
5179205 64 
5179269 16 
5179285 8 
5179293 4 
5179297 2 
5179299 78782 
5258081 39391 
5297472 8560 
5306032 2572 
5308604 643 
5309247 256 
5309503 16 
5309519 8 
5309527 2 
5309529 520 
5310049 2 
5310051 1 
5310052 256 
5310308 64 
5310372 16 
5310388 8 
5310396 4 
5310400 2 
5310402 8560 
5318962 1286 
5320248 643 
5320891 520 
5321411 2 
5321413 1 
5321414 64 
5321478 32 
5321510 4 
5321514 1 
5321515 8560 
5330075 1286 
5331361 643 
5332004 520 
5332524 2 
5332526 1 
5332527 520 
5333047 2 
5333049 1 
5333050 78782 
5411832 39391 
5451223 8560 
5459783 2572 
5462355 643 
5462998 256 
5463254 16 
5463270 8 
5463278 2 
5463280 8560 
5471840 1286 
5473126 643 
5473769 520 
5474289 2 
5474291 1 
5474292 7716 
5482008 128 
5482136 32 
5482168 16 
5482184 8 
5482192 16 
5482208 1 
5482209 7716 
5489925 128 
5490053 32 
5490085 16 
5490101 8 
5490109 256 
5490365 64 
5490429 16 
5490445 8 
5490453 4 
5490457 2 
5490459 78782 
5569241 39391 
5608632 8560 
5617192 2572 
5619764 643 
5620407 256 
5620663 16 
5620679 8 
5620687 2 
5620689 8560 
5629249 1286 
5630535 643 
5631178 520 
5631698 2 
5631700 1 
5631701 16 
5631717 1 
5631718 520 
5632238 2 
5632240 1 
5632241 8560 
5640801 1286 
5642087 643 
5642730 520 
5643250 2 
5643252 1 
5643253 256 
5643509 64 
5643573 16 
5643589 8 
5643597 4 
5643601 2 
5643603 16 
5643619 1 
5643620 8560 
5652180 1286 
5653466 643 
5654109 520 
5654629 2 
5654631 1 
5654632 7716 
5662348 128 
5662476 32 
5662508 16 
5662524 8 
5662532 78782 
5741314 39391 
5780705 8560 
5789265 2572 
5791837 643 
5792480 256 
5792736 16 
5792752 8 
5792760 2 
5792762 64 
5792826 32 
5792858 4 
5792862 1 
5792863 7716 
5800579 128 
5800707 32 
5800739 16 
5800755 8 
5800763 78782 
5879545 39391 
5918936 8560 
5927496 2572 
5930068 643 
5930711 256 
5930967 16 
5930983 8 
5930991 2 
5930993 256 
5931249 64 
5931313 16 
5931329 8 
5931337 4 
5931341 2 
5931343 16 
5931359 1 
5931360 16 
5931376 1 
5931377 7716 
5939093 128 
5939221 32 
5939253 16 
5939269 8 
5939277 64 
5939341 32 
5939373 4 
5939377 1 
5939378 16 
5939394 1 
5939395 256 
5939651 64 
5939715 16 
5939731 8 
5939739 4 
5939743 2 
5939745 520 
5940265 2 
5940267 1 
5940268 64 
5940332 32 
5940364 4 
5940368 1 
5940369 8560 
5948929 1286 
5950215 643 
5950858 520 
5951378 2 
5951380 1 
5951381 7716 
5959097 128 
5959225 32 
5959257 16 
5959273 8 
5959281 7716 
5966997 128 
5967125 32 
5967157 16 
5967173 8 
5967181 78782 
6045963 39391 
6085354 8560 
6093914 2572 
6096486 643 
6097129 256 
6097385 16 
6097401 8 
6097409 2 
6097411 7716 
6105127 128 
6105255 32 
6105287 16 
6105303 8 
6105311 520 
6105831 2 
6105833 1 
6105834 256 
6106090 64 
6106154 16 
6106170 8 
6106178 4 
6106182 2 
6106184 16 
6106200 1 
6106201 8560 
6114761 1286 
6116047 643 
6116690 520 
6117210 2 
6117212 1 
6117213 16 
6117229 1 
6117230 64 
6117294 32 
6117326 4 
6117330 1 
6117331 256 
6117587 64 
6117651 16 
6117667 8 
6117675 4 
6117679 2 
6117681 78782 
6196463 39391 
6235854 8560 
6244414 2572 
6246986 643 
6247629 256 
6247885 16 
6247901 8 
6247909 2 
6247911 78782 
6326693 39391 
6366084 8560 
6374644 2572 
6377216 643 
6377859 256 
6378115 16 
6378131 8 
6378139 2 
6378141 7716 
6385857 128 
6385985 32 
6386017 16 
6386033 8 
6386041 256 
6386297 64 
6386361 16 
6386377 8 
6386385 4 
6386389 2 
6386391 520 
6386911 2 
6386913 1 
6386914 78782 
6465696 39391 
6505087 8560 
6513647 2572 
6516219 643 
6516862 256 
6517118 16 
6517134 8 
6517142 2 
6517144 8560 
6525704 1286 
6526990 643 
6527633 520 
6528153 2 
6528155 1 
6528156 8560 
6536716 1286 
6538002 643 
6538645 520 
6539165 2 
6539167 1 
6539168 8560 
6547728 1286 
6549014 643 
6549657 520 
6550177 2 
6550179 1 
6550180 256 
6550436 64 
6550500 16 
6550516 8 
6550524 4 
6550528 2 
6550530 256 
6550786 64 
6550850 16 
6550866 8 
6550874 4 
6550878 2 
6550880 16 
6550896 1 
6550897 8560 
6559457 1286 
6560743 643 
6561386 520 
6561906 2 
6561908 1 
6561909 520 
6562429 2 
6562431 1 
6562432 8560 
6570992 1286 
6572278 643 
6572921 520 
6573441 2 
6573443 1 
6573444 520 
6573964 2 
6573966 1 
6573967 64 
6574031 32 
6574063 4 
6574067 1 
6574068 64 
6574132 32 
6574164 4 
6574168 1 
6574169 7716 
6581885 128 
6582013 32 
6582045 16 
6582061 8 
6582069 7716 
6589785 128 
6589913 32 
6589945 16 
6589961 8 
6589969 7716 
6597685 128 
6597813 32 
6597845 16 
6597861 8 
6597869 8560 
6606429 1286 
6607715 643 
6608358 520 
6608878 2 
6608880 1 
6608881 520 
6609401 2 
6609403 1 
6609404 520 
6609924 2 
6609926 1 
6609927 520 
6610447 2 
6610449 1 
6610450 64 
6610514 32 
6610546 4 
6610550 1 
6610551 8560 
6619111 1286 
6620397 643 
6621040 520 
6621560 2 
6621562 1 
6621563 520 
6622083 2 
6622085 1 
6622086 520 
6622606 2 
6622608 1 
6622609 256 
6622865 64 
6622929 16 
6622945 8 
6622953 4 
6622957 2 
6622959 256 
6623215 64 
6623279 16 
6623295 8 
6623303 4 
6623307 2 
6623309 16 
6623325 1 
6623326 8560 
6631886 1286 
6633172 643 
6633815 520 
6634335 2 
6634337 1 
6634338 64 
6634402 32 
6634434 4 
6634438 1 
6634439 78782 
6713221 39391 
6752612 8560 
6761172 2572 
6763744 643 
6764387 256 
6764643 16 
6764659 8 
6764667 2 
6764669 8560 
6773229 1286 
6774515 643 
6775158 520 
6775678 2 
6775680 1 
6775681 16 
6775697 1 
6775698 64 
6775762 32 
6775794 4 
6775798 1 
6775799 64 
6775863 32 
6775895 4 
6775899 1 
6775900 7716 
6783616 128 
6783744 32 
6783776 16 
6783792 8 
6783800 78782 
6862582 39391 
6901973 8560 
6910533 2572 
6913105 643 
6913748 256 
6914004 16 
6914020 8 
6914028 2 
6914030 256 
6914286 64 
6914350 16 
6914366 8 
6914374 4 
6914378 2 
6914380 8560 
6922940 1286 
6924226 643 
6924869 520 
6925389 2 
6925391 1 
6925392 7716 
6933108 128 
6933236 32 
6933268 16 
6933284 8 
6933292 8560 
6941852 1286 
6943138 643 
6943781 520 
6944301 2 
6944303 1 
6944304 64 
6944368 32 
6944400 4 
6944404 1 
6944405 8560 
6952965 1286 
6954251 643 
6954894 520 
6955414 2 
6955416 1 
6955417 8560 
6963977 1286 
6965263 643 
6965906 520 
6966426 2 
6966428 1 
6966429 256 
6966685 64 
6966749 16 
6966765 8 
6966773 4 
6966777 2 
6966779 16 
6966795 1 
6966796 78782 
7045578 39391 
7084969 8560 
7093529 2572 
7096101 643 
7096744 256 
7097000 16 
7097016 8 
7097024 2 
7097026 520 
7097546 2 
7097548 1 
7097549 78782 
7176331 39391 
7215722 8560 
7224282 2572 
7226854 643 
7227497 256 
7227753 16 
7227769 8 
7227777 2 
7227779 7716 
7235495 128 
7235623 32 
7235655 16 
7235671 8 
7235679 16 
7235695 1 
7235696 7716 
7243412 128 
7243540 32 
7243572 16 
7243588 8 
7243596 7716 
7251312 128 
7251440 32 
7251472 16 
7251488 8 
7251496 7716 
7259212 128 
7259340 32 
7259372 16 
7259388 8 
7259396 256 
7259652 64 
7259716 16 
7259732 8 
7259740 4 
7259744 2 
7259746 78782 
7338528 39391 
7377919 8560 
7386479 2572 
7389051 643 
7389694 256 
7389950 16 
7389966 8 
7389974 2 
7389976 64 
7390040 32 
7390072 4 
7390076 1 
7390077 8560 
7398637 1286 
7399923 643 
7400566 520 
7401086 2 
7401088 1 
7401089 256 
7401345 64 
7401409 16 
7401425 8 
7401433 4 
7401437 2 
7401439 8560 
7409999 1286 
7411285 643 
7411928 520 
7412448 2 
7412450 1 
7412451 520 
7412971 2 
7412973 1 
7412974 7716 
7420690 128 
7420818 32 
7420850 16 
7420866 8 
7420874 256 
7421130 64 
7421194 16 
7421210 8 
7421218 4 
7421222 2 
7421224 16 
7421240 1 
7421241 520 
7421761 2 
7421763 1 
7421764 520 
7422284 2 
7422286 1 
7422287 7716 
7430003 128 
7430131 32 
7430163 16 
7430179 8 
7430187 8560 
7438747 1286 
7440033 643 
7440676 520 
7441196 2 
7441198 1 
7441199 256 
7441455 64 
7441519 16 
7441535 8 
7441543 4 
7441547 2 
7441549 8560 
7450109 1286 
7451395 643 
7452038 520 
7452558 2 
7452560 1 
7452561 16 
7452577 1 
7452578 7716 
7460294 128 
7460422 32 
7460454 16 
7460470 8 
7460478 256 
7460734 64 
7460798 16 
7460814 8 
7460822 4 
7460826 2 
7460828 520 
7461348 2 
7461350 1 
7461351 7716 
7469067 128 
7469195 32 
7469227 16 
7469243 8 
7469251 7716 
7476967 128 
7477095 32 
7477127 16 
7477143 8 
7477151 64 
7477215 32 
7477247 4 
7477251 1 
7477252 16 
7477268 1 
7477269 8560 
7485829 1286 
7487115 643 
7487758 520 
7488278 2 
7488280 1 
7488281 64 
7488345 32 
7488377 4 
7488381 1 
7488382 16 
7488398 1 
7488399 64 
7488463 32 
7488495 4 
7488499 1 
7488500 256 
7488756 64 
7488820 16 
7488836 8 
7488844 4 
7488848 2 
7488850 8560 
7497410 1286 
7498696 643 
7499339 520 
7499859 2 
7499861 1 
7499862 64 
7499926 32 
7499958 4 
7499962 1 
7499963 78782 
7578745 39391 
7618136 8560 
7626696 2572 
7629268 643 
7629911 256 
7630167 16 
7630183 8 
7630191 2 
7630193 64 
7630257 32 
7630289 4 
7630293 1 
7630294 78782 
7709076 39391 
7748467 8560 
7757027 2572 
7759599 643 
7760242 256 
7760498 16 
7760514 8 
7760522 2 
7760524 16 
7760540 1 
7760541 8560 
7769101 1286 
7770387 643 
7771030 520 
7771550 2 
7771552 1 
7771553 7716 
7779269 128 
7779397 32 
7779429 16 
7779445 8 
7779453 256 
7779709 64 
7779773 16 
7779789 8 
7779797 4 
7779801 2 
7779803 78782 
7858585 39391 
7897976 8560 
7906536 2572 
7909108 643 
7909751 256 
7910007 16 
7910023 8 
7910031 2 
7910033 7716 
7917749 128 
7917877 32 
7917909 16 
7917925 8 
7917933 16 
7917949 1 
7917950 7716 
7925666 128 
7925794 32 
7925826 16 
7925842 8 
7925850 8560 
7934410 1286 
7935696 643 
7936339 520 
7936859 2 
7936861 1 
7936862 64 
7936926 32 
7936958 4 
7936962 1 
7936963 64 
7937027 32 
7937059 4 
7937063 1 
7937064 256 
7937320 64 
7937384 16 
7937400 8 
7937408 4 
7937412 2 
7937414 520 
7937934 2 
7937936 1 
7937937 520 
7938457 2 
7938459 1 
7938460 520 
7938980 2 
7938982 1 
7938983 78782 
8017765 39391 
8057156 8560 
8065716 2572 
8068288 643 
8068931 256 
8069187 16 
8069203 8 
8069211 2 
8069213 8560 
8077773 1286 
8079059 643 
8079702 520 
8080222 2 
8080224 1 
8080225 256 
8080481 64 
8080545 16 
8080561 8 
8080569 4 
8080573 2 
8080575 64 
8080639 32 
8080671 4 
8080675 1 
8080676 520 
8081196 2 
8081198 1 
8081199 8560 
8089759 1286 
8091045 643 
8091688 520 
8092208 2 
8092210 1 
8092211 64 
8092275 32 
8092307 4 
8092311 1 
8092312 8560 
8100872 1286 
8102158 643 
8102801 520 
8103321 2 
8103323 1 
8103324 78782 
8182106 39391 
8221497 8560 
8230057 2572 
8232629 643 
8233272 256 
8233528 16 
8233544 8 
8233552 2 
8233554 16 
8233570 1 
8233571 256 
8233827 64 
8233891 16 
8233907 8 
8233915 4 
8233919 2 
8233921 256 
8234177 64 
8234241 16 
8234257 8 
8234265 4 
8234269 2 
8234271 8560 
8242831 1286 
8244117 643 
8244760 520 
8245280 2 
8245282 1 
8245283 78782 
8324065 39391 
8363456 8560 
8372016 2572 
8374588 643 
8375231 256 
8375487 16 
8375503 8 
8375511 2 
8375513 256 
8375769 64 
8375833 16 
8375849 8 
8375857 4 
8375861 2 
8375863 64 
8375927 32 
8375959 4 
8375963 1 
8375964 256 
8376220 64 
8376284 16 
8376300 8 
8376308 4 
8376312 2 
8376314 520 
8376834 2 
8376836 1 
8376837 256 
8377093 64 
8377157 16 
8377173 8 
8377181 4 
8377185 2 
8377187 256 
8377443 64 
8377507 16 
8377523 8 
8377531 4 
8377535 2 
8377537 78782 
8456319 39391 
8495710 8560 
8504270 2572 
8506842 643 
8507485 256 
8507741 16 
8507757 8 
8507765 2 
8507767 256 
8508023 64 
8508087 16 
8508103 8 
8508111 4 
8508115 2 
8508117 520 
8508637 2 
8508639 1 
8508640 16 
8508656 1 
8508657 16 
8508673 1 
8508674 16 
8508690 1 
8508691 16 
8508707 1 
8508708 256 
8508964 64 
8509028 16 
8509044 8 
8509052 4 
8509056 2 
8509058 78782 
8587840 39391 
8627231 8560 
8635791 2572 
8638363 643 
8639006 256 
8639262 16 
8639278 8 
8639286 2 
8639288 8560 
8647848 1286 
8649134 643 
8649777 520 
8650297 2 
8650299 1 
8650300 8560 
8658860 1286 
8660146 643 
8660789 520 
8661309 2 
8661311 1 
8661312 7716 
8669028 128 
8669156 32 
8669188 16 
8669204 8 
8669212 16 
8669228 1 
8669229 256 
8669485 64 
8669549 16 
8669565 8 
8669573 4 
8669577 2 
8669579 16 
8669595 1 
8669596 64 
8669660 32 
8669692 4 
8669696 1 
8669697 78782 
8748479 39391 
8787870 8560 
8796430 2572 
8799002 643 
8799645 256 
8799901 16 
8799917 8 
8799925 2 
8799927 520 
8800447 2 
8800449 1 
8800450 520 
8800970 2 
8800972 1 
8800973 8560 
8809533 1286 
8810819 643 
8811462 520 
8811982 2 
8811984 1 
8811985 8560 
8820545 1286 
8821831 643 
8822474 520 
8822994 2 
8822996 1 
8822997 256 
8823253 64 
8823317 16 
8823333 8 
8823341 4 
8823345 2 
8823347 520 
8823867 2 
8823869 1 
8823870 16 
8823886 1 
8823887 78782 
8902669 39391 
8942060 8560 
8950620 2572 
8953192 643 
8953835 256 
8954091 16 
8954107 8 
8954115 2 
8954117 78782 
9032899 39391 
9072290 8560 
9080850 2572 
9083422 643 
9084065 256 
9084321 16 
9084337 8 
9084345 2 
9084347 16 
9084363 1 
9084364 78782 
9163146 39391 
9202537 8560 
9211097 2572 
9213669 643 
9214312 256 
9214568 16 
9214584 8 
9214592 2 
9214594 16 
9214610 1 
9214611 256 
9214867 64 
9214931 16 
9214947 8 
9214955 4 
9214959 2 
9214961 78782 
9293743 39391 
9333134 8560 
9341694 2572 
9344266 643 
9344909 256 
9345165 16 
9345181 8 
9345189 2 
9345191 256 
9345447 64 
9345511 16 
9345527 8 
9345535 4 
9345539 2 
9345541 256 
9345797 64 
9345861 16 
9345877 8 
9345885 4 
9345889 2 
9345891 64 
9345955 32 
9345987 4 
9345991 1 
9345992 78782 
9424774 39391 
9464165 8560 
9472725 2572 
9475297 643 
9475940 256 
9476196 16 
9476212 8 
9476220 2 
9476222 16 
9476238 1 
9476239 64 
9476303 32 
9476335 4 
9476339 1 
9476340 256 
9476596 64 
9476660 16 
9476676 8 
9476684 4 
9476688 2 
9476690 78782 
9555472 39391 
9594863 8560 
9603423 2572 
9605995 643 
9606638 256 
9606894 16 
9606910 8 
9606918 2 
9606920 256 
9607176 64 
9607240 16 
9607256 8 
9607264 4 
9607268 2 
9607270 78782 
9686052 39391 
9725443 8560 
9734003 2572 
9736575 643 
9737218 256 
9737474 16 
9737490 8 
9737498 2 
9737500 64 
9737564 32 
9737596 4 
9737600 1 
9737601 256 
9737857 64 
9737921 16 
9737937 8 
9737945 4 
9737949 2 
9737951 64 
9738015 32 
9738047 4 
9738051 1 
9738052 64 
9738116 32 
9738148 4 
9738152 1 
9738153 8560 
9746713 1286 
9747999 643 
9748642 520 
9749162 2 
9749164 1 
9749165 7716 
9756881 128 
9757009 32 
9757041 16 
9757057 8 
9757065 7716 
9764781 128 
9764909 32 
9764941 16 
9764957 8 
9764965 7716 
9772681 128 
9772809 32 
9772841 16 
9772857 8 
9772865 78782 
9851647 39391 
9891038 8560 
9899598 2572 
9902170 643 
9902813 256 
9903069 16 
9903085 8 
9903093 2 
9903095 520 
9903615 2 
9903617 1 
9903618 78782 
9982400 39391 
10021791 8560 
10030351 2572 
10032923 643 
10033566 256 
10033822 16 
10033838 8 
10033846 2 
10033848 16 
10033864 1 
10033865 256 
10034121 64 
10034185 16 
10034201 8 
10034209 4 
10034213 2 
10034215 64 
10034279 32 
10034311 4 
10034315 1 
10034316 7716 
10042032 128 
10042160 32 
10042192 16 
10042208 8 
10042216 7716 
10049932 128 
10050060 32 
10050092 16 
10050108 8 
10050116 8560 
10058676 1286 
10059962 643 
10060605 520 
10061125 2 
10061127 1 
10061128 7716 
10068844 128 
10068972 32 
10069004 16 
10069020 8 
10069028 78782 
10147810 39391 
10187201 8560 
10195761 2572 
10198333 643 
10198976 256 
10199232 16 
10199248 8 
10199256 2 
10199258 520 
10199778 2 
10199780 1 
10199781 64 
10199845 32 
10199877 4 
10199881 1 
10199882 8560 
10208442 1286 
10209728 643 
10210371 520 
10210891 2 
10210893 1 
10210894 64 
10210958 32 
10210990 4 
10210994 1 
10210995 7716 
10218711 128 
10218839 32 
10218871 16 
10218887 8 
10218895 256 
10219151 64 
10219215 16 
10219231 8 
10219239 4 
10219243 2 
10219245 256 
10219501 64 
10219565 16 
10219581 8 
10219589 4 
10219593 2 
10219595 520 
10220115 2 
10220117 1 
10220118 520 
10220638 2 
10220640 1 
10220641 64 
10220705 32 
10220737 4 
10220741 1 
10220742 8560 
10229302 1286 
10230588 643 
10231231 520 
10231751 2 
10231753 1 
10231754 8560 
10240314 1286 
10241600 643 
10242243 520 
10242763 2 
10242765 1 
10242766 520 
10243286 2 
10243288 1 
10243289 7716 
10251005 128 
10251133 32 
10251165 16 
10251181 8 
10251189 8560 
10259749 1286 
10261035 643 
10261678 520 
10262198 2 
10262200 1 
10262201 256 
10262457 64 
10262521 16 
10262537 8 
10262545 4 
10262549 2 
10262551 520 
10263071 2 
10263073 1 
10263074 78782 
10341856 39391 
10381247 8560 
10389807 2572 
10392379 643 
10393022 256 
10393278 16 
10393294 8 
10393302 2 
10393304 520 
10393824 2 
10393826 1 
10393827 64 
10393891 32 
10393923 4 
10393927 1 
10393928 256 
10394184 64 
10394248 16 
10394264 8 
10394272 4 
10394276 2 
10394278 520 
10394798 2 
10394800 1 
10394801 256 
10395057 64 
10395121 16 
10395137 8 
10395145 4 
10395149 2 
10395151 78782 
10473933 39391 
10513324 8560 
10521884 2572 
10524456 643 
10525099 256 
10525355 16 
10525371 8 
10525379 2 
10525381 64 
10525445 32 
10525477 4 
10525481 1 
10525482 78782 
10604264 39391 
10643655 8560 
10652215 2572 
10654787 643 
10655430 256 
10655686 16 
10655702 8 
10655710 2 
10655712 256 
10655968 64 
10656032 16 
10656048 8 
10656056 4 
10656060 2 
10656062 520 
10656582 2 
10656584 1 
10656585 8560 
10665145 1286 
10666431 643 
10667074 520 
10667594 2 
10667596 1 
10667597 64 
10667661 32 
10667693 4 
10667697 1 
10667698 520 
10668218 2 
10668220 1 
10668221 16 
10668237 1 
10668238 256 
10668494 64 
10668558 16 
10668574 8 
10668582 4 
10668586 2 
10668588 7716 
10676304 128 
10676432 32 
10676464 16 
10676480 8 
10676488 64 
10676552 32 
10676584 4 
10676588 1 
10676589 16 
10676605 1 
10676606 256 
10676862 64 
10676926 16 
10676942 8 
10676950 4 
10676954 2 
10676956 256 
10677212 64 
10677276 16 
10677292 8 
10677300 4 
10677304 2 
10677306 7716 
10685022 128 
10685150 32 
10685182 16 
10685198 8 
10685206 16 
10685222 1 
10685223 8560 
10693783 1286 
10695069 643 
10695712 520 
10696232 2 
10696234 1 
10696235 256 
10696491 64 
10696555 16 
10696571 8 
10696579 4 
10696583 2 
10696585 64 
10696649 32 
10696681 4 
10696685 1 
10696686 78782 
10775468 39391 
10814859 8560 
10823419 2572 
10825991 643 
10826634 256 
10826890 16 
10826906 8 
10826914 2 
10826916 256 
10827172 64 
10827236 16 
10827252 8 
10827260 4 
10827264 2 
10827266 64 
10827330 32 
10827362 4 
10827366 1 
10827367 520 
10827887 2 
10827889 1 
10827890 520 
10828410 2 
10828412 1 
10828413 64 
10828477 32 
10828509 4 
10828513 1 
10828514 64 
10828578 32 
10828610 4 
10828614 1 
10828615 7716 
10836331 128 
10836459 32 
10836491 16 
10836507 8 
10836515 78782 
10915297 39391 
10954688 8560 
10963248 2572 
10965820 643 
10966463 256 
10966719 16 
10966735 8 
10966743 2 
10966745 16 
10966761 1 
10966762 8560 
10975322 1286 
10976608 643 
10977251 520 
10977771 2 
10977773 1 
10977774 520 
10978294 2 
10978296 1 
10978297 16 
10978313 1 
10978314 64 
10978378 32 
10978410 4 
10978414 1 
10978415 16 
10978431 1 
10978432 7716 
10986148 128 
10986276 32 
10986308 16 
10986324 8 
10986332 520 
10986852 2 
10986854 1 
10986855 8560 
10995415 1286 
10996701 643 
10997344 520 
10997864 2 
10997866 1 
10997867 256 
10998123 64 
10998187 16 
10998203 8 
10998211 4 
10998215 2 
10998217 520 
10998737 2 
10998739 1 
10998740 7716 
11006456 128 
11006584 32 
11006616 16 
11006632 8 
11006640 8560 
11015200 1286 
11016486 643 
11017129 520 
11017649 2 
11017651 1 
11017652 16 
11017668 1 
11017669 520 
11018189 2 
11018191 1 
11018192 256 
11018448 64 
11018512 16 
11018528 8 
11018536 4 
11018540 2 
11018542 7716 
11026258 128 
11026386 32 
11026418 16 
11026434 8 
11026442 78782 
11105224 39391 
11144615 8560 
11153175 2572 
11155747 643 
11156390 256 
11156646 16 
11156662 8 
11156670 2 
11156672 78782 
11235454 39391 
11274845 8560 
11283405 2572 
11285977 643 
11286620 256 
11286876 16 
11286892 8 
11286900 2 
11286902 64 
11286966 32 
11286998 4 
11287002 1 
11287003 7716 
11294719 128 
11294847 32 
11294879 16 
11294895 8 
11294903 64 
11294967 32 
11294999 4 
11295003 1 
11295004 7716 
11302720 128 
11302848 32 
11302880 16 
11302896 8 
11302904 8560 
11311464 1286 
11312750 643 
11313393 520 
11313913 2 
11313915 1 
11313916 64 
11313980 32 
11314012 4 
11314016 1 
11314017 256 
11314273 64 
11314337 16 
11314353 8 
11314361 4 
11314365 2 
11314367 520 
11314887 2 
11314889 1 
11314890 78782 
11393672 39391 
11433063 8560 
11441623 2572 
11444195 643 
11444838 256 
11445094 16 
11445110 8 
11445118 2 
11445120 64 
11445184 32 
11445216 4 
11445220 1 
11445221 78782 
11524003 39391 
11563394 8560 
11571954 2572 
11574526 643 
11575169 256 
11575425 16 
11575441 8 
11575449 2 
11575451 8560 
11584011 1286 
11585297 643 
11585940 520 
11586460 2 
11586462 1 
11586463 78782 
11665245 39391 
11704636 8560 
11713196 2572 
11715768 643 
11716411 256 
11716667 16 
11716683 8 
11716691 2 
11716693 64 
11716757 32 
11716789 4 
11716793 1 
11716794 520 
11717314 2 
11717316 1 
11717317 7716 
11725033 128 
11725161 32 
11725193 16 
11725209 8 
11725217 64 
11725281 32 
11725313 4 
11725317 1 
11725318 16 
11725334 1 
11725335 7716 
11733051 128 
11733179 32 
11733211 16 
11733227 8 
11733235 7716 
11740951 128 
11741079 32 
11741111 16 
11741127 8 
11741135 64 
11741199 32 
11741231 4 
11741235 1 
11741236 256 
11741492 64 
11741556 16 
11741572 8 
11741580 4 
11741584 2 
11741586 78782 
11820368 39391 
11859759 8560 
11868319 2572 
11870891 643 
11871534 256 
11871790 16 
11871806 8 
11871814 2 
11871816 520 
11872336 2 
11872338 1 
11872339 16 
11872355 1 
11872356 78782 
11951138 39391 
11990529 8560 
11999089 2572 
12001661 643 
12002304 256 
12002560 16 
12002576 8 
12002584 2 
12002586 8560 
12011146 1286 
12012432 643 
12013075 520 
12013595 2 
12013597 1 
12013598 64 
12013662 32 
12013694 4 
12013698 1 
12013699 520 
12014219 2 
12014221 1 
12014222 7716 
12021938 128 
12022066 32 
12022098 16 
12022114 8 
12022122 7716 
12029838 128 
12029966 32 
12029998 16 
12030014 8 
12030022 78782 
12108804 39391 
12148195 8560 
12156755 2572 
12159327 643 
12159970 256 
12160226 16 
12160242 8 
12160250 2 
12160252 7716 
12167968 128 
12168096 32 
12168128 16 
12168144 8 
12168152 256 
12168408 64 
12168472 16 
12168488 8 
12168496 4 
12168500 2 
12168502 8560 
12177062 1286 
12178348 643 
12178991 520 
12179511 2 
12179513 1 
12179514 16 
12179530 1 
12179531 520 
12180051 2 
12180053 1 
12180054 78782 
12258836 39391 
12298227 8560 
12306787 2572 
12309359 643 
12310002 256 
12310258 16 
12310274 8 
12310282 2 
12310284 7716 
12318000 128 
12318128 32 
12318160 16 
12318176 8 
12318184 78782 
12396966 39391 
12436357 8560 
12444917 2572 
12447489 643 
12448132 256 
12448388 16 
12448404 8 
12448412 2 
12448414 520 
12448934 2 
12448936 1 
12448937 7716 
12456653 128 
12456781 32 
12456813 16 
12456829 8 
12456837 8560 
12465397 1286 
12466683 643 
12467326 520 
12467846 2 
12467848 1 
12467849 78782 
12546631 39391 
12586022 8560 
12594582 2572 
12597154 643 
12597797 256 
12598053 16 
12598069 8 
12598077 2 
12598079 256 
12598335 64 
12598399 16 
12598415 8 
12598423 4 
12598427 2 
12598429 78782 
12677211 39391 
12716602 8560 
12725162 2572 
12727734 643 
12728377 256 
12728633 16 
12728649 8 
12728657 2 
12728659 78782 
12807441 39391 
12846832 8560 
12855392 2572 
12857964 643 
12858607 256 
12858863 16 
12858879 8 
12858887 2 
12858889 16 
12858905 1 
12858906 7716 
12866622 128 
12866750 32 
12866782 16 
12866798 8 
12866806 78782 
12945588 39391 
12984979 8560 
12993539 2572 
12996111 643 
12996754 256 
12997010 16 
12997026 8 
12997034 2 
12997036 64 
12997100 32 
12997132 4 
12997136 1 
12997137 16 
12997153 1 
12997154 8560 
13005714 1286 
13007000 643 
13007643 520 
13008163 2 
13008165 1 
13008166 256 
13008422 64 
13008486 16 
13008502 8 
13008510 4 
13008514 2 
13008516 256 
13008772 64 
13008836 16 
13008852 8 
13008860 4 
13008864 2 
13008866 7716 
13016582 128 
13016710 32 
13016742 16 
13016758 8 
13016766 7716 
13024482 128 
13024610 32 
13024642 16 
13024658 8 
13024666 78782 
13103448 39391 
13142839 8560 
13151399 2572 
13153971 643 
13154614 256 
13154870 16 
13154886 8 
13154894 2 
13154896 64 
13154960 32 
13154992 4 
13154996 1 
13154997 16 
13155013 1 
13155014 64 
13155078 32 
13155110 4 
13155114 1 
13155115 78782 
13233897 39391 
13273288 8560 
13281848 2572 
13284420 643 
13285063 256 
13285319 16 
13285335 8 
13285343 2 
13285345 78782 
13364127 39391 
13403518 8560 
13412078 2572 
13414650 643 
13415293 256 
13415549 16 
13415565 8 
13415573 2 
13415575 520 
13416095 2 
13416097 1 
13416098 78782 
13494880 39391 
13534271 8560 
13542831 2572 
13545403 643 
13546046 256 
13546302 16 
13546318 8 
13546326 2 
13546328 8560 
13554888 1286 
13556174 643 
13556817 520 
13557337 2 
13557339 1 
13557340 16 
13557356 1 
13557357 8560 
13565917 1286 
13567203 643 
13567846 520 
13568366 2 
13568368 1 
13568369 8560 
13576929 1286 
13578215 643 
13578858 520 
13579378 2 
13579380 1 
13579381 520 
13579901 2 
13579903 1 
13579904 64 
13579968 32 
13580000 4 
13580004 1 
13580005 78782 
13658787 39391 
13698178 8560 
13706738 2572 
13709310 643 
13709953 256 
13710209 16 
13710225 8 
13710233 2 
13710235 64 
13710299 32 
13710331 4 
13710335 1 
13710336 16 
13710352 1 
13710353 8560 
13718913 1286 
13720199 643 
13720842 520 
13721362 2 
13721364 1 
13721365 520 
13721885 2 
13721887 1 
13721888 64 
13721952 32 
13721984 4 
13721988 1 
13721989 16 
13722005 1 
13722006 64 
13722070 32 
13722102 4 
13722106 1 
13722107 8560 
13730667 1286 
13731953 643 
13732596 520 
13733116 2 
13733118 1 
13733119 520 
13733639 2 
13733641 1 
13733642 8560 
13742202 1286 
13743488 643 
13744131 520 
13744651 2 
13744653 1 
13744654 256 
13744910 64 
13744974 16 
13744990 8 
13744998 4 
13745002 2 
13745004 16 
13745020 1 
13745021 16 
13745037 1 
13745038 16 
13745054 1 
13745055 8560 
13753615 1286 
13754901 643 
13755544 520 
13756064 2 
13756066 1 
13756067 78782 
13834849 39391 
13874240 8560 
13882800 2572 
13885372 643 
13886015 256 
13886271 16 
13886287 8 
13886295 2 
13886297 16 
13886313 1 
13886314 64 
13886378 32 
13886410 4 
13886414 1 
13886415 78782 
13965197 39391 
14004588 8560 
14013148 2572 
14015720 643 
14016363 256 
14016619 16 
14016635 8 
14016643 2 
14016645 78782 
14095427 39391 
14134818 8560 
14143378 2572 
14145950 643 
14146593 256 
14146849 16 
14146865 8 
14146873 2 
14146875 256 
14147131 64 
14147195 16 
14147211 8 
14147219 4 
14147223 2 
14147225 520 
14147745 2 
14147747 1 
14147748 8560 
14156308 1286 
14157594 643 
14158237 520 
14158757 2 
14158759 1 
14158760 520 
14159280 2 
14159282 1 
14159283 256 
14159539 64 
14159603 16 
14159619 8 
14159627 4 
14159631 2 
14159633 64 
14159697 32 
14159729 4 
14159733 1 
14159734 64 
14159798 32 
14159830 4 
14159834 1 
14159835 256 
14160091 64 
14160155 16 
14160171 8 
14160179 4 
14160183 2 
14160185 16 
14160201 1 
14160202 8560 
14168762 1286 
14170048 643 
14170691 520 
14171211 2 
14171213 1 
14171214 64 
14171278 32 
14171310 4 
14171314 1 
14171315 16 
14171331 1 
14171332 8560 
14179892 1286 
14181178 643 
14181821 520 
14182341 2 
14182343 1 
14182344 64 
14182408 32 
14182440 4 
14182444 1 
14182445 256 
14182701 64 
14182765 16 
14182781 8 
14182789 4 
14182793 2 
14182795 8560 
14191355 1286 
14192641 643 
14193284 520 
14193804 2 
14193806 1 
14193807 78782 
14272589 39391 
14311980 8560 
14320540 2572 
14323112 643 
14323755 256 
14324011 16 
14324027 8 
14324035 2 
14324037 520 
14324557 2 
14324559 1 
14324560 256 
14324816 64 
14324880 16 
14324896 8 
14324904 4 
14324908 2 
14324910 8560 
14333470 1286 
14334756 643 
14335399 520 
14335919 2 
14335921 1 
14335922 16 
14335938 1 
14335939 7716 
14343655 128 
14343783 32 
14343815 16 
14343831 8 
14343839 16 
14343855 1 
14343856 78782 
14422638 39391 
14462029 8560 
14470589 2572 
14473161 643 
14473804 256 
14474060 16 
14474076 8 
14474084 2 
14474086 8560 
14482646 1286 
14483932 643 
14484575 520 
14485095 2 
14485097 1 
14485098 78782 
14563880 39391 
14603271 8560 
14611831 2572 
14614403 643 
14615046 256 
14615302 16 
14615318 8 
14615326 2 
14615328 64 
14615392 32 
14615424 4 
14615428 1 
14615429 64 
14615493 32 
14615525 4 
14615529 1 
14615530 256 
14615786 64 
14615850 16 
14615866 8 
14615874 4 
14615878 2 
14615880 8560 
14624440 1286 
14625726 643 
14626369 520 
14626889 2 
14626891 1 
14626892 7716 
14634608 128 
14634736 32 
14634768 16 
14634784 8 
14634792 16 
14634808 1 
14634809 16 
14634825 1 
14634826 64 
14634890 32 
14634922 4 
14634926 1 
14634927 7716 
14642643 128 
14642771 32 
14642803 16 
14642819 8 
14642827 520 
14643347 2 
14643349 1 
14643350 78782 
14722132 39391 
14761523 8560 
14770083 2572 
14772655 643 
14773298 256 
14773554 16 
14773570 8 
14773578 2 
14773580 78782 
14852362 39391 
14891753 8560 
14900313 2572 
14902885 643 
14903528 256 
14903784 16 
14903800 8 
14903808 2 
14903810 78782 
14982592 39391 
15021983 8560 
15030543 2572 
15033115 643 
15033758 256 
15034014 16 
15034030 8 
15034038 2 
15034040 7716 
15041756 128 
15041884 32 
15041916 16 
15041932 8 
15041940 256 
15042196 64 
15042260 16 
15042276 8 
15042284 4 
15042288 2 
15042290 64 
15042354 32 
15042386 4 
15042390 1 
15042391 256 
15042647 64 
15042711 16 
15042727 8 
15042735 4 
15042739 2 
15042741 520 
15043261 2 
15043263 1 
15043264 64 
15043328 32 
15043360 4 
15043364 1 
15043365 78782 
15122147 39391 
15161538 8560 
15170098 2572 
15172670 643 
15173313 256 
15173569 16 
15173585 8 
15173593 2 
15173595 8560 
15182155 1286 
15183441 643 
15184084 520 
15184604 2 
15184606 1 
15184607 16 
15184623 1 
15184624 7716 
15192340 128 
15192468 32 
15192500 16 
15192516 8 
15192524 64 
15192588 32 
15192620 4 
15192624 1 
15192625 520 
15193145 2 
15193147 1 
15193148 520 
15193668 2 
15193670 1 
15193671 78782 
15272453 39391 
15311844 8560 
15320404 2572 
15322976 643 
15323619 256 
15323875 16 
15323891 8 
15323899 2 
15323901 78782 
15402683 39391 
15442074 8560 
15450634 2572 
15453206 643 
15453849 256 
15454105 16 
15454121 8 
15454129 2 
15454131 256 
15454387 64 
15454451 16 
15454467 8 
15454475 4 
15454479 2 
15454481 64 
15454545 32 
15454577 4 
15454581 1 
15454582 78782 
15533364 39391 
15572755 8560 
15581315 2572 
15583887 643 
15584530 256 
15584786 16 
15584802 8 
15584810 2 
15584812 520 
15585332 2 
15585334 1 
15585335 64 
15585399 32 
15585431 4 
15585435 1 
15585436 16 
15585452 1 
15585453 64 
15585517 32 
15585549 4 
15585553 1 
15585554 256 
15585810 64 
15585874 16 
15585890 8 
15585898 4 
15585902 2 
15585904 78782 
15664686 39391 
15704077 8560 
15712637 2572 
15715209 643 
15715852 256 
15716108 16 
15716124 8 
15716132 2 
15716134 78782 
15794916 39391 
15834307 8560 
15842867 2572 
15845439 643 
15846082 256 
15846338 16 
15846354 8 
15846362 2 
15846364 64 
15846428 32 
15846460 4 
15846464 1 
15846465 7716 
15854181 128 
15854309 32 
15854341 16 
15854357 8 
15854365 8560 
15862925 1286 
15864211 643 
15864854 520 
15865374 2 
15865376 1 
15865377 16 
15865393 1 
15865394 7716 
15873110 128 
15873238 32 
15873270 16 
15873286 8 
15873294 7716 
15881010 128 
15881138 32 
15881170 16 
15881186 8 
15881194 16 
15881210 1 
15881211 256 
15881467 64 
15881531 16 
15881547 8 
15881555 4 
15881559 2 
15881561 256 
15881817 64 
15881881 16 
15881897 8 
15881905 4 
15881909 2 
15881911 7716 
15889627 128 
15889755 32 
15889787 16 
15889803 8 
15889811 7716 
15897527 128 
15897655 32 
15897687 16 
15897703 8 
15897711 7716 
15905427 128 
15905555 32 
15905587 16 
15905603 8 
15905611 8560 
15914171 1286 
15915457 643 
15916100 520 
15916620 2 
15916622 1 
15916623 7716 
15924339 128 
15924467 32 
15924499 16 
15924515 8 
15924523 78782 
16003305 39391 
16042696 8560 
16051256 2572 
16053828 643 
16054471 256 
16054727 16 
16054743 8 
16054751 2 
16054753 78782 
16133535 39391 
16172926 8560 
16181486 2572 
16184058 643 
16184701 256 
16184957 16 
16184973 8 
16184981 2 
16184983 64 
16185047 32 
16185079 4 
16185083 1 
16185084 64 
16185148 32 
16185180 4 
16185184 1 
16185185 8560 
16193745 1286 
16195031 643 
16195674 520 
16196194 2 
16196196 1 
16196197 520 
16196717 2 
16196719 1 
16196720 256 
16196976 64 
16197040 16 
16197056 8 
16197064 4 
16197068 2 
16197070 7716 
16204786 128 
16204914 32 
16204946 16 
16204962 8 
16204970 520 
16205490 2 
16205492 1 
16205493 520 
16206013 2 
16206015 1 
16206016 78782 
16284798 39391 
16324189 8560 
16332749 2572 
16335321 643 
16335964 256 
16336220 16 
16336236 8 
16336244 2 
16336246 64 
16336310 32 
16336342 4 
16336346 1 
16336347 78782 
16415129 39391 
16454520 8560 
16463080 2572 
16465652 643 
16466295 256 
16466551 16 
16466567 8 
16466575 2 
16466577 520 
16467097 2 
16467099 1 
16467100 256 
16467356 64 
16467420 16 
16467436 8 
16467444 4 
16467448 2 
16467450 8560 
16476010 1286 
16477296 643 
16477939 520 
16478459 2 
16478461 1 
16478462 7716 
16486178 128 
16486306 32 
16486338 16 
16486354 8 
16486362 8560 
16494922 1286 
16496208 643 
16496851 520 
16497371 2 
16497373 1 
16497374 16 
16497390 1 
16497391 8560 
16505951 1286 
16507237 643 
16507880 520 
16508400 2 
16508402 1 
16508403 16 
16508419 1 
16508420 8560 
16516980 1286 
16518266 643 
16518909 520 
16519429 2 
16519431 1 
16519432 520 
16519952 2 
16519954 1 
16519955 256 
16520211 64 
16520275 16 
16520291 8 
16520299 4 
16520303 2 
16520305 520 
16520825 2 
16520827 1 
16520828 8560 
16529388 1286 
16530674 643 
16531317 520 
16531837 2 
16531839 1 
16531840 16 
16531856 1 
16531857 78782 
16610639 39391 
16650030 8560 
16658590 2572 
16661162 643 
16661805 256 
16662061 16 
16662077 8 
16662085 2 
16662087 78782 
16740869 39391 
16780260 8560 
16788820 2572 
16791392 643 
16792035 256 
16792291 16 
16792307 8 
16792315 2 
16792317 256 
16792573 64 
16792637 16 
16792653 8 
16792661 4 
16792665 2 
16792667 520 
16793187 2 
16793189 1 
16793190 16 
16793206 1 
16793207 520 
16793727 2 
16793729 1 
16793730 64 
16793794 32 
16793826 4 
16793830 1 
16793831 256 
16794087 64 
16794151 16 
16794167 8 
16794175 4 
16794179 2 
16794181 7716 
16801897 128 
16802025 32 
16802057 16 
16802073 8 
16802081 64 
16802145 32 
16802177 4 
16802181 1 
16802182 8560 
16810742 1286 
16812028 643 
16812671 520 
16813191 2 
16813193 1 
16813194 256 
16813450 64 
16813514 16 
16813530 8 
16813538 4 
16813542 2 
16813544 78782 
16892326 39391 
16931717 8560 
16940277 2572 
16942849 643 
16943492 256 
16943748 16 
16943764 8 
16943772 2 
16943774 520 
16944294 2 
16944296 1 
16944297 256 
16944553 64 
16944617 16 
16944633 8 
16944641 4 
16944645 2 
16944647 8560 
16953207 1286 
16954493 643 
16955136 520 
16955656 2 
16955658 1 
16955659 78782 
17034441 39391 
17073832 8560 
17082392 2572 
17084964 643 
17085607 256 
17085863 16 
17085879 8 
17085887 2 
17085889 8560 
17094449 1286 
17095735 643 
17096378 520 
17096898 2 
17096900 1 
17096901 16 
17096917 1 
17096918 256 
17097174 64 
17097238 16 
17097254 8 
17097262 4 
17097266 2 
17097268 64 
17097332 32 
17097364 4 
17097368 1 
17097369 16 
17097385 1 
17097386 8560 
17105946 1286 
17107232 643 
17107875 520 
17108395 2 
17108397 1 
17108398 16 
17108414 1 
17108415 16 
17108431 1 
17108432 64 
17108496 32 
17108528 4 
17108532 1 
17108533 16 
17108549 1 
17108550 64 
17108614 32 
17108646 4 
17108650 1 
17108651 256 
17108907 64 
17108971 16 
17108987 8 
17108995 4 
17108999 2 
17109001 7716 
17116717 128 
17116845 32 
17116877 16 
17116893 8 
17116901 16 
17116917 1 
17116918 7716 
17124634 128 
17124762 32 
17124794 16 
17124810 8 
17124818 256 
17125074 64 
17125138 16 
17125154 8 
17125162 4 
17125166 2 
17125168 16 
17125184 1 
17125185 520 
17125705 2 
17125707 1 
17125708 78782 
17204490 39391 
17243881 8560 
17252441 2572 
17255013 643 
17255656 256 
17255912 16 
17255928 8 
17255936 2 
17255938 64 
17256002 32 
17256034 4 
17256038 1 
17256039 16 
17256055 1 
17256056 520 
17256576 2 
17256578 1 
17256579 64 
17256643 32 
17256675 4 
17256679 1 
17256680 256 
17256936 64 
17257000 16 
17257016 8 
17257024 4 
17257028 2 
17257030 64 
17257094 32 
17257126 4 
17257130 1 
17257131 8560 
17265691 1286 
17266977 643 
17267620 520 
17268140 2 
17268142 1 
17268143 78782 
17346925 39391 
17386316 8560 
17394876 2572 
17397448 643 
17398091 256 
17398347 16 
17398363 8 
17398371 2 
17398373 7716 
17406089 128 
17406217 32 
17406249 16 
17406265 8 
17406273 7716 
17413989 128 
17414117 32 
17414149 16 
17414165 8 
17414173 8560 
17422733 1286 
17424019 643 
17424662 520 
17425182 2 
17425184 1 
17425185 256 
17425441 64 
17425505 16 
17425521 8 
17425529 4 
17425533 2 
17425535 8560 
17434095 1286 
17435381 643 
17436024 520 
17436544 2 
17436546 1 
17436547 8560 
17445107 1286 
17446393 643 
17447036 520 
17447556 2 
17447558 1 
17447559 16 
17447575 1 
17447576 16 
17447592 1 
17447593 256 
17447849 64 
17447913 16 
17447929 8 
17447937 4 
17447941 2 
17447943 256 
17448199 64 
17448263 16 
17448279 8 
17448287 4 
17448291 2 
17448293 78782 
17527075 39391 
17566466 8560 
17575026 2572 
17577598 643 
17578241 256 
17578497 16 
17578513 8 
17578521 2 
17578523 64 
17578587 32 
17578619 4 
17578623 1 
17578624 520 
17579144 2 
17579146 1 
17579147 64 
17579211 32 
17579243 4 
17579247 1 
17579248 16 
17579264 1 
17579265 7716 
17586981 128 
17587109 32 
17587141 16 
17587157 8 
17587165 520 
17587685 2 
17587687 1 
17587688 8560 
17596248 1286 
17597534 643 
17598177 520 
17598697 2 
17598699 1 
17598700 64 
17598764 32 
17598796 4 
17598800 1 
17598801 8560 
17607361 1286 
17608647 643 
17609290 520 
17609810 2 
17609812 1 
17609813 64 
17609877 32 
17609909 4 
17609913 1 
17609914 7716 
17617630 128 
17617758 32 
17617790 16 
17617806 8 
17617814 520 
17618334 2 
17618336 1 
17618337 520 
17618857 2 
17618859 1 
17618860 8560 
17627420 1286 
17628706 643 
17629349 520 
17629869 2 
17629871 1 
17629872 256 
17630128 64 
17630192 16 
17630208 8 
17630216 4 
17630220 2 
17630222 16 
17630238 1 
17630239 256 
17630495 64 
17630559 16 
17630575 8 
17630583 4 
17630587 2 
17630589 256 
17630845 64 
17630909 16 
17630925 8 
17630933 4 
17630937 2 
17630939 64 
17631003 32 
17631035 4 
17631039 1 
17631040 78782 
17709822 39391 
17749213 8560 
17757773 2572 
17760345 643 
17760988 256 
17761244 16 
17761260 8 
17761268 2 
17761270 16 
17761286 1 
17761287 520 
17761807 2 
17761809 1 
17761810 7716 
17769526 128 
17769654 32 
17769686 16 
17769702 8 
17769710 8560 
17778270 1286 
17779556 643 
17780199 520 
17780719 2 
17780721 1 
17780722 8560 
17789282 1286 
17790568 643 
17791211 520 
17791731 2 
17791733 1 
17791734 78782 
17870516 39391 
17909907 8560 
17918467 2572 
17921039 643 
17921682 256 
17921938 16 
17921954 8 
17921962 2 
17921964 78782 
18000746 39391 
18040137 8560 
18048697 2572 
18051269 643 
18051912 256 
18052168 16 
18052184 8 
18052192 2 
18052194 64 
18052258 32 
18052290 4 
18052294 1 
18052295 256 
18052551 64 
18052615 16 
18052631 8 
18052639 4 
18052643 2 
18052645 520 
18053165 2 
18053167 1 
18053168 256 
18053424 64 
18053488 16 
18053504 8 
18053512 4 
18053516 2 
18053518 64 
18053582 32 
18053614 4 
18053618 1 
18053619 7716 
18061335 128 
18061463 32 
18061495 16 
18061511 8 
18061519 8560 
18070079 1286 
18071365 643 
18072008 520 
18072528 2 
18072530 1 
18072531 64 
18072595 32 
18072627 4 
18072631 1 
18072632 520 
18073152 2 
18073154 1 
18073155 16 
18073171 1 
18073172 7716 
18080888 128 
18081016 32 
18081048 16 
18081064 8 
18081072 256 
18081328 64 
18081392 16 
18081408 8 
18081416 4 
18081420 2 
18081422 256 
18081678 64 
18081742 16 
18081758 8 
18081766 4 
18081770 2 
18081772 8560 
18090332 1286 
18091618 643 
18092261 520 
18092781 2 
18092783 1 
18092784 78782 
18171566 39391 
18210957 8560 
18219517 2572 
18222089 643 
18222732 256 
18222988 16 
18223004 8 
18223012 2 
18223014 520 
18223534 2 
18223536 1 
18223537 16 
18223553 1 
18223554 16 
18223570 1 
18223571 8560 
18232131 1286 
18233417 643 
18234060 520 
18234580 2 
18234582 1 
18234583 256 
18234839 64 
18234903 16 
18234919 8 
18234927 4 
18234931 2 
18234933 8560 
18243493 1286 
18244779 643 
18245422 520 
18245942 2 
18245944 1 
18245945 16 
18245961 1 
18245962 78782 
18324744 39391 
18364135 8560 
18372695 2572 
18375267 643 
18375910 256 
18376166 16 
18376182 8 
18376190 2 
18376192 256 
18376448 64 
18376512 16 
18376528 8 
18376536 4 
18376540 2 
18376542 256 
18376798 64 
18376862 16 
18376878 8 
18376886 4 
18376890 2 
18376892 16 
18376908 1 
18376909 64 
18376973 32 
18377005 4 
18377009 1 
18377010 16 
18377026 1 
18377027 7716 
18384743 128 
18384871 32 
18384903 16 
18384919 8 
18384927 7716 
18392643 128 
18392771 32 
18392803 16 
18392819 8 
18392827 78782 
18471609 39391 
18511000 8560 
18519560 2572 
18522132 643 
18522775 256 
18523031 16 
18523047 8 
18523055 2 
18523057 64 
18523121 32 
18523153 4 
18523157 1 
18523158 78782 
18601940 39391 
18641331 8560 
18649891 2572 
18652463 643 
18653106 256 
18653362 16 
18653378 8 
18653386 2 
18653388 78782 
18732170 39391 
18771561 8560 
18780121 2572 
18782693 643 
18783336 256 
18783592 16 
18783608 8 
18783616 2 
18783618 16 
18783634 1 
18783635 78782 
18862417 39391 
18901808 8560 
18910368 2572 
18912940 643 
18913583 256 
18913839 16 
18913855 8 
18913863 2 
18913865 16 
18913881 1 
18913882 256 
18914138 64 
18914202 16 
18914218 8 
18914226 4 
18914230 2 
18914232 256 
18914488 64 
18914552 16 
18914568 8 
18914576 4 
18914580 2 
18914582 7716 
18922298 128 
18922426 32 
18922458 16 
18922474 8 
18922482 64 
18922546 32 
18922578 4 
18922582 1 
18922583 8560 
18931143 1286 
18932429 643 
18933072 520 
18933592 2 
18933594 1 
18933595 78782 
19012377 39391 
19051768 8560 
19060328 2572 
19062900 643 
19063543 256 
19063799 16 
19063815 8 
19063823 2 
19063825 520 
19064345 2 
19064347 1 
19064348 256 
19064604 64 
19064668 16 
19064684 8 
19064692 4 
19064696 2 
19064698 8560 
19073258 1286 
19074544 643 
19075187 520 
19075707 2 
19075709 1 
19075710 64 
19075774 32 
19075806 4 
19075810 1 
19075811 78782 
19154593 39391 
19193984 8560 
19202544 2572 
19205116 643 
19205759 256 
19206015 16 
19206031 8 
19206039 2 
19206041 7716 
19213757 128 
19213885 32 
19213917 16 
19213933 8 
19213941 16 
19213957 1 
19213958 520 
19214478 2 
19214480 1 
19214481 64 
19214545 32 
19214577 4 
19214581 1 
19214582 64 
19214646 32 
19214678 4 
19214682 1 
19214683 7716 
19222399 128 
19222527 32 
19222559 16 
19222575 8 
19222583 16 
19222599 1 
19222600 8560 
19231160 1286 
19232446 643 
19233089 520 
19233609 2 
19233611 1 
19233612 78782 
19312394 39391 
19351785 8560 
19360345 2572 
19362917 643 
19363560 256 
19363816 16 
19363832 8 
19363840 2 
19363842 16 
19363858 1 
19363859 256 
19364115 64 
19364179 16 
19364195 8 
19364203 4 
19364207 2 
19364209 8560 
19372769 1286 
19374055 643 
19374698 520 
19375218 2 
19375220 1 
19375221 16 
19375237 1 
19375238 78782 
19454020 39391 
19493411 8560 
19501971 2572 
19504543 643 
19505186 256 
19505442 16 
19505458 8 
19505466 2 
19505468 78782 
19584250 39391 
19623641 8560 
19632201 2572 
19634773 643 
19635416 256 
19635672 16 
19635688 8 
19635696 2 
19635698 8560 
19644258 1286 
19645544 643 
19646187 520 
19646707 2 
19646709 1 
19646710 64 
19646774 32 
19646806 4 
19646810 1 
19646811 16 
19646827 1 
19646828 16 
19646844 1 
19646845 64 
19646909 32 
19646941 4 
19646945 1 
19646946 64 
19647010 32 
19647042 4 
19647046 1 
19647047 256 
19647303 64 
19647367 16 
19647383 8 
19647391 4 
19647395 2 
19647397 64 
19647461 32 
19647493 4 
19647497 1 
19647498 7716 
19655214 128 
19655342 32 
19655374 16 
19655390 8 
19655398 78782 
19734180 39391 
19773571 8560 
19782131 2572 
19784703 643 
19785346 256 
19785602 16 
19785618 8 
19785626 2 
19785628 78782 
19864410 39391 
19903801 8560 
19912361 2572 
19914933 643 
19915576 256 
19915832 16 
19915848 8 
19915856 2 
19915858 78782 
19994640 39391 
20034031 8560 
20042591 2572 
20045163 643 
20045806 256 
20046062 16 
20046078 8 
20046086 2 
20046088 7716 
20053804 128 
20053932 32 
20053964 16 
20053980 8 
20053988 16 
20054004 1 
20054005 7716 
20061721 128 
20061849 32 
20061881 16 
20061897 8 
20061905 64 
20061969 32 
20062001 4 
20062005 1 
20062006 64 
20062070 32 
20062102 4 
20062106 1 
20062107 64 
20062171 32 
20062203 4 
20062207 1 
20062208 16 
20062224 1 
20062225 520 
20062745 2 
20062747 1 
20062748 16 
20062764 1 
20062765 7716 
20070481 128 
20070609 32 
20070641 16 
20070657 8 
20070665 256 
20070921 64 
20070985 16 
20071001 8 
20071009 4 
20071013 2 
20071015 78782 
20149797 39391 
20189188 8560 
20197748 2572 
20200320 643 
20200963 256 
20201219 16 
20201235 8 
20201243 2 
20201245 256 
20201501 64 
20201565 16 
20201581 8 
20201589 4 
20201593 2 
20201595 256 
20201851 64 
20201915 16 
20201931 8 
20201939 4 
20201943 2 
20201945 520 
20202465 2 
20202467 1 
20202468 520 
20202988 2 
20202990 1 
20202991 7716 
20210707 128 
20210835 32 
20210867 16 
20210883 8 
20210891 16 
20210907 1 
20210908 78782 
20289690 39391 
20329081 8560 
20337641 2572 
20340213 643 
20340856 256 
20341112 16 
20341128 8 
20341136 2 
20341138 16 
20341154 1 
20341155 520 
20341675 2 
20341677 1 
20341678 520 
20342198 2 
20342200 1 
20342201 78782 
20420983 39391 
20460374 8560 
20468934 2572 
20471506 643 
20472149 256 
20472405 16 
20472421 8 
20472429 2 
20472431 16 
20472447 1 
20472448 78782 
20551230 39391 
20590621 8560 
20599181 2572 
20601753 643 
20602396 256 
20602652 16 
20602668 8 
20602676 2 
20602678 520 
20603198 2 
20603200 1 
20603201 16 
20603217 1 
20603218 520 
20603738 2 
20603740 1 
20603741 78782 
20682523 39391 
20721914 8560 
20730474 2572 
20733046 643 
20733689 256 
20733945 16 
20733961 8 
20733969 2 
20733971 78782 
20812753 39391 
20852144 8560 
20860704 2572 
20863276 643 
20863919 256 
20864175 16 
20864191 8 
20864199 2 
20864201 256 
20864457 64 
20864521 16 
20864537 8 
20864545 4 
20864549 2 
20864551 520 
20865071 2 
20865073 1 
20865074 7716 
20872790 128 
20872918 32 
20872950 16 
20872966 8 
20872974 256 
20873230 64 
20873294 16 
20873310 8 
20873318 4 
20873322 2 
20873324 78782 
20952106 39391 
20991497 8560 
21000057 2572 
21002629 643 
21003272 256 
21003528 16 
21003544 8 
21003552 2 
21003554 78782 
21082336 39391 
21121727 8560 
21130287 2572 
21132859 643 
21133502 256 
21133758 16 
21133774 8 
21133782 2 
21133784 520 
21134304 2 
21134306 1 
21134307 7716 
21142023 128 
21142151 32 
21142183 16 
21142199 8 
21142207 78782 
21220989 39391 
21260380 8560 
21268940 2572 
21271512 643 
21272155 256 
21272411 16 
21272427 8 
21272435 2 
21272437 256 
21272693 64 
21272757 16 
21272773 8 
21272781 4 
21272785 2 
21272787 256 
21273043 64 
21273107 16 
21273123 8 
21273131 4 
21273135 2 
21273137 16 
21273153 1 
21273154 16 
21273170 1 
21273171 256 
21273427 64 
21273491 16 
21273507 8 
21273515 4 
21273519 2 
21273521 256 
21273777 64 
21273841 16 
21273857 8 
21273865 4 
21273869 2 
21273871 16 
21273887 1 
21273888 7716 
21281604 128 
21281732 32 
21281764 16 
21281780 8 
21281788 78782 
21360570 39391 
21399961 8560 
21408521 2572 
21411093 643 
21411736 256 
21411992 16 
21412008 8 
21412016 2 
21412018 78782 
21490800 39391 
21530191 8560 
21538751 2572 
21541323 643 
21541966 256 
21542222 16 
21542238 8 
21542246 2 
21542248 16 
21542264 1 
21542265 256 
21542521 64 
21542585 16 
21542601 8 
21542609 4 
21542613 2 
21542615 64 
21542679 32 
21542711 4 
21542715 1 
21542716 520 
21543236 2 
21543238 1 
21543239 256 
21543495 64 
21543559 16 
21543575 8 
21543583 4 
21543587 2 
21543589 520 
21544109 2 
21544111 1 
21544112 78782 
21622894 39391 
21662285 8560 
21670845 2572 
21673417 643 
21674060 256 
21674316 16 
21674332 8 
21674340 2 
21674342 64 
21674406 32 
21674438 4 
21674442 1 
21674443 78782 
21753225 39391 
21792616 8560 
21801176 2572 
21803748 643 
21804391 256 
21804647 16 
21804663 8 
21804671 2 
21804673 16 
21804689 1 
21804690 520 
21805210 2 
21805212 1 
21805213 16 
21805229 1 
21805230 16 
21805246 1 
21805247 16 
21805263 1 
21805264 64 
21805328 32 
21805360 4 
21805364 1 
21805365 78782 
21884147 39391 
21923538 8560 
21932098 2572 
21934670 643 
21935313 256 
21935569 16 
21935585 8 
21935593 2 
21935595 8560 
21944155 1286 
21945441 643 
21946084 520 
21946604 2 
21946606 1 
21946607 64 
21946671 32 
21946703 4 
21946707 1 
21946708 16 
21946724 1 
21946725 8560 
21955285 1286 
21956571 643 
21957214 520 
21957734 2 
21957736 1 
21957737 16 
21957753 1 
21957754 16 
21957770 1 
21957771 7716 
21965487 128 
21965615 32 
21965647 16 
21965663 8 
21965671 8560 
21974231 1286 
21975517 643 
21976160 520 
21976680 2 
21976682 1